#  time      cc     z_cbase    z_ctop_avg  z_ctop_max      zi         we   <<ql>>  <<ql>>_max   w_max   tke     ql_max
     60.00 0.000       0.000       0.000       0.000       0.000    0.0002    0.000    0.000    0.191  616.643    0.000
    120.00 0.000       0.000       0.000       0.000       0.000    0.0002    0.000    0.000    0.285  417.134    0.000
    180.00 0.000       0.000       0.000       0.000       0.000    0.0002    0.000    0.000    0.334  300.196    0.000
    240.00 0.000       0.000       0.000       0.000       0.000    0.0002    0.000    0.000    0.303  225.864    0.000
    300.00 0.000       0.000       0.000       0.000       0.000    0.0002    0.000    0.000    0.235  176.626    0.000
    360.00 0.000       0.000       0.000       0.000       0.000    0.0002    0.000    0.000    0.287  143.439    0.000
    420.00 0.000       0.000       0.000       0.000       0.000    0.0002    0.000    0.000    0.322  121.175    0.000
    480.00 0.000       0.000       0.000       0.000       0.000    0.0002    0.000    0.000    0.322  105.780    0.000
    540.00 0.000       0.000       0.000       0.000       0.000    0.0002    0.000    0.000    0.367   93.957    0.000
    600.00 0.000       0.000       0.000       0.000       0.000    0.0002    0.000    0.000    0.389   84.663    0.000
    660.00 0.000       0.000       0.000       0.000       0.000    0.0002    0.000    0.000    0.435   78.088    0.000
    720.00 0.000       0.000       0.000       0.000       0.000    0.0002    0.000    0.000    0.494   73.768    0.000
    780.00 0.000       0.000       0.000       0.000       0.000    0.0002    0.000    0.000    0.511   70.958    0.000
    840.00 0.000       0.000       0.000       0.000       0.000    0.0002    0.000    0.000    0.530   69.173    0.000
    900.00 0.000       0.000       0.000       0.000       0.000    0.0002    0.000    0.000    0.591   67.964    0.000
    960.00 0.000       0.000       0.000       0.000       0.000    0.0002    0.000    0.000    0.664   67.355    0.000
   1020.00 0.000       0.000       0.000       0.000       0.000    0.0002    0.000    0.000    0.703   67.821    0.000
   1080.00 0.000       0.000       0.000       0.000       0.000    0.0002    0.000    0.000    0.744   69.372    0.000
   1140.00 0.000       0.000       0.000       0.000       0.000    0.0002    0.000    0.000    0.783   71.653    0.000
   1200.00 0.000       0.000       0.000       0.000       0.000    0.0002    0.000    0.000    0.892   74.626    0.000
   1260.00 0.000     540.000       0.000     540.000       0.000    0.0002    0.000    0.097    1.017   78.450    0.002
   1320.00 0.001     560.000       0.000     580.000       0.000    0.0002    0.001    1.998    1.091   83.253    0.045
   1380.00 0.006     558.462       0.000     580.000       0.000    0.0002    0.008    5.158    1.207   89.231    0.116
   1440.00 0.015     559.672       8.852     580.000       0.000    0.0002    0.032   13.270    1.410   96.457    0.161
   1500.00 0.027     560.727      10.545     660.000       0.000    0.0002    0.079   24.213    1.644  104.843    0.278
   1560.00 0.042     565.029       9.942     660.000       0.000    0.0002    0.173   37.814    1.807  114.364    0.385
   1620.00 0.059     564.066       7.054     660.000       0.000    0.0002    0.329   65.912    2.356  125.011    0.551
   1680.00 0.074     566.623       1.921     660.000       0.000    0.0002    0.563   99.200    2.542  136.699    0.705
   1740.00 0.094     567.390       5.581     700.000       0.000    0.0002    0.901  129.311    3.250  149.356    0.762
   1800.00 0.110     568.330       7.840     740.000       0.000    0.0002    1.352  162.525    3.719  162.808    0.807
   1860.00 0.123     570.257       3.287     780.000       0.000    0.0002    1.928  208.158    3.437  176.750    0.825
   1920.00 0.138     571.009       5.416     820.000       0.000    0.0002    2.613  237.832    3.670  190.912    0.923
   1980.00 0.153     573.920       6.080     860.000       0.000    0.0002    3.376  310.052    4.085  205.057    0.968
   2040.00 0.165     575.680       1.953    1300.000       0.000    0.0002    4.179  295.039    4.071  218.763    1.054
   2100.00 0.171     581.488       5.494    1300.000       0.000    0.0002    4.946  366.356    4.588  231.586    1.166
   2160.00 0.178     585.589       4.192    1300.000       0.000    0.0002    5.619  382.008    4.807  242.822    1.212
   2220.00 0.186     588.684       6.500    1300.000       0.000    0.0002    6.221  393.024    4.322  252.025    1.218
   2280.00 0.190     593.848       7.876    1340.000       0.000    0.0002    6.686  408.877    4.544  259.163    1.236
   2340.00 0.196     599.377       7.597    1340.000       0.000    0.0002    6.992  424.399    4.128  264.119    1.095
   2400.00 0.198     605.019       7.689    1300.000       0.000    0.0002    7.235  481.513    4.081  266.812    1.078
   2460.00 0.197     603.176       8.809    1380.000       0.000    0.0002    7.298  528.930    5.101  267.392    1.348
   2520.00 0.188     603.139       5.681    1420.000       0.000    0.0002    7.208  528.479    4.535  266.025    1.296
   2580.00 0.189     608.941      11.783    1380.000       0.000    0.0002    6.953  376.551    4.129  262.713    1.134
   2640.00 0.181     612.237       6.011    1460.000       0.000    0.0002    6.663  395.126    4.401  258.523    1.087
   2700.00 0.176     620.334       9.040    1420.000       0.000    0.0002    6.400  429.375    5.066  253.981    1.245
   2760.00 0.174     619.439       6.143    1340.000       0.000    0.0002    6.174  526.234    5.624  248.378    1.359
   2820.00 0.173     626.846       8.147    1460.000       0.000    0.0002    6.016  602.899    6.190  242.206    1.514
   2880.00 0.162     624.692       9.353    1340.000       0.000    0.0002    5.990  673.753    5.963  236.214    1.270
   2940.00 0.159     631.761       7.014    1340.000       0.000    0.0002    5.906  745.665    4.719  230.656    1.360
   3000.00 0.151     634.645       8.484    1460.000       0.000    0.0002    5.785  746.268    6.353  225.665    1.781
   3060.00 0.152     638.684      12.777    1380.000       0.000    0.0002    5.528  744.804    5.416  221.095    1.548
   3120.00 0.146     650.067       8.833    1340.000       0.000    0.0002    5.152  687.082    4.668  216.893    1.255
   3180.00 0.142     651.586       8.483    1460.000       0.000    0.0002    4.695  533.799    4.893  212.801    1.284
   3240.00 0.132     653.653       5.720    1340.000       0.000    0.0002    4.238  516.170    4.586  207.704    1.271
   3300.00 0.129     659.094       6.528    1300.000       0.000    0.0002    3.648  484.281    4.658  201.653    1.539
   3360.00 0.125     657.899      13.346    1340.000       0.000    0.0002    2.978  448.642    4.883  196.310    1.522
   3420.00 0.113     661.472       8.571    1420.000       0.000    0.0002    2.354  348.999    3.460  191.460    1.104
   3480.00 0.107     658.352      11.625    1500.000       0.000    0.0002    1.813  245.205    3.558  187.055    0.976
   3540.00 0.100     638.484       3.814    1460.000       0.000    0.0002    1.461  218.945    3.485  183.970    0.966
   3600.00 0.094     638.333       6.563    1300.000       0.000    0.0002    1.300  185.455    2.822  180.685    0.759
   3660.00 0.093     627.895       3.158    1380.000       0.000    0.0002    1.299  190.138    2.629  177.525    0.683
   3720.00 0.091     633.583       0.000    1460.000       0.000    0.0002    1.358  223.475    3.073  175.808    0.851
   3780.00 0.095     636.573       8.133    1100.000       0.000    0.0002    1.431  217.687    3.305  174.509    0.878
   3840.00 0.093     639.895      10.524    1140.000       0.000    0.0002    1.483  258.575    3.191  173.212    0.838
   3900.00 0.094     625.685      11.525    1300.000       0.000    0.0002    1.550  274.545    3.610  172.781    0.923
   3960.00 0.101     628.252      10.388    1340.000       0.000    0.0002    1.620  276.243    3.014  172.760    0.862
   4020.00 0.103     633.460      15.735    1380.000       0.000    0.0002    1.717  251.336    3.555  172.981    0.938
   4080.00 0.104     626.449       3.178    1460.000       0.000    0.0002    1.810  264.700    4.025  173.960    1.018
   4140.00 0.109     626.112       3.146    1300.000       0.000    0.0002    1.926  272.106    3.795  175.422    0.894
   4200.00 0.109     625.561      12.287    1300.000       0.000    0.0002    2.058  291.607    3.054  177.001    0.966
   4260.00 0.106     620.370       6.005    1300.000       0.000    0.0002    2.242  292.541    3.493  179.226    1.011
   4320.00 0.104     614.635       9.129    1300.000       0.000    0.0002    2.483  391.421    4.217  181.942    1.350
   4380.00 0.103     618.483       8.720    1300.000       0.000    0.0002    2.717  472.864    5.354  184.604    1.672
   4440.00 0.109     619.462       7.937    1380.000       0.000    0.0002    2.959  504.913    4.999  187.380    1.756
   4500.00 0.108     619.910       5.869    1420.000       0.000    0.0002    3.154  441.204    4.180  190.112    1.706
   4560.00 0.112     628.297      12.969    1380.000       0.000    0.0002    3.271  416.469    4.506  192.828    1.189
   4620.00 0.107     631.689       2.831    1420.000       0.000    0.0002    3.383  449.569    4.398  196.266    1.116
   4680.00 0.108     619.093       8.707    1500.000       0.000    0.0002    3.572  461.626    4.253  199.610    1.270
   4740.00 0.110     621.244      13.644    1340.000       0.000    0.0002    3.808  431.101    4.036  202.247    1.201
   4800.00 0.115     622.887       9.979    1380.000       0.000    0.0002    4.011  412.410    4.204  204.852    1.249
   4860.00 0.121     621.288       7.404    1380.000       0.000    0.0002    4.154  354.407    4.172  207.639    1.051
   4920.00 0.124     620.079       9.173    1500.000       0.000    0.0002    4.247  362.660    3.741  210.898    0.976
   4980.00 0.126     626.654       9.284    1380.000       0.000    0.0002    4.320  417.080    4.030  214.345    1.009
   5040.00 0.126     625.946      11.853    1340.000       0.000    0.0002    4.385  466.477    4.193  217.419    1.017
   5100.00 0.129     632.372       9.943    1340.000       0.000    0.0002    4.455  508.523    4.286  220.145    1.078
   5160.00 0.123     621.188       6.059    1380.000       0.000    0.0002    4.555  534.513    4.490  222.974    1.132
   5220.00 0.129     616.205       9.298    1420.000       0.000    0.0002    4.683  508.523    4.719  225.992    1.357
   5280.00 0.131     615.896       8.470    1460.000       0.000    0.0002    4.823  514.477    4.936  228.651    1.513
   5340.00 0.132     615.860       8.429    1420.000       0.000    0.0002    4.989  605.314    5.855  231.123    1.597
   5400.00 0.135     624.252       3.207    1380.000       0.000    0.0002    5.130  673.564    5.920  233.497    1.900
   5460.00 0.135     626.582       5.895    1380.000       0.000    0.0002    5.223  703.487    5.006  234.762    1.479
   5520.00 0.142     627.273       6.449    1460.000       0.000    0.0002    5.191  573.484    4.941  235.651    1.254
   5580.00 0.140     622.504      10.783    1460.000       0.000    0.0002    5.163  420.217    4.384  237.481    1.337
   5640.00 0.145     629.764       8.249    1340.000       0.000    0.0002    5.217  459.033    4.258  239.109    1.338
   5700.00 0.146     629.195       3.523    1300.000       0.000    0.0002    5.277  475.784    4.572  240.204    1.177
   5760.00 0.149     626.809       8.511    1460.000       0.000    0.0002    5.346  465.375    5.006  240.791    1.122
   5820.00 0.146     629.616       5.843    1500.000       0.000    0.0002    5.466  479.286    4.283  241.910    1.138
   5880.00 0.147     630.945       3.416    1420.000       0.000    0.0002    5.570  479.627    4.860  243.682    1.262
   5940.00 0.148     632.475       4.818    1420.000       0.000    0.0002    5.705  542.584    5.349  245.853    1.430
   6000.00 0.143     631.399      11.809    1460.000       0.000    0.0002    5.912  620.220    5.588  248.538    1.515
   6060.00 0.140     635.567       9.878    1460.000       0.000    0.0002    6.173  727.086    6.833  251.560    1.703
   6120.00 0.141     640.936       5.338    1420.000       0.000    0.0002    6.354  789.541    6.735  253.897    2.151
   6180.00 0.142     640.515       7.033    1420.000       0.000    0.0002    6.459  790.341    4.463  255.023    1.421
   6240.00 0.141     640.764       3.090    1380.000       0.000    0.0002    6.485  536.982    5.657  256.818    1.414
   6300.00 0.142     645.818       2.341    1420.000       0.000    0.0002    6.560  560.777    5.490  259.658    1.269
   6360.00 0.140     644.223      10.541    1380.000       0.000    0.0002    6.670  643.007    5.137  261.725    1.502
   6420.00 0.139     647.040       8.511    1420.000       0.000    0.0002    6.978  748.605    5.652  264.265    1.558
   6480.00 0.135     637.278       4.574    1460.000       0.000    0.0002    7.427  748.477    6.563  268.268    1.618
   6540.00 0.136     644.964       4.748    1340.000       0.000    0.0002    7.945  805.638    7.272  273.797    1.601
   6600.00 0.135     643.521       6.062    1380.000       0.000    0.0002    8.608  920.442    7.871  281.861    1.695
   6660.00 0.134     646.011       5.464    1500.000       0.000    0.0002    9.210 1044.592    7.769  291.492    1.884
   6720.00 0.132     656.444       4.630    1460.000       0.000    0.0002    9.587 1073.245    7.113  298.116    2.083
   6780.00 0.130     667.880       4.991    1620.000       0.000    0.0002    9.627 1086.735    6.733  300.252    2.039
   6840.00 0.127     674.846       2.385    1940.000       0.000    0.0002    9.528 1076.777    4.932  301.652    1.723
   6900.00 0.120     665.772       1.098    1940.000       0.000    0.0002    9.280 1033.127    5.680  306.640    1.657
   6960.00 0.121     673.765      10.243    1540.000       0.000    0.0002    9.210  853.314    6.824  314.723    1.770
   7020.00 0.119     666.008       8.971    1500.000       0.000    0.0002    9.289  979.975    7.362  316.904    2.013
   7080.00 0.120     679.187       8.821    1620.000       0.000    0.0002    9.341 1182.463    7.043  316.133    2.030
   7140.00 0.121     687.611      16.478    1940.000       0.000    0.0002    9.372 1318.082    6.814  316.675    2.013
   7200.00 0.119     682.495       8.671    1940.000       0.000    0.0002    9.368 1360.987    6.999  322.031    2.381
   7260.00 0.117     686.667       6.625    1940.000       0.000    0.0002    9.176 1454.345    8.894  325.422    2.491
   7320.00 0.117     695.157       9.854    1940.000       0.000    0.0002    8.668 1539.276    6.465  323.846    2.409
   7380.00 0.116     686.414      13.586    1940.000       0.000    0.0002    8.195 1145.136    5.611  324.668    1.707
   7440.00 0.117     686.167      14.333    1940.000       0.000    0.0002    7.675 1034.778    5.488  327.654    1.444
   7500.00 0.116     684.557      14.304    1620.000       0.000    0.0002    7.274  931.822    6.138  326.248    1.457
   7560.00 0.114     683.419       5.940    1580.000       0.000    0.0002    7.150 1018.594    5.808  321.151    1.507
   7620.00 0.116     694.093      12.574    1580.000       0.000    0.0002    7.088 1059.171    6.019  318.940    1.696
   7680.00 0.122     676.160       3.880    1500.000       0.000    0.0002    6.885 1041.615    5.766  316.628    1.896
   7740.00 0.118     673.196       7.505    1580.000       0.000    0.0002    6.431  997.951    5.588  312.416    1.573
   7800.00 0.116     677.384       7.215    1620.000       0.000    0.0002    5.920 1012.519    5.438  309.358    1.557
   7860.00 0.115     677.421       5.455    1580.000       0.000    0.0002    5.406 1074.633    5.520  307.358    1.816
   7920.00 0.111     667.824      10.857    1580.000       0.000    0.0002    4.969 1099.175    5.763  304.019    1.640
   7980.00 0.111     651.542       4.097    1940.000       0.000    0.0002    4.605  961.711    4.788  300.536    1.523
   8040.00 0.115     653.488       2.537    1540.000       0.000    0.0002    4.557  953.046    5.096  298.695    1.541
   8100.00 0.107     628.273       7.136    1460.000       0.000    0.0002    4.671  960.118    4.924  296.281    1.592
   8160.00 0.109     639.643       8.304    1460.000       0.000    0.0002    4.750  924.481    4.589  293.711    1.673
   8220.00 0.112     636.507       7.162    1460.000       0.000    0.0002    4.817  847.750    4.608  293.521    1.325
   8280.00 0.118     649.731       7.619    1580.000       0.000    0.0002    4.820  777.190    4.901  294.312    1.183
   8340.00 0.122     648.755       4.940    1380.000       0.000    0.0002    4.779  641.347    4.847  293.144    1.262
   8400.00 0.123     652.048       8.270    1460.000       0.000    0.0002    4.662  624.816    5.394  291.562    1.309
   8460.00 0.129     660.379       5.871    1500.000       0.000    0.0002    4.371  590.664    5.904  290.270    1.341
   8520.00 0.128     666.031       4.885    1460.000       0.000    0.0002    3.881  563.936    5.227  287.821    1.330
   8580.00 0.128     661.221      11.145    1460.000       0.000    0.0002    3.371  511.373    3.967  284.641    1.204
   8640.00 0.125     652.109       4.180    1500.000       0.000    0.0002    2.942  326.796    3.696  281.530    0.866
   8700.00 0.121     648.089      12.515    1500.000       0.000    0.0002    2.682  290.230    4.374  279.144    1.040
   8760.00 0.116     637.526       6.751    1540.000       0.000    0.0002    2.563  332.156    4.457  276.790    1.129
   8820.00 0.115     616.674       9.510    1420.000       0.000    0.0002    2.567  356.413    4.121  274.828    0.924
   8880.00 0.116     616.897       7.757    1460.000       0.000    0.0002    2.667  379.798    4.763  273.393    1.135
   8940.00 0.118     622.070       1.118    1460.000       0.000    0.0002    2.788  397.380    5.272  271.734    1.154
   9000.00 0.124     622.362       7.323    1380.000       0.000    0.0002    2.964  497.366    5.555  270.605    1.172
   9060.00 0.127     632.231       6.808    1500.000       0.000    0.0002    3.117  580.554    5.664  270.783    1.178
   9120.00 0.127     636.000       9.038    1420.000       0.000    0.0002    3.212  617.640    5.458  271.238    1.357
   9180.00 0.125     640.117       5.965    1420.000       0.000    0.0002    3.188  649.986    4.987  271.040    1.438
   9240.00 0.120     645.610       5.894    1460.000       0.000    0.0002    3.106  647.987    3.997  270.789    1.381
   9300.00 0.117     650.397       6.388    1420.000       0.000    0.0002    2.958  550.846    4.060  270.596    1.189
   9360.00 0.120     661.298      11.684    1540.000       0.000    0.0002    2.805  431.380    3.736  269.490    1.011
   9420.00 0.115     662.030       7.315    1420.000       0.000    0.0002    2.670  337.063    3.897  267.782    0.931
   9480.00 0.117     651.148       4.134    1380.000       0.000    0.0002    2.569  338.173    4.243  266.895    1.130
   9540.00 0.116     656.730       6.541    1420.000       0.000    0.0002    2.473  347.949    4.591  266.266    1.186
   9600.00 0.114     650.150       7.709    1460.000       0.000    0.0002    2.419  360.975    4.094  265.610    0.956
   9660.00 0.117     635.783       5.010    1300.000       0.000    0.0002    2.393  298.623    3.979  265.099    0.878
   9720.00 0.117     637.297       4.990    1500.000       0.000    0.0002    2.395  372.823    4.060  265.072    0.875
   9780.00 0.121     627.903      10.242    1420.000       0.000    0.0002    2.463  449.463    4.097  266.239    0.953
   9840.00 0.120     632.033       5.976    1420.000       0.000    0.0002    2.567  495.337    4.422  268.228    1.147
   9900.00 0.120     631.102       4.122    1420.000       0.000    0.0002    2.713  507.865    5.087  270.308    1.337
   9960.00 0.119     622.963       4.938    1380.000       0.000    0.0002    2.869  481.000    5.327  272.196    1.263
  10020.00 0.117     619.582       7.850    1380.000       0.000    0.0002    3.076  423.689    5.574  274.045    1.558
  10080.00 0.121     624.453       6.842    1380.000       0.000    0.0002    3.318  498.810    5.986  276.110    1.394
  10140.00 0.118     624.730      12.116    1380.000       0.000    0.0002    3.632  581.055    5.968  278.499    1.322
  10200.00 0.123     621.822       6.535    1340.000       0.000    0.0002    3.919  589.159    5.410  281.039    1.061
  10260.00 0.123     627.366       3.683    1420.000       0.000    0.0002    4.177  509.026    4.776  285.339    1.428
  10320.00 0.124     624.734       7.416    1340.000       0.000    0.0002    4.563  573.434    5.538  291.634    1.499
  10380.00 0.127     626.231       8.115    1420.000       0.000    0.0002    5.084  688.322    6.267  297.911    1.635
  10440.00 0.128     632.672       4.809    1300.000       0.000    0.0002    5.655  695.130    5.744  303.813    1.493
  10500.00 0.128     630.951       7.529    1540.000       0.000    0.0002    6.365  685.967    6.551  310.019    1.502
  10560.00 0.127     631.341       2.529    1460.000       0.000    0.0002    7.106  813.348    5.751  317.355    1.448
  10620.00 0.132     637.959      10.761    1420.000       0.000    0.0002    7.663  750.213    5.241  324.565    1.558
  10680.00 0.134     644.291      11.309    1580.000       0.000    0.0002    8.095  703.251    5.457  331.221    1.428
  10740.00 0.135     645.967      13.418    1620.000       0.000    0.0002    8.535  797.432    6.204  338.123    1.464
  10800.00 0.138     648.956       5.133    1500.000       0.000    0.0002    8.867  929.872    6.237  344.451    1.616
  10860.00 0.145     652.715       8.668    1580.000       0.000    0.0002    9.112  858.890    6.133  349.340    1.528
  10920.00 0.144     648.523       9.711    1500.000       0.000    0.0002    9.267  895.689    5.956  352.799    1.829
  10980.00 0.144     649.085      12.237    1580.000       0.000    0.0002    9.152  783.300    5.289  353.495    1.700
  11040.00 0.148     655.636       4.066    1540.000       0.000    0.0002    8.927  668.686    6.207  355.205    1.650
  11100.00 0.148     652.937      12.046    1580.000       0.000    0.0002    8.590  810.437    6.880  358.065    1.548
  11160.00 0.149     654.220      12.611    1500.000       0.000    0.0002    8.363  955.863    7.266  358.993    1.686
  11220.00 0.146     650.671      14.060    1580.000       0.000    0.0002    8.317 1051.090    7.677  358.238    2.180
  11280.00 0.137     646.572       8.561    1940.000       0.000    0.0002    8.324 1099.118    5.756  358.989    1.755
  11340.00 0.143     652.981       8.313    1540.000       0.000    0.0002    8.173  979.194    6.192  361.240    1.920
  11400.00 0.145     666.050       8.538    1940.000       0.000    0.0002    7.828  787.692    5.508  362.606    1.381
  11460.00 0.136     670.590      11.592    1580.000       0.000    0.0002    7.484  706.078    6.409  362.237    1.454
  11520.00 0.135     675.379       5.993    1500.000       0.000    0.0002    7.188  861.537    7.137  362.413    1.790
  11580.00 0.139     673.451      14.120    1500.000       0.000    0.0002    7.103 1099.703    6.541  362.069    1.921
  11640.00 0.136     684.731       3.405    1460.000       0.000    0.0002    7.136 1032.981    7.242  360.963    1.765
  11700.00 0.140     679.825      11.553    1540.000       0.000    0.0002    7.364 1110.284    6.992  362.016    1.904
  11760.00 0.135     667.623       6.969    1740.000       0.000    0.0002    7.631  977.370    7.408  364.616    1.672
  11820.00 0.135     647.804       5.154    1580.000       0.000    0.0002    7.887  921.238    6.379  368.922    1.725
  11880.00 0.137     652.171       6.655    1620.000       0.000    0.0002    8.219  795.634    5.943  373.048    1.717
  11940.00 0.141     655.633       6.551    1620.000       0.000    0.0002    8.773  905.460    6.498  376.699    1.766
  12000.00 0.141     660.554       5.398    1660.000       0.000    0.0002    9.392  972.679    7.675  383.584    1.808
  12060.00 0.141     657.439      11.246    1540.000       0.000    0.0002   10.000 1094.741    7.745  392.068    2.009
  12120.00 0.145     666.599       6.599    1660.000       0.000    0.0002   10.499 1129.766    7.083  397.646    2.040
  12180.00 0.147     667.720       7.754    1940.000       0.000    0.0002   10.855 1163.316    8.128  403.190    1.924
  12240.00 0.146     671.745       6.812    1940.000       0.000    0.0002   11.120 1211.357    7.141  411.158    2.451
  12300.00 0.146     668.963       4.214    1940.000       0.000    0.0002   11.077 1269.325    6.777  417.318    1.980
  12360.00 0.146     665.067       4.833    1940.000       0.000    0.0002   10.760 1340.043    6.672  421.535    2.333
  12420.00 0.144     680.271      13.627    1940.000       0.000    0.0002    9.930 1293.074    6.812  418.842    2.316
  12480.00 0.142     675.506       8.473    1940.000       0.000    0.0002    9.037 1002.604    5.773  414.408    1.808
  12540.00 0.140     669.145       5.340    1580.000       0.000    0.0002    8.656  700.467    6.726  409.941    1.342
  12600.00 0.143     676.968       3.305    1620.000       0.000    0.0002    8.551  649.644    7.029  404.661    1.267
  12660.00 0.144     685.448      10.186    1620.000       0.000    0.0002    8.872  746.671    5.697  401.220    1.405
  12720.00 0.147     702.056      12.968    1420.000       0.000    0.0002    9.429  728.985    5.932  403.633    1.387
  12780.00 0.145     714.054       6.419    1540.000       0.000    0.0002   10.243  849.941    6.282  414.040    1.554
  12840.00 0.149     725.813       4.992    1580.000       0.000    0.0002   11.096  992.541    7.632  426.812    1.924
  12900.00 0.146     733.836       6.097    1740.000       0.000    0.0002   11.929 1189.043    8.372  436.078    2.253
  12960.00 0.150     737.398       8.813    1940.000       0.000    0.0002   12.420 1426.312    8.320  441.540    2.746
  13020.00 0.148     733.663       9.505    1940.000       0.000    0.0002   12.178 1498.661    8.611  441.942    2.901
  13080.00 0.144     745.695       9.254    1940.000       0.000    0.0002   10.952 1374.370    7.821  437.678    2.676
  13140.00 0.145     734.084       6.319    1940.000       0.000    0.0002    9.153 1365.053    7.321  437.527    2.091
  13200.00 0.136     709.767       8.330    1940.000       0.000    0.0002    7.157 1240.559    7.415  439.111    1.678
  13260.00 0.127     687.206       6.281    1620.000       0.000    0.0002    5.872 1046.935    6.664  426.351    2.088
  13320.00 0.117     670.833      10.667    1940.000       0.000    0.0002    5.266  841.472    5.992  407.008    1.622
  13380.00 0.114     669.185      12.575    1540.000       0.000    0.0002    4.862  750.165    7.644  399.397    1.701
  13440.00 0.113     649.675      11.236    1580.000       0.000    0.0002    4.752  924.626    6.735  398.071    1.581
  13500.00 0.109     643.946       6.457    1420.000       0.000    0.0002    4.715  967.826    6.213  390.810    2.183
  13560.00 0.113     664.224       8.707    1940.000       0.000    0.0002    4.610  955.797    5.713  383.197    2.130
  13620.00 0.114     684.602      15.054    1940.000       0.000    0.0002    4.435  811.958    6.483  380.783    1.788
  13680.00 0.115     684.101       2.748    1580.000       0.000    0.0002    4.267  776.792    5.803  379.999    1.598
  13740.00 0.120     685.963       5.193    1660.000       0.000    0.0002    3.960  693.717    4.801  374.842    1.786
  13800.00 0.119     685.873       6.858    1620.000       0.000    0.0002    3.594  785.974    5.446  367.476    1.301
  13860.00 0.118     684.742      10.062    1540.000       0.000    0.0002    3.265  749.260    6.295  363.278    1.756
  13920.00 0.116     674.423       4.528    1580.000       0.000    0.0002    2.884  572.083    5.469  358.970    1.487
  13980.00 0.120     658.778       7.128    1460.000       0.000    0.0002    2.544  479.057    5.311  354.356    1.326
  14040.00 0.117     652.301       5.188    1540.000       0.000    0.0002    2.383  525.932    5.352  351.914    1.273
  14100.00 0.114     645.408      13.734    1540.000       0.000    0.0002    2.322  460.235    5.631  348.470    1.169
  14160.00 0.120     648.653       8.490    1540.000       0.000    0.0002    2.243  454.028    4.962  343.578    1.260
  14220.00 0.117     645.281       7.484    1500.000       0.000    0.0002    2.138  416.523    4.504  340.861    1.029
  14280.00 0.121     644.323      11.636    1620.000       0.000    0.0002    2.051  273.482    4.641  340.207    0.899
  14340.00 0.114     650.472       1.245    1540.000       0.000    0.0002    2.067  309.483    4.396  339.385    0.861
  14400.00 0.118     641.411       2.573    1540.000       0.000    0.0002    2.195  308.946    4.014  338.734    1.013
  14460.00 0.116     636.017       7.002    1380.000       0.000    0.0002    2.354  268.847    4.218  338.617    1.212
  14520.00 0.119     642.004      15.174    1380.000       0.000    0.0002    2.511  327.898    4.418  337.737    1.273
  14580.00 0.127     646.385      14.038    1500.000       0.000    0.0002    2.658  372.127    4.270  336.942    1.252
  14640.00 0.128     644.762       4.724    1460.000       0.000    0.0002    2.882  369.128    4.461  338.112    1.192
  14700.00 0.126     634.517       7.259    1540.000       0.000    0.0002    3.164  416.940    5.946  340.628    1.494
  14760.00 0.127     636.858       5.057    1460.000       0.000    0.0002    3.458  518.385    6.901  342.598    1.333
  14820.00 0.136     645.063       5.637    1500.000       0.000    0.0002    3.742  719.082    6.954  343.792    1.459
  14880.00 0.141     642.491       5.433    1500.000       0.000    0.0002    4.028  860.315    6.071  345.985    1.606
  14940.00 0.142     645.729       7.581    1540.000       0.000    0.0002    4.370  794.661    6.844  348.929    1.663
  15000.00 0.144     646.418       8.251    1380.000       0.000    0.0002    4.654  823.582    7.341  351.327    1.882
  15060.00 0.145     647.160       2.924    1460.000       0.000    0.0002    4.764  730.582    6.468  353.331    1.607
  15120.00 0.144     649.066       6.316    1500.000       0.000    0.0002    4.811  591.268    5.374  356.041    1.588
  15180.00 0.151     653.517      10.308    1460.000       0.000    0.0002    4.848  466.016    5.454  356.697    1.262
  15240.00 0.149     646.732       4.379    1460.000       0.000    0.0002    4.898  514.218    5.745  356.811    1.251
  15300.00 0.151     655.397       9.011    1460.000       0.000    0.0002    5.054  533.343    5.956  359.842    1.390
  15360.00 0.150     662.345       7.459    1460.000       0.000    0.0002    5.278  527.766    6.594  363.748    1.480
  15420.00 0.149     668.342       8.670    1460.000       0.000    0.0002    5.415  620.106    6.793  365.600    1.268
  15480.00 0.149     669.085       8.268    1420.000       0.000    0.0002    5.501  574.144    5.487  367.123    1.354
  15540.00 0.151     678.835       3.528    1380.000       0.000    0.0002    5.614  632.628    6.261  370.421    1.248
  15600.00 0.158     683.344       5.851    1500.000       0.000    0.0002    5.605  560.985    6.207  372.415    1.334
  15660.00 0.155     685.300      14.543    1420.000       0.000    0.0002    5.441  455.507    5.549  371.700    1.235
  15720.00 0.155     684.479       6.877    1420.000       0.000    0.0002    5.276  358.418    5.422  372.866    1.241
  15780.00 0.153     677.325       5.255    1420.000       0.000    0.0002    5.168  391.341    5.396  375.993    1.279
  15840.00 0.151     680.937      10.792    1500.000       0.000    0.0002    5.129  405.476    5.455  376.859    1.276
  15900.00 0.153     669.045      11.274    1380.000       0.000    0.0002    5.147  417.143    5.356  376.849    1.344
  15960.00 0.149     677.414      11.129    1460.000       0.000    0.0002    5.163  451.919    5.875  377.124    1.408
  16020.00 0.147     681.063      16.080    1500.000       0.000    0.0002    5.108  526.356    5.842  376.584    1.348
  16080.00 0.147     682.829       8.386    1580.000       0.000    0.0002    5.026  556.711    5.950  376.666    1.548
  16140.00 0.145     679.160       8.706    1420.000       0.000    0.0002    4.932  675.655    7.222  379.585    1.729
  16200.00 0.148     674.498       3.591    1380.000       0.000    0.0002    4.955  907.923    6.909  383.196    1.648
  16260.00 0.143     665.256       7.952    1420.000       0.000    0.0002    5.144  938.398    7.551  385.768    1.901
  16320.00 0.142     664.269       9.191    1420.000       0.000    0.0002    5.440 1085.647    7.252  389.498    1.769
  16380.00 0.131     661.194       3.843    1580.000       0.000    0.0002    5.831 1122.987    8.203  396.023    2.180
  16440.00 0.134     667.313       8.263    1940.000       0.000    0.0002    6.141 1102.102    8.720  400.426    2.315
  16500.00 0.129     663.396       3.849    1940.000       0.000    0.0002    6.225 1041.456    8.754  400.117    2.122
  16560.00 0.133     667.661       9.724    1940.000       0.000    0.0002    6.096  967.171    7.916  400.002    1.809
  16620.00 0.130     671.236       7.566    1940.000       0.000    0.0002    5.961  756.497    5.155  399.987    1.488
  16680.00 0.138     683.150       9.027    1540.000       0.000    0.0002    5.847  543.469    5.714  398.202    1.692
  16740.00 0.142     686.621       6.141    1460.000       0.000    0.0002    5.767  575.149    5.471  395.948    1.661
  16800.00 0.149     694.444       4.706    1500.000       0.000    0.0002    5.644  478.904    5.710  394.853    1.421
  16860.00 0.150     687.015      10.767    1540.000       0.000    0.0002    5.745  513.873    5.991  395.339    1.531
  16920.00 0.152     686.517       7.416    1540.000       0.000    0.0002    5.849  464.908    5.374  396.807    1.303
  16980.00 0.155     689.245       7.233    1540.000       0.000    0.0002    5.851  390.460    5.403  397.236    1.360
  17040.00 0.161     698.970       9.061    1500.000       0.000    0.0002    5.733  409.862    6.306  395.069    1.389
  17100.00 0.161     707.988       7.201    1540.000       0.000    0.0002    5.642  487.057    5.916  392.617    1.356
  17160.00 0.158     706.935       8.762    1500.000       0.000    0.0002    5.492  500.686    6.310  392.561    1.336
  17220.00 0.163     700.538       4.903    1460.000       0.000    0.0002    5.310  501.015    5.952  394.141    1.269
  17280.00 0.156     693.302       8.889    1500.000       0.000    0.0002    5.243  546.472    7.293  394.273    1.361
  17340.00 0.157     692.186      11.473    1540.000       0.000    0.0002    5.237  603.970    6.496  392.546    1.386
  17400.00 0.160     687.439       5.549    1500.000       0.000    0.0002    5.240  638.990    6.237  391.086    1.303
  17460.00 0.163     685.766      13.994    1580.000       0.000    0.0002    5.131  575.534    5.932  390.747    1.575
  17520.00 0.161     689.394       7.121    1540.000       0.000    0.0002    4.855  588.677    5.288  389.847    1.508
  17580.00 0.152     686.026       6.763    1460.000       0.000    0.0002    4.528  503.935    5.469  387.897    1.348
  17640.00 0.151     671.502       3.199    1500.000       0.000    0.0002    4.315  336.612    5.356  386.437    1.256
  17700.00 0.150     673.766       7.143    1460.000       0.000    0.0002    4.213  383.818    4.998  385.328    1.167
  17760.00 0.154     680.986      11.351    1580.000       0.000    0.0002    4.088  378.225    4.686  384.120    1.185
  17820.00 0.155     679.686       5.000    1540.000       0.000    0.0002    3.958  366.174    5.834  383.305    1.313
  17880.00 0.156     684.914       7.261    1540.000       0.000    0.0002    3.862  424.078    5.929  382.577    1.196
  17940.00 0.155     683.949       8.152    1460.000       0.000    0.0002    3.798  472.928    6.522  382.531    1.532
  18000.00 0.155     683.760      10.174    1420.000       0.000    0.0002    3.850  515.149    6.745  384.042    1.609
  18060.00 0.154     680.570       9.873    1580.000       0.000    0.0002    4.046  609.445    7.028  384.642    1.571
  18120.00 0.153     670.799       7.093    1460.000       0.000    0.0002    4.233  623.994    6.566  382.504    1.546
  18180.00 0.151     668.947       5.024    1460.000       0.000    0.0002    4.389  542.199    6.052  381.440    1.500
  18240.00 0.150     677.431       3.935    1500.000       0.000    0.0002    4.466  610.020    5.429  383.297    1.285
  18300.00 0.149     678.366      10.980    1340.000       0.000    0.0002    4.585  603.875    5.116  384.330    1.466
  18360.00 0.156     680.471       6.217    1420.000       0.000    0.0002    4.681  619.717    5.874  384.313    1.726
  18420.00 0.154     687.599       6.169    1500.000       0.000    0.0002    4.786  511.225    5.878  385.289    1.471
  18480.00 0.154     681.778       9.429    1500.000       0.000    0.0002    4.929  470.547    5.721  386.608    1.317
  18540.00 0.149     684.197       8.393    1580.000       0.000    0.0002    5.043  530.415    6.689  387.781    1.612
  18600.00 0.152     679.743       3.859    1460.000       0.000    0.0002    5.275  637.395    7.924  390.546    1.749
  18660.00 0.153     687.008       5.472    1420.000       0.000    0.0002    5.472  739.584    7.241  393.791    1.607
  18720.00 0.149     698.623       3.311    1700.000       0.000    0.0002    5.549  745.920    6.442  394.904    1.511
  18780.00 0.147     699.868      10.430    1540.000       0.000    0.0002    5.489  689.663    6.054  395.802    1.557
  18840.00 0.149     696.716      15.369    1620.000       0.000    0.0002    5.305  559.679    6.795  397.430    1.597
  18900.00 0.141     692.332       7.185    1620.000       0.000    0.0002    5.142  664.259    6.815  396.885    1.675
  18960.00 0.140     700.070      10.017    1580.000       0.000    0.0002    4.980  676.697    6.928  394.822    1.776
  19020.00 0.142     685.935       7.822    1540.000       0.000    0.0002    4.988  633.844    6.849  393.034    1.859
  19080.00 0.143     683.646       8.961    1540.000       0.000    0.0002    5.048  805.046    7.658  392.912    1.797
  19140.00 0.142     688.679      10.497    1460.000       0.000    0.0002    4.947  900.353    8.404  393.476    1.973
  19200.00 0.147     684.160       6.023    1580.000       0.000    0.0002    4.863 1069.307    7.740  392.609    1.998
  19260.00 0.145     685.835      11.906    1940.000       0.000    0.0002    4.722  872.241    5.648  389.804    1.818
  19320.00 0.143     685.822       7.397    1540.000       0.000    0.0002    4.733  858.561    5.525  391.261    1.645
  19380.00 0.141     677.222       7.188    1660.000       0.000    0.0002    4.771  652.626    6.595  395.825    1.459
  19440.00 0.146     681.003       5.318    1500.000       0.000    0.0002    4.837  636.853    7.262  396.962    1.662
  19500.00 0.146     679.267       4.200    1380.000       0.000    0.0002    5.076  831.431    7.086  395.405    1.830
  19560.00 0.148     685.677       5.545    1500.000       0.000    0.0002    5.157  761.456    6.021  393.869    1.541
  19620.00 0.154     688.490      13.068    1540.000       0.000    0.0002    5.021  569.017    6.416  393.636    1.313
  19680.00 0.150     704.568      11.582    1620.000       0.000    0.0002    4.815  590.583    6.620  393.774    1.374
  19740.00 0.149     694.417       6.831    1540.000       0.000    0.0002    4.725  588.974    6.328  395.290    1.428
  19800.00 0.149     698.557       3.311    1540.000       0.000    0.0002    4.813  542.138    6.419  397.061    1.636
  19860.00 0.148     700.264       4.554    1540.000       0.000    0.0002    4.926  608.583    6.928  398.455    1.592
  19920.00 0.155     699.054       5.647    1500.000       0.000    0.0002    5.095  604.466    5.660  398.823    1.357
  19980.00 0.154     705.705       7.132    1540.000       0.000    0.0002    5.350  456.531    6.224  399.365    1.487
  20040.00 0.158     709.553       7.581    1540.000       0.000    0.0002    5.642  500.273    6.548  403.085    1.484
  20100.00 0.157     703.173       4.012    1380.000       0.000    0.0002    5.940  611.684    6.872  407.812    1.637
  20160.00 0.155     705.615       5.647    1460.000       0.000    0.0002    6.112  755.870    6.574  409.521    1.777
  20220.00 0.156     710.094       5.705    1540.000       0.000    0.0002    6.106  777.132    5.497  409.150    1.712
  20280.00 0.153     707.643      10.860    1580.000       0.000    0.0002    5.937  640.353    5.498  409.170    1.511
  20340.00 0.160     706.768       3.628    1460.000       0.000    0.0002    5.695  585.197    4.671  409.423    1.380
  20400.00 0.161     707.818       7.697    1580.000       0.000    0.0002    5.566  380.412    5.150  410.142    1.213
  20460.00 0.155     710.047       9.163    1500.000       0.000    0.0002    5.541  278.705    4.947  410.929    1.237
  20520.00 0.168     716.186       8.268    1500.000       0.000    0.0002    5.595  293.405    4.980  411.214    1.196
  20580.00 0.163     713.991       5.471    1420.000       0.000    0.0002    5.728  426.625    6.379  411.700    1.449
  20640.00 0.166     715.529       7.647    1500.000       0.000    0.0002    5.830  557.622    6.998  414.914    1.595
  20700.00 0.160     711.707       8.963    1540.000       0.000    0.0002    5.849  593.170    6.858  418.633    1.624
  20760.00 0.157     713.540       9.658    1460.000       0.000    0.0002    5.680  564.387    6.547  418.151    1.655
  20820.00 0.153     719.936       9.331    1540.000       0.000    0.0002    5.299  560.825    7.405  415.419    1.531
  20880.00 0.154     718.824       7.599    1540.000       0.000    0.0002    4.812  558.371    5.612  413.382    1.378
  20940.00 0.151     708.882       4.797    1540.000       0.000    0.0002    4.357  466.315    5.408  411.739    1.192
  21000.00 0.141     694.385       6.586    1460.000       0.000    0.0002    4.260  521.216    5.111  410.890    1.257
  21060.00 0.142     691.753      11.306    1460.000       0.000    0.0002    4.473  554.155    5.703  410.291    1.349
  21120.00 0.142     692.384       7.993    1500.000       0.000    0.0002    4.842  459.878    5.660  410.528    1.287
  21180.00 0.150     689.560       9.168    1460.000       0.000    0.0002    5.278  402.142    5.548  412.586    1.359
  21240.00 0.152     690.128       9.615    1460.000       0.000    0.0002    5.747  541.074    6.519  417.163    1.548
  21300.00 0.155     698.173       5.984    1380.000       0.000    0.0002    6.217  608.133    6.042  424.046    1.514
  21360.00 0.156     707.063       5.688    1460.000       0.000    0.0002    6.717  583.552    7.352  432.167    1.681
  21420.00 0.158     714.792       7.797    1460.000       0.000    0.0002    7.195  747.147    8.785  439.713    1.856
  21480.00 0.162     723.590       7.753    1540.000       0.000    0.0002    7.672  932.927    8.538  445.052    2.084
  21540.00 0.163     712.654       8.276    1460.000       0.000    0.0002    7.891  859.727    9.256  447.258    2.217
  21600.00 0.161     716.242       9.515    1940.000       0.000    0.0002    7.874  837.227    6.860  448.502    1.698
  21660.00 0.165     716.095       8.905    1580.000       0.000    0.0002    7.727  693.856    7.337  452.608    1.766
  21720.00 0.165     719.231       7.811    1540.000       0.000    0.0002    7.679  703.407    6.613  458.218    1.753
  21780.00 0.165     715.621      11.805    1500.000       0.000    0.0002    7.512  619.870    7.635  459.728    1.959
  21840.00 0.164     717.910       7.612    1540.000       0.000    0.0002    7.338  650.986    6.651  459.033    1.557
  21900.00 0.167     715.484       6.804    1660.000       0.000    0.0002    7.039  618.003    6.712  458.018    1.689
  21960.00 0.168     715.349       2.994    1580.000       0.000    0.0002    6.759  491.231    6.422  456.050    1.522
  22020.00 0.169     715.101      11.902    1580.000       0.000    0.0002    6.492  461.730    5.536  453.263    1.291
  22080.00 0.167     712.610       6.745    1540.000       0.000    0.0002    6.346  475.318    5.679  452.287    1.321
  22140.00 0.168     717.293       7.424    1500.000       0.000    0.0002    6.184  491.065    5.193  452.304    1.222
  22200.00 0.174     721.431       8.050    1460.000       0.000    0.0002    6.094  500.325    5.956  451.441    1.443
  22260.00 0.166     717.739       9.574    1660.000       0.000    0.0002    6.116  495.568    6.602  451.053    1.464
  22320.00 0.169     727.821      10.476    1540.000       0.000    0.0002    6.213  628.588    7.285  451.104    1.513
  22380.00 0.164     731.821      12.866    1500.000       0.000    0.0002    6.206  719.524    7.315  450.145    1.843
  22440.00 0.157     721.059       3.832    1500.000       0.000    0.0002    5.951  707.787    6.482  447.986    1.795
  22500.00 0.164     722.942       4.755    1540.000       0.000    0.0002    5.583  583.431    5.748  445.193    1.512
  22560.00 0.157     723.292      10.311    1580.000       0.000    0.0002    5.293  462.615    5.683  444.364    1.306
  22620.00 0.159     715.569       7.723    1500.000       0.000    0.0002    5.134  481.012    5.524  446.039    1.394
  22680.00 0.156     706.375       8.219    1460.000       0.000    0.0002    5.230  550.985    6.580  446.734    1.491
  22740.00 0.154     706.582       7.500    1580.000       0.000    0.0002    5.486  536.418    6.104  446.174    1.476
  22800.00 0.150     707.830      10.636    1580.000       0.000    0.0002    5.921  578.611    6.152  447.217    1.377
  22860.00 0.147     711.410      12.073    1540.000       0.000    0.0002    6.316  651.161    7.073  450.193    1.616
  22920.00 0.147     706.093       3.079    1500.000       0.000    0.0002    6.469  799.663    8.306  453.131    1.819
  22980.00 0.150     709.106       8.846    1580.000       0.000    0.0002    6.483  817.200    8.596  456.570    1.963
  23040.00 0.151     700.000       3.328    1580.000       0.000    0.0002    6.470  721.633    7.707  458.510    1.940
  23100.00 0.152     689.068       9.389    1940.000       0.000    0.0002    6.496  685.564    6.443  458.092    1.860
  23160.00 0.150     702.675       2.741    1500.000       0.000    0.0002    6.617  693.205    6.372  460.085    1.544
  23220.00 0.155     701.258       3.742    1580.000       0.000    0.0002    6.700  865.152    7.253  464.173    1.768
  23280.00 0.151     716.078       7.391    1500.000       0.000    0.0002    6.931 1003.660    7.784  468.023    2.156
  23340.00 0.155     720.535      11.055    1940.000       0.000    0.0002    7.191 1012.040    7.601  469.662    2.279
  23400.00 0.151     718.288       8.627    1940.000       0.000    0.0002    7.174  854.390    8.228  469.528    2.079
  23460.00 0.153     713.248       9.344    1940.000       0.000    0.0002    7.039  848.386    6.523  474.117    1.578
  23520.00 0.150     714.919      10.065    1940.000       0.000    0.0002    7.151  787.577    7.872  479.355    1.691
  23580.00 0.150     725.057       6.721    1540.000       0.000    0.0002    7.315  856.566    9.031  479.064    2.064
  23640.00 0.155     726.415       7.138    1940.000       0.000    0.0002    7.395  801.169    8.386  478.805    1.883
  23700.00 0.160     738.415       2.256    1940.000       0.000    0.0002    7.287  751.483    7.147  480.635    1.971
  23760.00 0.158     736.723       6.430    1940.000       0.000    0.0002    7.108  628.252    6.727  483.309    1.626
  23820.00 0.161     743.758       9.909    1540.000       0.000    0.0002    6.864  650.724    6.864  485.549    1.804
  23880.00 0.159     744.608      11.152    1580.000       0.000    0.0002    6.784  642.461    8.161  486.602    1.852
  23940.00 0.158     756.594       8.762    1740.000       0.000    0.0002    6.886  780.645    8.341  488.132    2.108
  24000.00 0.154     741.203       5.158    1940.000       0.000    0.0002    7.046  777.721    7.440  489.567    1.950
  24060.00 0.151     743.371       5.316    1940.000       0.000    0.0002    7.278  659.236    6.460  492.059    1.646
  24120.00 0.157     745.404       8.665    1660.000       0.000    0.0002    7.374  421.168    5.667  496.429    1.386
  24180.00 0.156     753.938       3.469    1620.000       0.000    0.0002    7.556  427.876    6.064  502.217    1.452
  24240.00 0.162     747.229       8.373    1540.000       0.000    0.0002    7.980  563.560    6.889  508.218    1.668
  24300.00 0.161     742.061      10.152    1420.000       0.000    0.0002    8.492  695.302    7.013  513.162    1.791
  24360.00 0.164     739.403      10.030    1540.000       0.000    0.0002    8.846  788.262    7.938  517.417    2.030
  24420.00 0.161     741.824       5.380    1940.000       0.000    0.0002    9.186  807.855    6.928  522.315    2.350
  24480.00 0.160     734.399       6.545    2020.000       0.000    0.0002    9.371  797.020    8.099  526.944    2.216
  24540.00 0.159     739.140       6.114    1980.000       0.000    0.0002    9.356  831.334    7.410  533.547    1.912
  24600.00 0.161     742.185       9.135    1940.000       0.000    0.0002    9.268  797.710    6.851  538.456    1.731
  24660.00 0.159     743.681      10.460    1620.000       0.000    0.0002    9.128  724.817    7.875  536.326    1.694
  24720.00 0.163     754.453       5.817    1620.000       0.000    0.0002    8.965  913.692    7.869  532.889    1.614
  24780.00 0.158     759.476       8.783    1620.000       0.000    0.0002    8.689  830.418    6.917  529.953    1.865
  24840.00 0.158     751.827       9.721    1940.000       0.000    0.0002    8.295  763.100    7.303  525.814    1.852
  24900.00 0.151     761.613      12.323    1500.000       0.000    0.0002    7.771  827.032    8.408  522.904    1.671
  24960.00 0.149     763.738       7.148    1540.000       0.000    0.0002    7.307  744.127    7.464  521.388    1.839
  25020.00 0.145     774.469      11.568    1620.000       0.000    0.0002    7.003  902.693    7.693  516.664    1.928
  25080.00 0.141     762.847       8.750    1580.000       0.000    0.0002    6.639  850.623    7.712  505.957    1.876
  25140.00 0.151     763.097       9.194    1620.000       0.000    0.0002    5.851  709.407    6.020  495.348    1.605
  25200.00 0.146     751.067       7.767    1540.000       0.000    0.0002    4.871  525.112    5.846  489.575    1.264
  25260.00 0.149     746.820       9.049    1540.000       0.000    0.0002    3.949  376.689    5.243  484.189    1.290
  25320.00 0.146     743.144       8.395    1580.000       0.000    0.0002    3.320  324.255    4.956  476.051    1.137
  25380.00 0.150     728.377       8.766    1540.000       0.000    0.0002    2.995  304.562    5.081  466.823    1.093
  25440.00 0.145     715.421       5.185    1580.000       0.000    0.0002    2.832  236.931    5.204  458.766    1.086
  25500.00 0.144     706.847      11.559    1700.000       0.000    0.0002    2.696  250.438    4.990  453.363    1.076
  25560.00 0.143     722.760       7.939    1620.000       0.000    0.0002    2.565  276.968    4.870  450.063    1.000
  25620.00 0.136     719.355      12.007    1620.000       0.000    0.0002    2.542  232.478    5.587  447.537    1.149
  25680.00 0.133     707.059       3.787    1540.000       0.000    0.0002    2.594  207.503    4.766  444.874    1.058
  25740.00 0.134     701.170      10.786    1580.000       0.000    0.0002    2.710  215.247    4.440  442.944    1.006
  25800.00 0.138     709.541       4.134    1580.000       0.000    0.0002    2.853  199.887    4.081  440.820    1.057
  25860.00 0.137     708.714       8.286    1380.000       0.000    0.0002    3.053  226.059    4.715  438.096    1.178
  25920.00 0.130     709.474       7.030    1500.000       0.000    0.0002    3.266  259.866    5.497  437.579    1.299
  25980.00 0.130     705.993      10.300    1380.000       0.000    0.0002    3.507  330.255    5.050  438.753    1.208
  26040.00 0.136     709.712       6.978    1420.000       0.000    0.0002    3.752  378.316    4.744  439.209    1.212
  26100.00 0.135     717.288       6.148    1420.000       0.000    0.0002    3.969  392.176    5.120  439.010    1.279
  26160.00 0.139     708.056       4.694    1420.000       0.000    0.0002    4.077  396.026    5.730  438.861    1.318
  26220.00 0.138     711.802      11.555    1460.000       0.000    0.0002    4.097  439.708    5.606  438.383    1.318
  26280.00 0.137     724.171      11.907    1460.000       0.000    0.0002    4.012  408.037    5.090  436.900    1.282
  26340.00 0.141     725.442       5.130    1500.000       0.000    0.0002    3.753  389.133    4.593  435.218    1.329
  26400.00 0.142     716.495      14.467    1500.000       0.000    0.0002    3.399  263.836    4.572  433.881    1.297
  26460.00 0.142     724.399      11.031    1460.000       0.000    0.0002    2.971  184.740    3.623  431.096    0.902
  26520.00 0.139     727.040       8.967    1500.000       0.000    0.0002    2.621  228.487    4.217  427.822    1.066
  26580.00 0.137     717.143       4.357    1540.000       0.000    0.0002    2.494  245.770    4.742  426.582    1.038
  26640.00 0.127     709.367      14.088    1460.000       0.000    0.0002    2.525  312.511    4.187  426.584    1.037
  26700.00 0.129     710.095       5.123    1460.000       0.000    0.0002    2.726  319.478    4.878  426.095    1.134
  26760.00 0.131     704.610       8.550    1540.000       0.000    0.0002    3.020  304.144    5.547  425.619    1.309
  26820.00 0.124     703.780       6.890    1500.000       0.000    0.0002    3.240  373.511    5.854  426.992    1.361
  26880.00 0.127     706.833       8.676    1420.000       0.000    0.0002    3.487  405.797    5.946  429.180    1.405
  26940.00 0.131     708.449       6.617    1500.000       0.000    0.0002    3.689  497.443    6.066  431.404    1.458
  27000.00 0.138     716.212       6.336    1580.000       0.000    0.0002    3.961  597.508    8.144  434.723    1.682
  27060.00 0.138     717.982       2.265    1580.000       0.000    0.0002    4.197  708.867    7.954  438.170    1.697
  27120.00 0.134     711.920       6.910    1540.000       0.000    0.0002    4.418  905.028    8.259  440.011    1.843
  27180.00 0.137     706.607       9.734    1940.000       0.000    0.0002    4.574  917.240    6.696  440.263    1.742
  27240.00 0.138     710.690       3.469    1540.000       0.000    0.0002    4.810  578.931    5.451  443.631    1.306
  27300.00 0.141     714.784      13.437    1500.000       0.000    0.0002    5.164  448.615    6.142  450.425    1.590
  27360.00 0.145     713.513      10.185    1500.000       0.000    0.0002    5.796  488.798    6.938  456.604    1.658
  27420.00 0.145     723.378       8.986    1620.000       0.000    0.0002    6.560  570.914    6.742  463.616    1.427
  27480.00 0.152     727.331       5.884    1500.000       0.000    0.0002    7.375  525.047    7.070  474.038    1.733
  27540.00 0.153     734.450       8.230    1620.000       0.000    0.0002    8.061  667.125    7.186  485.288    1.850
  27600.00 0.160     744.505      11.629    1580.000       0.000    0.0002    8.580  730.002    7.574  494.776    1.882
  27660.00 0.164     747.332       7.213    1540.000       0.000    0.0002    8.912  926.696    7.043  502.325    2.129
  27720.00 0.169     748.683       8.162    1940.000       0.000    0.0002    9.002  974.102    6.989  505.274    1.948
  27780.00 0.171     744.629       5.571    1940.000       0.000    0.0002    8.829  829.195    5.648  506.738    1.852
  27840.00 0.179     735.973      10.422    1500.000       0.000    0.0002    8.545  632.880    5.816  510.580    1.541
  27900.00 0.187     730.995      12.435    1580.000       0.000    0.0002    8.161  580.674    5.834  513.230    1.447
  27960.00 0.192     736.081      11.883    1620.000       0.000    0.0002    7.952  589.854    7.061  511.927    1.622
  28020.00 0.190     729.498       9.163    1580.000       0.000    0.0002    7.954  639.092    7.198  509.950    1.664
  28080.00 0.192     739.338      12.841    1620.000       0.000    0.0002    8.255  783.576    7.351  511.690    1.699
  28140.00 0.194     738.342      11.332    1660.000       0.000    0.0002    8.691  737.244    7.974  517.710    1.785
  28200.00 0.198     733.342      13.490    1580.000       0.000    0.0002    9.290  783.791    8.008  525.579    1.939
  28260.00 0.193     739.038       4.177    1660.000       0.000    0.0002    9.915  920.466    8.081  533.618    1.944
  28320.00 0.194     744.893       5.851    1940.000       0.000    0.0002   10.734  832.006    8.039  544.857    1.895
  28380.00 0.195     764.400       9.275    1620.000       0.000    0.0002   11.563  944.397    8.984  560.960    2.088
  28440.00 0.189     772.817      13.101    1580.000       0.000    0.0002   12.645 1133.214    9.791  580.625    2.259
  28500.00 0.190     774.704       9.614    1940.000       0.000    0.0002   13.689 1282.497    9.702  596.213    2.398
  28560.00 0.190     794.018       8.113    1940.000       0.000    0.0002   14.136 1122.784    7.727  604.048    2.263
  28620.00 0.182     793.548       4.953    1940.000       0.000    0.0002   14.274  764.136    8.900  615.083    2.152
  28680.00 0.187     801.571       5.209    1940.000       0.000    0.0002   14.093  947.014   10.055  633.084    2.250
  28740.00 0.181     797.927       8.022    1940.000       0.000    0.0002   13.800 1260.431    9.546  641.503    2.163
  28800.00 0.180     806.214      13.161    1940.000       0.000    0.0002   13.388 1232.068    8.397  638.608    2.534
