#  time      cc     z_cbase    z_ctop_avg  z_ctop_max      zi         we   <<ql>>  <<ql>>_max   w_max   tke     ql_max
     60.00 0.000       0.000       0.000       0.000       0.000    0.0002    0.000    0.000    0.166  616.637    0.000
    120.00 0.000       0.000       0.000       0.000       0.000    0.0002    0.000    0.000    0.275  417.126    0.000
    180.00 0.000       0.000       0.000       0.000       0.000    0.0002    0.000    0.000    0.298  300.178    0.000
    240.00 0.000       0.000       0.000       0.000       0.000    0.0002    0.000    0.000    0.298  225.834    0.000
    300.00 0.000       0.000       0.000       0.000       0.000    0.0002    0.000    0.000    0.261  176.589    0.000
    360.00 0.000       0.000       0.000       0.000       0.000    0.0002    0.000    0.000    0.290  143.405    0.000
    420.00 0.000       0.000       0.000       0.000       0.000    0.0002    0.000    0.000    0.289  121.146    0.000
    480.00 0.000       0.000       0.000       0.000       0.000    0.0002    0.000    0.000    0.333  105.758    0.000
    540.00 0.000       0.000       0.000       0.000       0.000    0.0002    0.000    0.000    0.375   93.944    0.000
    600.00 0.000       0.000       0.000       0.000       0.000    0.0002    0.000    0.000    0.392   84.660    0.000
    660.00 0.000       0.000       0.000       0.000       0.000    0.0002    0.000    0.000    0.466   78.094    0.000
    720.00 0.000       0.000       0.000       0.000       0.000    0.0002    0.000    0.000    0.496   73.788    0.000
    780.00 0.000       0.000       0.000       0.000       0.000    0.0002    0.000    0.000    0.486   70.996    0.000
    840.00 0.000       0.000       0.000       0.000       0.000    0.0002    0.000    0.000    0.598   69.239    0.000
    900.00 0.000       0.000       0.000       0.000       0.000    0.0002    0.000    0.000    0.666   68.070    0.000
    960.00 0.000       0.000       0.000       0.000       0.000    0.0002    0.000    0.000    0.679   67.494    0.000
   1020.00 0.000       0.000       0.000       0.000       0.000    0.0002    0.000    0.000    0.717   67.985    0.000
   1080.00 0.000       0.000       0.000       0.000       0.000    0.0002    0.000    0.000    0.794   69.579    0.000
   1140.00 0.000       0.000       0.000       0.000       0.000    0.0002    0.000    0.000    0.821   71.913    0.000
   1200.00 0.000     580.000       0.000     580.000       0.000    0.0002    0.000    0.917    0.913   74.935    0.021
   1260.00 0.001     566.667       0.000     580.000       0.000    0.0002    0.001    3.617    1.019   78.805    0.081
   1320.00 0.001     573.333      96.667     580.000       0.000    0.0002    0.003    6.545    1.077   83.641    0.099
   1380.00 0.005     558.000       0.000     580.000       0.000    0.0002    0.009   11.269    1.182   89.637    0.168
   1440.00 0.012     565.882       0.000     660.000       0.000    0.0002    0.030   17.196    1.374   96.887    0.191
   1500.00 0.026     564.906       5.472     660.000       0.000    0.0002    0.076   22.566    1.545  105.261    0.255
   1560.00 0.041     566.265       0.000     660.000       0.000    0.0002    0.159   34.658    1.720  114.672    0.365
   1620.00 0.062     564.980       4.269     700.000       0.000    0.0002    0.306   59.210    2.238  125.137    0.488
   1680.00 0.078     567.414       8.910     660.000       0.000    0.0002    0.530   98.031    2.676  136.593    0.665
   1740.00 0.103     566.667       6.761     660.000       0.000    0.0002    0.853  141.945    2.792  148.919    0.779
   1800.00 0.116     567.705      12.632     740.000       0.000    0.0002    1.294  176.708    3.660  161.949    0.878
   1860.00 0.134     568.885       7.495     740.000       0.000    0.0002    1.869  213.181    3.929  175.384    0.933
   1920.00 0.145     569.932       9.426     900.000       0.000    0.0002    2.563  261.626    3.533  188.985    0.936
   1980.00 0.152     572.360      10.562    1300.000       0.000    0.0002    3.360  303.030    4.541  202.657    1.129
   2040.00 0.165     575.569       6.352    1300.000       0.000    0.0002    4.262  331.255    4.565  216.180    1.162
   2100.00 0.177     580.110       1.818    1300.000       0.000    0.0002    5.160  400.460    5.285  229.126    1.214
   2160.00 0.182     586.854       5.810     940.000       0.000    0.0002    6.027  463.343    4.293  241.034    1.206
   2220.00 0.187     589.634      10.052    1340.000       0.000    0.0002    6.830  455.447    4.799  251.285    1.280
   2280.00 0.196     597.328       5.343    1420.000       0.000    0.0002    7.463  438.386    4.812  259.059    1.245
   2340.00 0.198     601.112       7.145    1460.000       0.000    0.0002    7.943  414.478    5.074  264.716    1.218
   2400.00 0.197     605.725       9.145    1300.000       0.000    0.0002    8.212  446.119    4.765  268.410    1.234
   2460.00 0.197     611.017       2.829    1420.000       0.000    0.0002    8.231  526.037    4.591  270.434    1.331
   2520.00 0.193     611.566       7.500    1340.000       0.000    0.0002    8.014  604.118    4.339  270.401    1.189
   2580.00 0.195     616.437       5.646    1540.000       0.000    0.0002    7.668  590.401    4.445  268.870    1.191
   2640.00 0.191     624.962       6.854    1380.000       0.000    0.0002    7.297  590.459    5.284  265.934    1.299
   2700.00 0.183     625.936       5.401    1460.000       0.000    0.0002    6.928  623.706    5.517  261.713    1.490
   2760.00 0.177     624.402       2.503    1300.000       0.000    0.0002    6.639  668.498    5.812  256.231    1.546
   2820.00 0.165     624.549       9.306    1500.000       0.000    0.0002    6.404  735.607    6.250  250.512    1.504
   2880.00 0.157     623.975       6.615    1340.000       0.000    0.0002    6.361  800.640    5.438  245.980    1.283
   2940.00 0.152     621.095       9.887    1540.000       0.000    0.0002    6.393  762.724    5.013  242.677    1.466
   3000.00 0.150     625.463       6.374    1380.000       0.000    0.0002    6.292  753.385    6.256  238.912    1.804
   3060.00 0.149     628.497       4.150    1420.000       0.000    0.0002    6.052  670.242    6.605  234.092    2.109
   3120.00 0.143     637.877       8.801    1460.000       0.000    0.0002    5.657  692.215    5.674  228.260    1.655
   3180.00 0.135     637.730       5.802    1540.000       0.000    0.0002    5.223  682.927    4.668  222.168    1.478
   3240.00 0.139     640.455       6.935    1580.000       0.000    0.0002    4.748  628.700    3.888  217.488    1.237
   3300.00 0.135     640.036       4.864    1460.000       0.000    0.0002    4.217  401.191    4.120  212.991    1.090
   3360.00 0.125     631.518       8.988    1500.000       0.000    0.0002    3.884  339.045    4.675  207.806    1.135
   3420.00 0.120     635.642       3.951    1500.000       0.000    0.0002    3.586  401.417    4.591  202.467    1.077
   3480.00 0.118     643.685       1.201    1420.000       0.000    0.0002    3.289  443.922    4.398  198.989    1.017
   3540.00 0.114     642.013      12.334    1340.000       0.000    0.0002    3.005  442.697    4.307  196.900    1.082
   3600.00 0.103     635.429       9.143    1340.000       0.000    0.0002    2.734  475.571    4.108  194.567    1.187
   3660.00 0.100     635.061       7.531    1300.000       0.000    0.0002    2.445  499.485    4.316  192.218    1.332
   3720.00 0.096     637.766       7.411    1340.000       0.000    0.0002    2.205  426.271    3.889  189.831    1.165
   3780.00 0.094     651.377       9.351    1420.000       0.000    0.0002    1.977  278.491    3.267  187.179    0.913
   3840.00 0.094     648.721       1.723    1380.000       0.000    0.0002    1.795  244.057    3.835  185.279    1.049
   3900.00 0.098     641.446       6.783    1380.000       0.000    0.0002    1.662  302.796    4.358  184.062    1.065
   3960.00 0.094     627.855       4.289    1380.000       0.000    0.0002    1.606  334.724    4.435  183.030    1.069
   4020.00 0.093     629.319       6.073    1380.000       0.000    0.0002    1.553  304.275    4.149  182.457    1.087
   4080.00 0.094     628.831       8.052    1420.000       0.000    0.0002    1.483  286.167    3.780  182.200    1.059
   4140.00 0.097     626.869       8.333    1420.000       0.000    0.0002    1.391  295.006    3.500  182.004    1.016
   4200.00 0.097     624.110      12.431    1460.000       0.000    0.0002    1.354  293.828    2.995  182.150    1.026
   4260.00 0.104     624.717       7.500    1380.000       0.000    0.0002    1.344  286.375    3.116  182.384    1.033
   4320.00 0.104     621.408       8.451    1420.000       0.000    0.0002    1.368  267.266    3.461  182.757    0.924
   4380.00 0.106     628.756       5.899    1420.000       0.000    0.0002    1.478  258.512    3.181  183.617    0.935
   4440.00 0.109     618.027       7.668    1300.000       0.000    0.0002    1.626  289.366    4.243  184.805    1.257
   4500.00 0.111     612.807       8.421    1300.000       0.000    0.0002    1.780  375.168    5.068  186.198    1.292
   4560.00 0.112     612.522       8.739    1380.000       0.000    0.0002    1.971  445.406    4.909  187.970    1.341
   4620.00 0.108     612.851       8.416    1300.000       0.000    0.0002    2.146  443.362    4.769  190.241    1.410
   4680.00 0.107     609.066      10.706    1300.000       0.000    0.0002    2.317  463.358    4.512  192.607    1.199
   4740.00 0.106     604.368       8.920    1300.000       0.000    0.0002    2.481  430.828    4.526  194.802    1.128
   4800.00 0.111     608.546      14.097    1300.000       0.000    0.0002    2.614  367.643    4.827  196.725    1.102
   4860.00 0.114     605.150       7.167    1460.000       0.000    0.0002    2.724  401.403    3.991  198.283    1.049
   4920.00 0.115     609.130      10.234    1460.000       0.000    0.0002    2.753  471.585    4.684  199.674    1.254
   4980.00 0.116     613.853       6.695    1340.000       0.000    0.0002    2.741  525.539    4.211  201.473    1.203
   5040.00 0.117     620.000       8.500    1380.000       0.000    0.0002    2.776  499.078    4.288  203.647    1.195
   5100.00 0.118     613.897       6.351    1300.000       0.000    0.0002    2.873  434.080    4.450  205.702    1.227
   5160.00 0.121     611.774       7.460    1340.000       0.000    0.0002    2.993  396.493    4.800  207.240    1.077
   5220.00 0.124     605.138       4.822    1340.000       0.000    0.0002    3.138  402.365    4.406  208.379    1.121
   5280.00 0.124     606.957       2.372    1300.000       0.000    0.0002    3.286  427.731    3.564  209.700    0.918
   5340.00 0.128     616.788       5.851    1340.000       0.000    0.0002    3.346  418.499    4.216  211.650    0.897
   5400.00 0.132     617.704       7.185    1380.000       0.000    0.0002    3.434  379.908    4.542  214.026    1.027
   5460.00 0.130     615.730       5.730    1380.000       0.000    0.0002    3.597  313.343    3.735  216.258    1.033
   5520.00 0.133     617.716       2.505    1420.000       0.000    0.0002    3.798  329.673    4.449  218.557    1.061
   5580.00 0.135     621.514       6.703    1300.000       0.000    0.0002    4.111  355.955    4.135  221.232    1.042
   5640.00 0.134     622.340       6.179    1300.000       0.000    0.0002    4.478  377.588    4.458  224.313    1.228
   5700.00 0.131     619.478       3.769    1300.000       0.000    0.0002    4.872  384.234    4.971  227.614    1.233
   5760.00 0.129     621.283       8.264    1380.000       0.000    0.0002    5.261  444.088    4.591  231.024    1.208
   5820.00 0.132     624.898       8.015    1420.000       0.000    0.0002    5.644  495.730    4.414  235.083    1.298
   5880.00 0.131     624.535       4.535    1380.000       0.000    0.0002    5.987  563.683    4.614  239.998    1.252
   5940.00 0.132     624.296      13.963    1420.000       0.000    0.0002    6.250  572.517    4.863  244.148    1.241
   6000.00 0.132     622.667       4.444    1540.000       0.000    0.0002    6.390  611.480    4.651  247.308    1.214
   6060.00 0.134     625.547       3.467    1420.000       0.000    0.0002    6.490  634.622    5.194  250.160    1.319
   6120.00 0.133     628.987       7.182    1380.000       0.000    0.0002    6.532  651.222    5.656  252.887    1.387
   6180.00 0.137     637.683       7.879    1460.000       0.000    0.0002    6.582  648.126    6.261  255.431    1.362
   6240.00 0.143     640.341       7.645    1460.000       0.000    0.0002    6.541  643.758    6.166  256.787    1.414
   6300.00 0.143     643.373       2.215    1460.000       0.000    0.0002    6.333  696.641    4.906  257.486    1.245
   6360.00 0.142     640.552      12.966    1540.000       0.000    0.0002    6.052  719.259    4.948  258.461    1.438
   6420.00 0.144     645.578      10.136    1500.000       0.000    0.0002    5.735  767.753    5.396  258.796    1.329
   6480.00 0.137     634.189      10.018    1420.000       0.000    0.0002    5.395  810.474    6.723  257.946    1.509
   6540.00 0.140     640.979       7.657    1660.000       0.000    0.0002    5.147  776.756    6.124  256.919    1.553
   6600.00 0.135     637.730       6.378    1500.000       0.000    0.0002    5.228  675.891    5.865  256.284    1.674
   6660.00 0.135     637.730       6.090    1540.000       0.000    0.0002    5.479  629.382    6.249  256.606    1.532
   6720.00 0.137     635.000       7.357    1500.000       0.000    0.0002    5.854  791.853    5.410  258.355    1.579
   6780.00 0.136     643.971      15.313    1500.000       0.000    0.0002    6.175  834.253    5.418  260.728    1.827
   6840.00 0.140     640.384       3.106    1700.000       0.000    0.0002    6.480  728.912    4.929  263.913    1.767
   6900.00 0.139     637.746       5.458    1540.000       0.000    0.0002    6.748  701.220    5.767  269.145    1.317
   6960.00 0.142     649.897       3.333    1460.000       0.000    0.0002    6.982  862.987    6.254  274.972    1.535
   7020.00 0.141     647.150       8.014    1460.000       0.000    0.0002    7.275 1021.744    7.399  278.604    1.931
   7080.00 0.142     650.928       6.117    1460.000       0.000    0.0002    7.438 1032.803    6.202  279.989    2.273
   7140.00 0.138     648.834       4.452    1940.000       0.000    0.0002    7.386  893.342    7.113  282.073    1.795
   7200.00 0.141     650.764       6.424    1420.000       0.000    0.0002    7.135  828.764    5.887  285.847    1.547
   7260.00 0.142     659.381       4.674    1540.000       0.000    0.0002    6.771  981.450    6.372  289.368    1.860
   7320.00 0.137     654.866       6.809    1620.000       0.000    0.0002    6.545 1019.227    5.984  290.636    2.065
   7380.00 0.135     654.450       7.676    1700.000       0.000    0.0002    6.379  929.004    4.963  289.655    1.749
   7440.00 0.135     659.134       8.014    1700.000       0.000    0.0002    6.138  797.701    5.407  289.764    1.700
   7500.00 0.135     645.776       8.628    1380.000       0.000    0.0002    6.127  765.088    6.818  290.803    2.022
   7560.00 0.143     650.000       8.185    1540.000       0.000    0.0002    6.110  754.172    5.762  289.559    1.614
   7620.00 0.142     652.220       6.506    1500.000       0.000    0.0002    6.099  578.633    5.402  288.036    1.460
   7680.00 0.135     649.401       4.719    1460.000       0.000    0.0002    6.051  455.948    4.628  287.816    1.211
   7740.00 0.142     654.836      11.050    1460.000       0.000    0.0002    5.988  485.144    4.555  288.903    1.327
   7800.00 0.150     659.152       2.219    1540.000       0.000    0.0002    5.943  673.852    5.471  291.619    1.608
   7860.00 0.148     649.901       7.525    1420.000       0.000    0.0002    5.943  792.352    5.945  294.117    1.643
   7920.00 0.146     652.617       6.812    1700.000       0.000    0.0002    6.016  766.127    5.077  294.561    1.552
   7980.00 0.142     645.798       9.434    1460.000       0.000    0.0002    6.150  669.750    5.781  293.514    1.478
   8040.00 0.148     643.405       5.521    1460.000       0.000    0.0002    6.326  612.073    5.423  294.169    1.633
   8100.00 0.147     640.896      18.441    1580.000       0.000    0.0002    6.544  633.600    6.325  297.407    1.409
   8160.00 0.143     641.197       2.256    1660.000       0.000    0.0002    6.865  623.257    6.163  300.988    1.240
   8220.00 0.144     649.456       9.762    1540.000       0.000    0.0002    7.260  650.578    4.779  303.567    1.186
   8280.00 0.140     656.573      12.273    1380.000       0.000    0.0002    7.657  630.091    5.241  306.630    1.219
   8340.00 0.138     673.122       5.397    1500.000       0.000    0.0002    8.117  646.391    5.497  311.360    1.379
   8400.00 0.139     669.614       4.667    1460.000       0.000    0.0002    8.555  689.235    5.519  316.102    1.320
   8460.00 0.140     677.600      11.513    1500.000       0.000    0.0002    8.962  728.131    5.754  320.073    1.444
   8520.00 0.142     678.933       2.478    1500.000       0.000    0.0002    9.295  752.483    5.739  325.181    1.388
   8580.00 0.139     692.127      11.916    1500.000       0.000    0.0002    9.505  778.016    6.071  331.206    1.623
   8640.00 0.134     692.873       4.509    1540.000       0.000    0.0002    9.581  926.221    7.472  337.778    1.992
   8700.00 0.134     693.346       8.263    1500.000       0.000    0.0002    9.740 1135.997    7.748  345.114    2.602
   8760.00 0.136     692.962       6.607    1940.000       0.000    0.0002    9.904 1326.360    7.004  350.184    2.431
   8820.00 0.135     691.143       4.610    1940.000       0.000    0.0002    9.630 1219.701    7.730  350.898    2.362
   8880.00 0.129     691.423      12.713    1940.000       0.000    0.0002    9.091 1286.036    7.808  352.366    2.157
   8940.00 0.120     696.349       9.980    1940.000       0.000    0.0002    8.437 1439.877    7.047  354.667    2.072
   9000.00 0.118     684.017       5.217    1940.000       0.000    0.0002    7.578 1417.862    7.623  351.408    2.396
   9060.00 0.115     679.574       3.915    1940.000       0.000    0.0002    6.497 1169.240    5.662  344.069    1.867
   9120.00 0.123     687.117       8.907    1620.000       0.000    0.0002    5.443  724.837    5.635  337.680    1.350
   9180.00 0.123     674.394      15.507    1540.000       0.000    0.0002    4.708  688.682    4.737  329.642    1.338
   9240.00 0.115     665.763       4.153    1460.000       0.000    0.0002    4.177  648.140    5.033  318.333    1.629
   9300.00 0.118     670.248       6.570    1540.000       0.000    0.0002    3.788  608.064    4.659  312.570    1.307
   9360.00 0.117     664.426      11.273    1500.000       0.000    0.0002    3.487  536.227    4.283  309.728    1.310
   9420.00 0.123     654.772       6.020    1660.000       0.000    0.0002    3.313  521.320    3.785  304.659    0.994
   9480.00 0.124     660.394       7.638    1500.000       0.000    0.0002    3.232  532.009    3.238  300.128    1.000
   9540.00 0.128     657.029      11.848    1540.000       0.000    0.0002    3.234  495.900    3.478  298.639    1.005
   9600.00 0.133     661.691      13.824    1540.000       0.000    0.0002    3.189  475.628    3.836  297.272    1.060
   9660.00 0.137     664.571       9.250    1540.000       0.000    0.0002    3.137  421.476    3.718  294.692    1.116
   9720.00 0.133     659.121       8.718    1500.000       0.000    0.0002    3.129  384.491    3.764  292.957    1.088
   9780.00 0.143     670.853       8.703    1420.000       0.000    0.0002    3.202  342.955    4.899  292.730    1.193
   9840.00 0.144     659.593       9.356    1420.000       0.000    0.0002    3.389  408.362    5.929  292.785    1.281
   9900.00 0.141     654.454       7.348    1380.000       0.000    0.0002    3.787  585.864    6.521  294.302    1.243
   9960.00 0.142     659.312       3.236    1420.000       0.000    0.0002    4.307  717.638    6.026  298.112    1.593
  10020.00 0.138     644.397       7.234    1460.000       0.000    0.0002    4.900  750.944    6.809  302.181    1.711
  10080.00 0.141     649.273       9.516    1380.000       0.000    0.0002    5.453  786.218    5.924  305.166    1.513
  10140.00 0.140     653.717       8.063    1540.000       0.000    0.0002    5.931  857.593    6.587  309.300    1.575
  10200.00 0.144     660.812       7.919    1460.000       0.000    0.0002    6.262  921.686    5.630  314.041    1.861
  10260.00 0.138     663.675       9.081    1460.000       0.000    0.0002    6.380  979.306    4.947  315.917    1.770
  10320.00 0.137     674.403       9.340    1500.000       0.000    0.0002    6.304  860.641    5.131  316.803    1.779
  10380.00 0.135     681.227       6.173    1420.000       0.000    0.0002    6.058  685.579    5.631  319.226    1.492
  10440.00 0.133     672.500       7.537    1500.000       0.000    0.0002    5.694  700.335    5.401  321.008    1.477
  10500.00 0.136     690.935       5.108    1540.000       0.000    0.0002    5.339  729.546    5.649  320.064    1.602
  10560.00 0.131     668.476       9.405    1540.000       0.000    0.0002    5.166  612.452    6.267  318.838    1.646
  10620.00 0.134     658.318      12.176    1420.000       0.000    0.0002    5.063  721.219    6.078  320.055    1.443
  10680.00 0.127     653.603       3.661    1500.000       0.000    0.0002    5.094  824.208    5.554  321.087    1.369
  10740.00 0.126     649.189       9.344    1540.000       0.000    0.0002    5.104  657.271    5.843  320.847    1.373
  10800.00 0.129     653.548      11.233    1540.000       0.000    0.0002    4.946  643.293    6.731  319.738    1.499
  10860.00 0.126     641.973      13.153    1620.000       0.000    0.0002    4.723  654.968    5.532  318.189    1.471
  10920.00 0.130     642.364      13.021    1500.000       0.000    0.0002    4.428  622.224    4.272  317.012    1.350
  10980.00 0.128     646.260       8.855    1540.000       0.000    0.0002    4.067  620.444    4.955  315.856    1.361
  11040.00 0.131     647.138       7.286    1580.000       0.000    0.0002    3.810  618.913    5.139  312.590    1.335
  11100.00 0.131     643.346      11.524    1420.000       0.000    0.0002    3.679  701.911    4.969  309.427    1.338
  11160.00 0.132     638.780       6.359    1500.000       0.000    0.0002    3.630  693.324    4.487  308.285    1.502
  11220.00 0.132     645.065       3.401    1420.000       0.000    0.0002    3.606  615.902    3.831  307.842    1.131
  11280.00 0.131     643.048      10.112    1540.000       0.000    0.0002    3.673  512.475    3.811  307.376    1.109
  11340.00 0.132     642.148      12.296    1380.000       0.000    0.0002    3.857  455.904    4.784  308.246    1.209
  11400.00 0.133     648.529       7.096    1580.000       0.000    0.0002    4.097  372.628    4.984  310.191    1.148
  11460.00 0.130     649.549      13.534    1500.000       0.000    0.0002    4.384  441.030    4.932  311.198    1.324
  11520.00 0.130     655.564       2.857    1420.000       0.000    0.0002    4.752  472.533    4.992  312.774    1.400
  11580.00 0.132     669.796       6.939    1460.000       0.000    0.0002    5.206  522.972    5.161  316.157    1.296
  11640.00 0.128     667.314       1.029    1420.000       0.000    0.0002    5.642  583.693    5.447  320.480    1.375
  11700.00 0.124     671.473      10.609    1500.000       0.000    0.0002    6.004  589.052    5.074  324.119    1.283
  11760.00 0.128     664.639       3.536    1500.000       0.000    0.0002    6.216  561.319    5.743  326.344    1.342
  11820.00 0.128     673.384      11.065    1500.000       0.000    0.0002    6.285  606.893    5.869  328.323    1.450
  11880.00 0.126     672.505       6.524    1460.000       0.000    0.0002    6.216  657.392    6.216  330.996    1.393
  11940.00 0.128     671.657       6.743    1580.000       0.000    0.0002    6.061  720.577    6.064  333.101    1.423
  12000.00 0.133     667.132       7.794    1500.000       0.000    0.0002    5.858  791.774    5.767  333.129    1.420
  12060.00 0.133     667.853       7.670    1500.000       0.000    0.0002    5.643  780.156    5.885  332.152    1.971
  12120.00 0.128     673.996       6.883    1500.000       0.000    0.0002    5.275  711.490    5.877  329.884    1.431
  12180.00 0.131     675.477       5.869    1580.000       0.000    0.0002    4.864  671.856    5.013  327.932    1.451
  12240.00 0.129     667.396      10.491    1460.000       0.000    0.0002    4.593  636.344    4.442  326.326    1.546
  12300.00 0.129     656.302       8.151    1420.000       0.000    0.0002    4.395  408.128    5.122  325.218    1.358
  12360.00 0.131     658.287       3.464    1620.000       0.000    0.0002    4.276  524.015    5.122  325.998    1.312
  12420.00 0.135     659.782       9.038    1540.000       0.000    0.0002    4.366  625.669    6.154  326.840    1.527
  12480.00 0.130     660.599       9.700    1340.000       0.000    0.0002    4.602  718.661    6.508  326.552    1.620
  12540.00 0.133     663.523      10.716    1380.000       0.000    0.0002    4.822  813.159    5.963  326.472    1.721
  12600.00 0.132     661.771       8.745    1420.000       0.000    0.0002    4.863  682.527    5.344  327.885    1.620
  12660.00 0.135     669.655      10.926    1540.000       0.000    0.0002    4.730  540.691    4.915  329.507    1.561
  12720.00 0.131     668.492       6.890    1460.000       0.000    0.0002    4.584  346.031    4.692  330.293    1.140
  12780.00 0.128     674.885       3.550    1540.000       0.000    0.0002    4.581  496.397    5.209  332.144    1.321
  12840.00 0.133     661.908       7.303    1500.000       0.000    0.0002    4.925  613.975    5.760  336.247    1.300
  12900.00 0.129     652.410       4.706    1420.000       0.000    0.0002    5.514  674.872    6.328  341.811    1.510
  12960.00 0.129     651.321       9.170    1420.000       0.000    0.0002    6.304  735.210    7.141  347.788    1.587
  13020.00 0.133     649.451       7.473    1500.000       0.000    0.0002    7.035  917.371    7.031  353.924    1.809
  13080.00 0.132     654.444       5.704    1420.000       0.000    0.0002    7.508  923.212    6.579  359.842    1.660
  13140.00 0.135     665.942       9.964    1500.000       0.000    0.0002    7.704  805.990    7.605  365.386    1.653
  13200.00 0.137     676.827      13.725    1460.000       0.000    0.0002    7.691  756.189    6.923  371.043    1.830
  13260.00 0.141     675.556      10.347    1540.000       0.000    0.0002    7.598  746.117    6.768  374.684    2.177
  13320.00 0.140     662.230       6.864    1500.000       0.000    0.0002    7.478  707.960    5.896  374.032    2.236
  13380.00 0.144     678.237       4.814    1740.000       0.000    0.0002    7.165  616.906    6.830  372.171    1.832
  13440.00 0.139     683.228      14.982    1940.000       0.000    0.0002    6.891  714.348    6.437  372.319    1.358
  13500.00 0.140     680.000       5.610    1540.000       0.000    0.0002    6.875  819.528    6.847  373.431    1.466
  13560.00 0.141     674.792       5.451    1540.000       0.000    0.0002    7.102  784.909    6.529  371.272    1.404
  13620.00 0.141     685.052       9.965    1420.000       0.000    0.0002    7.400  690.978    7.343  370.110    1.589
  13680.00 0.141     677.123       6.724    1500.000       0.000    0.0002    7.560  941.980    7.320  372.170    1.648
  13740.00 0.142     688.709      10.465    1500.000       0.000    0.0002    7.583  998.518    6.271  376.795    1.889
  13800.00 0.142     705.969       8.816    1540.000       0.000    0.0002    7.575  979.595    7.409  379.374    2.122
  13860.00 0.136     697.133       8.029    1500.000       0.000    0.0002    7.348  885.588    7.116  377.362    1.758
  13920.00 0.145     717.008       8.605    1580.000       0.000    0.0002    6.798  690.002    6.192  374.151    1.531
  13980.00 0.141     707.847       9.514    1500.000       0.000    0.0002    6.137  731.491    5.574  373.376    1.382
  14040.00 0.140     696.864       9.826    1500.000       0.000    0.0002    5.610  718.641    6.052  372.868    1.501
  14100.00 0.141     685.234       7.522    1540.000       0.000    0.0002    5.351  710.355    5.984  369.964    1.418
  14160.00 0.140     685.061       6.492    1500.000       0.000    0.0002    5.210  831.690    6.075  366.872    1.553
  14220.00 0.135     669.855       3.877    1620.000       0.000    0.0002    5.064  815.435    6.095  363.900    1.537
  14280.00 0.134     661.603       6.120    1540.000       0.000    0.0002    4.872  747.916    5.113  360.578    1.453
  14340.00 0.138     667.633       5.371    1540.000       0.000    0.0002    4.758  697.854    5.229  359.473    1.340
  14400.00 0.140     672.077      12.147    1700.000       0.000    0.0002    4.689  626.264    5.977  359.684    1.418
  14460.00 0.137     675.587      14.733    1540.000       0.000    0.0002    4.783  630.890    6.383  358.864    1.400
  14520.00 0.134     669.763       7.395    1500.000       0.000    0.0002    5.026  735.617    6.910  358.913    1.470
  14580.00 0.138     680.248       7.752    1540.000       0.000    0.0002    5.398  863.342    7.414  361.579    1.645
  14640.00 0.136     677.531       9.374    1620.000       0.000    0.0002    5.757  862.702    7.297  365.370    1.868
  14700.00 0.131     684.075       7.364    1620.000       0.000    0.0002    5.916  909.640    6.950  367.727    1.646
  14760.00 0.130     689.268       2.552    1500.000       0.000    0.0002    5.844  754.726    6.880  368.318    1.679
  14820.00 0.127     688.944       7.524    1540.000       0.000    0.0002    5.676  856.186    7.759  369.938    1.749
  14880.00 0.123     693.625       5.259    1500.000       0.000    0.0002    5.340  751.990    7.025  368.964    1.606
  14940.00 0.119     689.959       8.230    1580.000       0.000    0.0002    4.914  673.334    6.128  364.535    1.554
  15000.00 0.124     685.059       8.972    1500.000       0.000    0.0002    4.528  570.507    5.631  359.172    1.664
  15060.00 0.126     684.932       6.524    1580.000       0.000    0.0002    4.024  421.798    5.681  355.718    1.282
  15120.00 0.125     699.375      10.625    1540.000       0.000    0.0002    3.481  412.945    5.362  353.214    1.154
  15180.00 0.120     687.181       3.692    1700.000       0.000    0.0002    2.960  375.704    4.543  347.483    0.974
  15240.00 0.122     685.863      12.610    1580.000       0.000    0.0002    2.552  300.703    4.355  341.591    0.896
  15300.00 0.121     675.565       4.919    1580.000       0.000    0.0002    2.321  273.691    3.409  338.781    0.947
  15360.00 0.118     672.066       5.124    1620.000       0.000    0.0002    2.164  244.590    4.302  336.622    1.026
  15420.00 0.118     671.794       1.196    1420.000       0.000    0.0002    2.097  263.607    4.999  334.144    1.077
  15480.00 0.110     660.089       8.337    1460.000       0.000    0.0002    2.157  271.027    4.964  333.123    0.955
  15540.00 0.117     653.514       4.449    1380.000       0.000    0.0002    2.327  294.164    4.522  333.164    1.026
  15600.00 0.117     657.089       4.615    1460.000       0.000    0.0002    2.534  365.550    4.665  333.157    1.205
  15660.00 0.115     668.879       5.159    1540.000       0.000    0.0002    2.802  402.579    4.747  334.514    1.229
  15720.00 0.113     664.848      20.736    1460.000       0.000    0.0002    3.016  373.208    5.426  337.211    1.170
  15780.00 0.120     663.510       7.347    1500.000       0.000    0.0002    3.247  447.921    5.599  339.645    1.127
  15840.00 0.120     657.972       6.369    1460.000       0.000    0.0002    3.537  419.148    5.056  341.281    1.176
  15900.00 0.127     656.923       4.654    1380.000       0.000    0.0002    3.816  445.504    5.327  343.056    1.395
  15960.00 0.131     660.892      11.190    1420.000       0.000    0.0002    4.082  475.376    5.293  345.398    1.353
  16020.00 0.134     660.364       7.505    1500.000       0.000    0.0002    4.191  471.149    5.701  346.546    1.211
  16080.00 0.139     663.592       6.937    1460.000       0.000    0.0002    4.253  491.843    5.719  346.673    1.436
  16140.00 0.144     668.746       1.119    1500.000       0.000    0.0002    4.305  469.619    5.626  348.032    1.439
  16200.00 0.142     671.172      10.552    1500.000       0.000    0.0002    4.411  494.624    6.058  351.157    1.321
  16260.00 0.135     671.646       5.823    1500.000       0.000    0.0002    4.534  473.686    5.545  353.691    1.336
  16320.00 0.135     663.841       7.536    1340.000       0.000    0.0002    4.694  455.844    5.157  354.962    1.260
  16380.00 0.144     678.169      10.102    1500.000       0.000    0.0002    4.888  582.806    6.113  357.462    1.350
  16440.00 0.141     666.839       5.699    1460.000       0.000    0.0002    5.175  750.003    6.600  362.162    1.436
  16500.00 0.145     670.523       3.137    1420.000       0.000    0.0002    5.520  835.998    7.235  367.069    1.618
  16560.00 0.147     672.691      10.565    1420.000       0.000    0.0002    5.912  841.154    8.160  371.154    1.612
  16620.00 0.146     666.555       7.492    1380.000       0.000    0.0002    6.240  949.649    6.960  374.972    1.737
  16680.00 0.150     657.203       4.293    1940.000       0.000    0.0002    6.479  778.696    6.031  379.585    1.373
  16740.00 0.150     664.351       6.234    1460.000       0.000    0.0002    6.666  595.777    6.523  383.975    1.526
  16800.00 0.155     672.661       5.071    1460.000       0.000    0.0002    6.999  575.201    5.481  388.332    1.321
  16860.00 0.158     674.427       5.789    1500.000       0.000    0.0002    7.338  583.044    6.506  393.994    1.497
  16920.00 0.161     681.333      11.303    1580.000       0.000    0.0002    7.723  632.189    6.486  399.517    1.730
  16980.00 0.161     682.580       3.885    1500.000       0.000    0.0002    7.941  671.076    7.008  401.788    1.645
  17040.00 0.161     684.606       8.333    1540.000       0.000    0.0002    8.094  766.539    6.527  403.257    1.727
  17100.00 0.167     685.689       7.537    1580.000       0.000    0.0002    8.053  884.048    6.845  406.681    1.949
  17160.00 0.172     690.000       4.261    1500.000       0.000    0.0002    7.803  866.871    6.688  409.250    2.079
  17220.00 0.173     692.994       7.401    1940.000       0.000    0.0002    7.588  698.012    5.655  411.650    1.403
  17280.00 0.174     690.605       6.723    1460.000       0.000    0.0002    7.720  565.540    6.825  416.316    1.562
  17340.00 0.176     687.667       7.861    1460.000       0.000    0.0002    8.111  621.693    6.522  420.123    1.350
  17400.00 0.179     693.243       7.766    1500.000       0.000    0.0002    8.659  691.876    6.778  425.000    1.821
  17460.00 0.179     688.463       5.578    1420.000       0.000    0.0002    9.304  780.013    6.818  430.807    1.692
  17520.00 0.186     694.915       6.448    1580.000       0.000    0.0002    9.712  813.255    6.515  436.030    1.577
  17580.00 0.187     712.565       3.455    1620.000       0.000    0.0002    9.912  806.623    6.815  441.316    1.631
  17640.00 0.187     706.884      15.254    1620.000       0.000    0.0002    9.849  636.007    6.405  446.364    1.809
  17700.00 0.187     714.118       4.915    1660.000       0.000    0.0002    9.552  741.917    7.247  450.664    1.741
  17760.00 0.185     718.709       7.852    1580.000       0.000    0.0002    9.347  744.440    6.411  452.415    1.842
  17820.00 0.181     720.458       5.410    1660.000       0.000    0.0002    9.177  808.425    6.544  452.021    1.756
  17880.00 0.180     716.802      10.515    1500.000       0.000    0.0002    9.136  938.850    7.856  450.767    1.821
  17940.00 0.175     713.593       5.376    1580.000       0.000    0.0002    8.992 1061.290    7.931  449.762    1.889
  18000.00 0.170     698.043       5.237    1940.000       0.000    0.0002    8.767 1044.119    6.031  451.930    1.709
  18060.00 0.167     699.532       7.719    1540.000       0.000    0.0002    8.335  854.116    7.710  452.742    1.859
  18120.00 0.163     702.523       6.577    1660.000       0.000    0.0002    7.812  810.350    7.157  446.874    1.755
  18180.00 0.166     702.996       1.762    1940.000       0.000    0.0002    7.210  760.864    5.583  437.342    1.772
  18240.00 0.162     708.943       8.429    1660.000       0.000    0.0002    6.650  512.394    6.680  432.248    1.612
  18300.00 0.155     705.678       7.634    1500.000       0.000    0.0002    6.339  598.129    7.837  431.638    1.694
  18360.00 0.147     698.874       9.801    1660.000       0.000    0.0002    6.307  725.052    7.936  430.516    1.625
  18420.00 0.143     695.495      15.427    1540.000       0.000    0.0002    6.254  710.451    8.085  428.041    1.747
  18480.00 0.143     705.197       7.282    1660.000       0.000    0.0002    5.952  798.146    7.329  424.852    1.838
  18540.00 0.146     702.871      11.586    1700.000       0.000    0.0002    5.462  733.391    5.536  420.215    1.772
  18600.00 0.148     699.868       6.238    1660.000       0.000    0.0002    4.875  638.019    4.837  414.947    1.308
  18660.00 0.148     703.306       3.471    1660.000       0.000    0.0002    4.311  468.634    5.061  410.035    1.159
  18720.00 0.149     692.578       5.189    1580.000       0.000    0.0002    3.897  396.874    5.523  405.591    1.315
  18780.00 0.139     693.662       5.880    1540.000       0.000    0.0002    3.782  438.723    5.429  400.953    1.266
  18840.00 0.145     691.703       8.803    1580.000       0.000    0.0002    3.757  389.518    5.403  396.960    1.208
  18900.00 0.141     682.917       5.556    1420.000       0.000    0.0002    3.775  273.105    4.351  394.870    1.003
  18960.00 0.145     691.501      14.435    1540.000       0.000    0.0002    3.953  236.610    4.418  394.069    0.948
  19020.00 0.142     692.220       4.269    1420.000       0.000    0.0002    4.341  301.989    5.098  394.502    1.076
  19080.00 0.142     690.600       5.592    1580.000       0.000    0.0002    4.985  345.657    5.344  398.008    1.288
  19140.00 0.146     698.194       4.415    1500.000       0.000    0.0002    5.701  401.051    5.660  404.290    1.574
  19200.00 0.148     699.079       0.888    1540.000       0.000    0.0002    6.473  598.373    6.981  411.908    1.747
  19260.00 0.151     712.278       6.785    1540.000       0.000    0.0002    7.260  803.267    7.674  420.644    1.933
  19320.00 0.146     712.287       7.980    1500.000       0.000    0.0002    7.907 1133.428   10.088  430.693    2.317
  19380.00 0.144     710.626      12.521    1940.000       0.000    0.0002    8.246 1487.479    9.196  436.748    2.932
  19440.00 0.146     718.188       8.322    1940.000       0.000    0.0002    7.973 1534.009    8.966  437.344    2.584
  19500.00 0.147     722.629       6.689    1940.000       0.000    0.0002    7.351 1338.400    8.692  441.797    2.471
  19560.00 0.142     724.700       6.278    1940.000       0.000    0.0002    6.680 1098.346    8.707  451.148    1.954
  19620.00 0.135     719.027      11.207    1700.000       0.000    0.0002    6.139 1251.016    8.926  452.055    2.198
  19680.00 0.134     697.018      10.036    1940.000       0.000    0.0002    5.890 1293.974    9.998  439.685    2.396
  19740.00 0.134     699.927       4.899    1940.000       0.000    0.0002    5.502 1315.640    7.016  428.154    1.680
  19800.00 0.139     697.324       7.394    1940.000       0.000    0.0002    5.107  878.268    6.518  428.413    1.317
  19860.00 0.140     687.343       6.049    1500.000       0.000    0.0002    4.735  619.841    6.375  428.855    1.634
  19920.00 0.141     689.393       7.175    1700.000       0.000    0.0002    4.485  523.720    5.964  419.632    1.399
  19980.00 0.146     702.200       9.500    1700.000       0.000    0.0002    4.266  554.244    6.329  410.581    1.484
  20040.00 0.144     713.130      14.078    1580.000       0.000    0.0002    4.175  627.592    5.319  409.092    1.471
  20100.00 0.148     711.967       8.992    1580.000       0.000    0.0002    4.141  490.857    4.878  408.298    1.147
  20160.00 0.145     716.824       4.493    1500.000       0.000    0.0002    4.303  312.883    5.130  406.966    1.233
  20220.00 0.142     716.552      15.276    1540.000       0.000    0.0002    4.540  345.460    4.937  409.063    1.316
  20280.00 0.139     708.592       9.261    1460.000       0.000    0.0002    4.953  486.480    5.931  414.000    1.456
  20340.00 0.144     711.186       8.542    1580.000       0.000    0.0002    5.618  641.436    7.400  419.314    1.599
  20400.00 0.143     712.334       9.608    1500.000       0.000    0.0002    6.356  824.699    8.280  425.618    1.906
  20460.00 0.141     712.569       5.868    1540.000       0.000    0.0002    6.959  986.929    8.028  430.682    1.957
  20520.00 0.143     717.504       5.744    1940.000       0.000    0.0002    7.238  941.358    7.289  432.386    2.374
  20580.00 0.141     725.630       5.630    1940.000       0.000    0.0002    7.142  849.805    6.107  433.023    1.843
  20640.00 0.136     736.852       4.794    1500.000       0.000    0.0002    6.797  686.039    6.911  433.264    1.572
  20700.00 0.137     730.517       7.594    1580.000       0.000    0.0002    6.107  608.367    5.391  430.166    1.375
  20760.00 0.134     738.036       8.145    1620.000       0.000    0.0002    5.305  453.128    5.880  426.213    1.301
  20820.00 0.138     727.681       5.239    1500.000       0.000    0.0002    4.616  378.646    5.491  422.010    1.191
  20880.00 0.140     729.199      10.453    1540.000       0.000    0.0002    4.158  358.558    4.681  415.899    1.194
  20940.00 0.134     715.418       4.945    1580.000       0.000    0.0002    3.762  433.197    5.733  411.041    1.441
  21000.00 0.131     706.953       2.243    1500.000       0.000    0.0002    3.478  466.212    6.396  409.248    1.230
  21060.00 0.132     703.556       8.481    1500.000       0.000    0.0002    3.339  422.636    4.784  406.661    1.090
  21120.00 0.134     704.444       7.650    1460.000       0.000    0.0002    3.202  374.617    4.164  402.787    1.114
  21180.00 0.138     717.092       4.645    1540.000       0.000    0.0002    3.108  266.267    4.009  400.512    1.340
  21240.00 0.138     704.397      13.050    1460.000       0.000    0.0002    3.072  363.385    5.503  400.238    1.468
  21300.00 0.136     709.209      11.331    1460.000       0.000    0.0002    3.120  452.350    6.348  401.086    1.458
  21360.00 0.129     711.418       4.915    1460.000       0.000    0.0002    3.230  424.214    5.273  402.080    1.198
  21420.00 0.132     699.704       9.741    1500.000       0.000    0.0002    3.396  409.994    5.452  401.855    1.239
  21480.00 0.134     698.834       8.998    1500.000       0.000    0.0002    3.616  509.119    6.548  401.817    1.458
  21540.00 0.132     691.111      13.630    1500.000       0.000    0.0002    3.888  591.338    6.543  404.262    1.531
  21600.00 0.129     686.038       6.340    1420.000       0.000    0.0002    4.258  648.431    6.208  408.420    1.662
  21660.00 0.125     696.406       9.219    1460.000       0.000    0.0002    4.678  658.841    7.107  412.877    1.651
  21720.00 0.132     690.906       5.841    1620.000       0.000    0.0002    5.029  752.070    8.079  417.469    1.879
  21780.00 0.131     697.313      10.933    1500.000       0.000    0.0002    5.193  784.174    8.027  420.714    1.940
  21840.00 0.138     698.723       6.206    1500.000       0.000    0.0002    5.160  831.041    8.644  420.742    2.007
  21900.00 0.141     695.779       5.813    1940.000       0.000    0.0002    5.083  676.468    6.012  420.370    1.510
  21960.00 0.138     694.064       3.781    1500.000       0.000    0.0002    5.146  525.047    6.361  422.511    1.391
  22020.00 0.139     701.054       3.269    1500.000       0.000    0.0002    5.403  581.811    6.282  425.605    1.511
  22080.00 0.146     700.669       9.030    1460.000       0.000    0.0002    5.735  718.811    6.996  427.342    1.751
  22140.00 0.147     696.872       7.321    1620.000       0.000    0.0002    6.105  798.900    6.331  429.798    1.619
  22200.00 0.154     697.781      10.586    1580.000       0.000    0.0002    6.540  787.684    6.543  434.084    1.558
  22260.00 0.153     701.214       6.294    1540.000       0.000    0.0002    6.854  702.557    6.714  437.636    1.726
  22320.00 0.159     709.755       8.160    1540.000       0.000    0.0002    7.159  798.165    6.221  440.232    1.777
  22380.00 0.158     719.661      10.200    1700.000       0.000    0.0002    7.401  782.165    5.824  443.373    1.743
  22440.00 0.160     729.406      10.289    1620.000       0.000    0.0002    7.384  886.244    5.891  447.722    1.559
  22500.00 0.162     737.530      12.139    1540.000       0.000    0.0002    7.342  997.197    7.111  452.022    1.935
  22560.00 0.156     735.757       8.268    1580.000       0.000    0.0002    7.158  959.722    6.626  453.317    2.083
  22620.00 0.149     727.783       5.320    1940.000       0.000    0.0002    6.833  882.119    5.252  450.487    1.602
  22680.00 0.144     721.905       7.925    1940.000       0.000    0.0002    6.560  777.772    6.339  450.534    1.459
  22740.00 0.137     709.023       3.659    1460.000       0.000    0.0002    6.440  444.077    6.026  453.745    1.363
  22800.00 0.149     711.560       4.860    1620.000       0.000    0.0002    6.461  550.831    6.270  455.346    1.520
  22860.00 0.158     718.457       8.457    1540.000       0.000    0.0002    6.763  550.919    6.450  455.073    1.307
  22920.00 0.163     711.779       6.099    1540.000       0.000    0.0002    7.088  574.497    6.694  455.777    1.477
  22980.00 0.166     722.327       3.034    1660.000       0.000    0.0002    7.264  540.116    6.806  459.528    1.487
  23040.00 0.167     735.367       9.707    1620.000       0.000    0.0002    7.360  634.942    7.270  463.782    1.574
  23100.00 0.170     739.770      11.453    1540.000       0.000    0.0002    7.252  677.247    6.467  465.795    1.520
  23160.00 0.170     734.245       7.885    1580.000       0.000    0.0002    7.127  756.607    6.770  466.234    2.060
  23220.00 0.169     745.260       9.104    1540.000       0.000    0.0002    6.872  568.240    6.269  467.640    1.495
  23280.00 0.170     751.149       9.828    1540.000       0.000    0.0002    6.579  463.549    6.411  468.537    1.591
  23340.00 0.165     738.936      14.417    1660.000       0.000    0.0002    6.429  526.086    7.432  468.678    1.544
  23400.00 0.162     729.458       7.500    1540.000       0.000    0.0002    6.450  704.938    7.647  471.074    1.651
  23460.00 0.167     733.909       7.994    1540.000       0.000    0.0002    6.634  949.209    8.611  476.288    1.850
  23520.00 0.160     723.573       9.802    1500.000       0.000    0.0002    6.979  910.446    6.540  481.164    2.094
  23580.00 0.162     724.615       9.502    1540.000       0.000    0.0002    7.412  917.610    7.646  485.704    1.757
  23640.00 0.157     718.696       6.304    1620.000       0.000    0.0002    7.852  737.649    8.035  493.166    1.906
  23700.00 0.156     720.125       6.050    1700.000       0.000    0.0002    8.293  783.377    8.744  502.358    2.092
  23760.00 0.159     724.946       3.164    1660.000       0.000    0.0002    8.583  879.070    8.488  505.888    2.037
  23820.00 0.160     713.884      14.190    1940.000       0.000    0.0002    8.716  847.547    8.702  505.165    2.341
  23880.00 0.158     718.794      14.869    1940.000       0.000    0.0002    8.622  887.102    8.049  504.055    1.832
  23940.00 0.157     728.429       7.683    1940.000       0.000    0.0002    8.478  904.570    6.472  506.794    1.628
  24000.00 0.152     729.359       3.173    1580.000       0.000    0.0002    8.468  798.961    7.189  513.399    1.673
  24060.00 0.149     735.948      19.314    1500.000       0.000    0.0002    8.532  816.981    8.155  520.350    1.846
  24120.00 0.156     735.486      10.000    1540.000       0.000    0.0002    8.723  877.214    9.025  522.500    1.883
  24180.00 0.157     744.713      12.341    1580.000       0.000    0.0002    9.071 1032.728    9.104  520.682    2.314
  24240.00 0.158     744.142       7.790    1940.000       0.000    0.0002    9.380  980.290    7.697  521.039    1.998
  24300.00 0.151     744.782       7.399    1940.000       0.000    0.0002    9.550 1179.469    8.083  526.054    2.047
  24360.00 0.148     739.010       6.832    1940.000       0.000    0.0002    9.977 1022.038    8.140  532.815    2.022
  24420.00 0.153     734.577       7.081    1940.000       0.000    0.0002   10.546  805.692    7.400  538.176    1.900
  24480.00 0.152     742.834       6.892    1940.000       0.000    0.0002   11.165  785.750    7.014  544.143    2.171
  24540.00 0.160     754.412       3.817    1940.000       0.000    0.0002   11.623  819.381    7.752  553.135    2.044
  24600.00 0.161     756.884       9.592    1940.000       0.000    0.0002   11.604  842.728    6.932  558.057    2.050
  24660.00 0.168     753.469       6.792    1940.000       0.000    0.0002   11.092  868.422    7.554  555.400    2.017
  24720.00 0.172     763.272       8.506    1580.000       0.000    0.0002   10.415  859.265    6.023  552.438    1.925
  24780.00 0.173     743.099      10.592    1940.000       0.000    0.0002    9.701  603.900    6.057  545.268    1.892
  24840.00 0.172     749.388       7.994    1620.000       0.000    0.0002    9.007  513.686    6.204  539.048    1.574
  24900.00 0.177     750.303       7.686    1660.000       0.000    0.0002    8.589  490.983    6.341  535.812    1.521
  24960.00 0.181     748.919       5.135    1580.000       0.000    0.0002    8.408  631.162    6.264  531.130    1.618
  25020.00 0.178     748.646       7.606    1540.000       0.000    0.0002    8.137  581.983    6.493  526.791    1.443
  25080.00 0.176     741.219       5.457    1620.000       0.000    0.0002    7.851  594.538    7.424  523.219    1.573
  25140.00 0.177     738.783       6.943    1580.000       0.000    0.0002    7.703  680.508    6.269  521.820    1.512
  25200.00 0.178     749.576      12.421    1660.000       0.000    0.0002    7.761  604.188    6.404  521.826    1.570
  25260.00 0.178     754.615       6.731    1620.000       0.000    0.0002    7.863  586.688    7.427  521.801    1.683
  25320.00 0.175     750.406       8.252    1700.000       0.000    0.0002    7.973  748.256    7.489  519.448    1.799
  25380.00 0.175     757.654      13.492    1660.000       0.000    0.0002    7.860  759.688    6.520  517.724    1.900
  25440.00 0.174     760.028       9.395    1580.000       0.000    0.0002    7.586  851.757    7.604  515.572    2.653
  25500.00 0.170     756.667      11.121    1940.000       0.000    0.0002    7.176 1053.047    6.592  510.386    2.498
  25560.00 0.161     756.000      10.939    1940.000       0.000    0.0002    6.621  872.432    6.252  505.607    2.450
  25620.00 0.160     758.626       6.382    1940.000       0.000    0.0002    6.004  631.718    5.242  502.878    1.612
  25680.00 0.157     757.764      11.025    1740.000       0.000    0.0002    5.321  422.340    5.186  500.131    1.459
  25740.00 0.157     767.477       8.131    1660.000       0.000    0.0002    4.814  354.542    5.132  492.951    1.300
  25800.00 0.154     765.443       4.051    1540.000       0.000    0.0002    4.559  338.804    5.555  486.418    1.388
  25860.00 0.150     762.904       5.840    1620.000       0.000    0.0002    4.268  408.266    6.059  483.893    1.534
  25920.00 0.143     752.034       5.368    1540.000       0.000    0.0002    3.954  431.600    5.795  480.914    1.256
  25980.00 0.144     746.024      22.267    1580.000       0.000    0.0002    3.514  354.319    5.214  474.274    1.183
  26040.00 0.134     748.248      10.365    1500.000       0.000    0.0002    3.136  350.360    4.706  467.041    1.183
  26100.00 0.128     736.023       7.839    1580.000       0.000    0.0002    2.774  324.972    4.341  461.664    1.082
  26160.00 0.129     733.245      10.740    1580.000       0.000    0.0002    2.402  285.706    4.098  457.244    0.936
  26220.00 0.131     726.119       7.463    1500.000       0.000    0.0002    2.183  197.652    4.018  452.394    0.948
  26280.00 0.135     730.903       6.245    1500.000       0.000    0.0002    2.151  204.844    4.142  448.168    0.978
  26340.00 0.136     713.810       8.694    1500.000       0.000    0.0002    2.193  218.681    4.296  446.092    1.029
  26400.00 0.137     702.847       8.719    1500.000       0.000    0.0002    2.331  265.965    5.364  445.997    1.156
  26460.00 0.139     705.282       7.535    1420.000       0.000    0.0002    2.545  346.501    5.851  444.713    1.244
  26520.00 0.131     691.152       3.532    1500.000       0.000    0.0002    2.824  411.630    5.783  442.267    1.266
  26580.00 0.137     690.835       1.172    1380.000       0.000    0.0002    3.119  364.857    5.685  442.333    1.365
  26640.00 0.138     692.522      11.076    1500.000       0.000    0.0002    3.406  357.135    5.416  445.390    1.364
  26700.00 0.145     703.716       4.865    1500.000       0.000    0.0002    3.738  404.718    5.806  448.210    1.186
  26760.00 0.143     708.889       9.607    1500.000       0.000    0.0002    4.096  397.445    5.431  448.285    1.304
  26820.00 0.147     713.289      11.196    1540.000       0.000    0.0002    4.408  419.658    5.724  449.070    1.384
  26880.00 0.154     729.557       8.766    1540.000       0.000    0.0002    4.716  435.841    6.218  453.129    1.584
  26940.00 0.153     728.818      15.623    1500.000       0.000    0.0002    4.978  505.112    5.988  457.337    1.404
  27000.00 0.162     730.151       8.066    1500.000       0.000    0.0002    5.104  512.970    5.837  458.695    1.500
  27060.00 0.156     729.704       9.204    1660.000       0.000    0.0002    5.105  435.637    5.861  459.246    1.556
  27120.00 0.159     720.829       9.739    1700.000       0.000    0.0002    5.023  466.994    5.815  460.608    1.301
  27180.00 0.157     727.039      16.279    1620.000       0.000    0.0002    4.921  470.669    6.137  462.410    1.518
  27240.00 0.156     726.374      13.752    1540.000       0.000    0.0002    4.968  596.711    7.241  465.956    1.612
  27300.00 0.151     717.484       7.903    1460.000       0.000    0.0002    5.212  749.253    8.473  472.292    2.072
  27360.00 0.151     713.247       8.627    1540.000       0.000    0.0002    5.540 1089.380    8.965  478.513    2.252
  27420.00 0.144     711.293       8.129    1940.000       0.000    0.0002    5.782 1394.578    8.374  479.225    2.377
  27480.00 0.156     715.447       3.171    1940.000       0.000    0.0002    5.568 1291.807    8.255  474.032    2.334
  27540.00 0.157     717.205      14.099    1940.000       0.000    0.0002    5.019 1173.626    7.028  472.603    2.291
  27600.00 0.151     711.419       8.000    1940.000       0.000    0.0002    4.351  737.962    4.766  478.973    1.533
  27660.00 0.151     708.065       7.935    1580.000       0.000    0.0002    3.907  421.038    4.736  480.558    1.045
  27720.00 0.145     707.892       5.430    1540.000       0.000    0.0002    3.822  344.797    4.417  469.709    1.137
  27780.00 0.144     706.836       3.553    1380.000       0.000    0.0002    3.996  324.151    4.707  460.432    1.157
  27840.00 0.145     714.257       7.804    1460.000       0.000    0.0002    4.305  371.452    5.148  461.404    1.246
  27900.00 0.151     721.199       5.997    1540.000       0.000    0.0002    4.626  418.871    5.081  463.360    1.141
  27960.00 0.159     728.098       7.669    1540.000       0.000    0.0002    5.101  393.303    5.725  461.796    1.111
  28020.00 0.162     729.063       7.795    1540.000       0.000    0.0002    5.561  379.012    5.654  463.619    1.159
  28080.00 0.161     739.332       8.862    1500.000       0.000    0.0002    6.084  527.302    6.180  469.438    1.475
  28140.00 0.169     748.266       8.642    1540.000       0.000    0.0002    6.483  537.819    5.666  472.192    1.158
  28200.00 0.178     763.967      11.628    1500.000       0.000    0.0002    6.790  572.236    5.194  471.722    1.374
  28260.00 0.180     770.190      11.545    1500.000       0.000    0.0002    6.908  381.470    5.462  473.402    1.341
  28320.00 0.182     770.538       6.237    1500.000       0.000    0.0002    6.973  438.999    6.048  477.508    1.507
  28380.00 0.177     778.451       3.596    1580.000       0.000    0.0002    7.006  556.036    5.865  478.726    1.507
  28440.00 0.171     782.165       9.345    1460.000       0.000    0.0002    7.018  611.761    6.370  476.732    1.656
  28500.00 0.164     784.695      15.661    1580.000       0.000    0.0002    6.967  517.844    6.541  475.828    1.488
  28560.00 0.156     788.339       6.771    1540.000       0.000    0.0002    6.780  539.242    5.967  477.274    1.709
  28620.00 0.154     786.329      11.772    1500.000       0.000    0.0002    6.471  623.243    6.874  476.560    1.681
  28680.00 0.151     780.323      11.774    1460.000       0.000    0.0002    6.180  698.404    7.781  474.791    1.895
  28740.00 0.145     786.924      13.042    1580.000       0.000    0.0002    5.799  850.418    9.136  474.647    2.053
  28800.00 0.147     775.025       5.738    1940.000       0.000    0.0002    5.378  822.065    8.024  473.816    2.205
