#  time      cc     z_cbase    z_ctop_avg  z_ctop_max      zi         we   <<ql>>  <<ql>>_max   w_max   tke     ql_max
     60.00 0.000       0.000       0.000       0.000       0.000    0.0002    0.000    0.000    0.192  616.624    0.000
    120.00 0.000       0.000       0.000       0.000       0.000    0.0002    0.000    0.000    0.274  417.101    0.000
    180.00 0.000       0.000       0.000       0.000       0.000    0.0002    0.000    0.000    0.350  300.144    0.000
    240.00 0.000       0.000       0.000       0.000       0.000    0.0002    0.000    0.000    0.296  225.804    0.000
    300.00 0.000       0.000       0.000       0.000       0.000    0.0002    0.000    0.000    0.294  176.574    0.000
    360.00 0.000       0.000       0.000       0.000       0.000    0.0002    0.000    0.000    0.335  143.398    0.000
    420.00 0.000       0.000       0.000       0.000       0.000    0.0002    0.000    0.000    0.378  121.141    0.000
    480.00 0.000       0.000       0.000       0.000       0.000    0.0002    0.000    0.000    0.388  105.738    0.000
    540.00 0.000       0.000       0.000       0.000       0.000    0.0002    0.000    0.000    0.392   93.904    0.000
    600.00 0.000       0.000       0.000       0.000       0.000    0.0002    0.000    0.000    0.432   84.626    0.000
    660.00 0.000       0.000       0.000       0.000       0.000    0.0002    0.000    0.000    0.451   78.084    0.000
    720.00 0.000       0.000       0.000       0.000       0.000    0.0002    0.000    0.000    0.525   73.778    0.000
    780.00 0.000       0.000       0.000       0.000       0.000    0.0002    0.000    0.000    0.564   70.978    0.000
    840.00 0.000       0.000       0.000       0.000       0.000    0.0002    0.000    0.000    0.553   69.210    0.000
    900.00 0.000       0.000       0.000       0.000       0.000    0.0002    0.000    0.000    0.628   67.986    0.000
    960.00 0.000       0.000       0.000       0.000       0.000    0.0002    0.000    0.000    0.675   67.346    0.000
   1020.00 0.000       0.000       0.000       0.000       0.000    0.0002    0.000    0.000    0.664   67.809    0.000
   1080.00 0.000       0.000       0.000       0.000       0.000    0.0002    0.000    0.000    0.716   69.349    0.000
   1140.00 0.000       0.000       0.000       0.000       0.000    0.0002    0.000    0.000    0.756   71.558    0.000
   1200.00 0.001     580.000       0.000     580.000       0.000    0.0002    0.000    0.925    0.844   74.446    0.021
   1260.00 0.001     580.000       0.000     580.000       0.000    0.0002    0.001    3.161    0.929   78.179    0.071
   1320.00 0.003     561.818       0.000     580.000       0.000    0.0002    0.003    3.012    0.995   82.846    0.068
   1380.00 0.007     564.000       0.000     580.000       0.000    0.0002    0.011    4.263    1.051   88.690    0.096
   1440.00 0.013     566.909       0.000     580.000       0.000    0.0002    0.032    9.927    1.138   95.838    0.135
   1500.00 0.022     565.778       0.000     660.000       0.000    0.0002    0.078   21.019    1.363  104.157    0.214
   1560.00 0.034     567.050       8.058     660.000       0.000    0.0002    0.159   37.958    1.630  113.644    0.337
   1620.00 0.047     567.979       3.420     660.000       0.000    0.0002    0.295   63.377    1.841  124.366    0.478
   1680.00 0.063     567.385       6.846     660.000       0.000    0.0002    0.497   97.584    2.416  136.222    0.673
   1740.00 0.081     567.748       5.586     660.000       0.000    0.0002    0.807  149.315    3.038  149.130    0.852
   1800.00 0.101     567.409       8.426     700.000       0.000    0.0002    1.245  218.834    3.601  163.038    0.962
   1860.00 0.121     568.040       7.273     740.000       0.000    0.0002    1.830  275.042    4.475  177.726    0.983
   1920.00 0.134     568.613       6.350     820.000       0.000    0.0002    2.562  343.016    4.539  192.881    1.170
   1980.00 0.152     568.782       7.019    1300.000       0.000    0.0002    3.405  430.382    5.192  208.170    1.261
   2040.00 0.164     570.104       8.376    1300.000       0.000    0.0002    4.333  489.469    5.087  223.053    1.110
   2100.00 0.177     575.580       7.818    1300.000       0.000    0.0002    5.284  579.555    5.016  237.201    1.543
   2160.00 0.182     579.248       8.376    1420.000       0.000    0.0002    6.200  609.304    6.160  249.945    1.513
   2220.00 0.188     582.286       5.922    1300.000       0.000    0.0002    7.001  624.518    5.194  260.352    1.365
   2280.00 0.192     587.634       5.623    1500.000       0.000    0.0002    7.540  623.242    5.685  268.015    1.380
   2340.00 0.199     588.796       3.956    1540.000       0.000    0.0002    7.934  582.340    5.277  273.136    1.253
   2400.00 0.198     597.980       8.498    1380.000       0.000    0.0002    8.147  577.891    5.025  275.888    1.214
   2460.00 0.199     599.509       6.241    1340.000       0.000    0.0002    8.241  587.377    4.806  276.653    1.436
   2520.00 0.200     603.240       6.285    1340.000       0.000    0.0002    8.320  627.266    6.111  276.230    1.495
   2580.00 0.202     610.048       8.430    1500.000       0.000    0.0002    8.355  657.244    5.873  273.703    1.587
   2640.00 0.193     614.848       7.551    1380.000       0.000    0.0002    8.245  549.310    5.637  268.727    1.554
   2700.00 0.186     622.316       6.737    1460.000       0.000    0.0002    8.030  615.050    5.591  263.152    1.550
   2760.00 0.176     626.482      10.665    1500.000       0.000    0.0002    7.682  593.320    5.853  257.319    1.606
   2820.00 0.166     633.078       7.305    1420.000       0.000    0.0002    7.198  592.511    5.880  250.672    1.682
   2880.00 0.159     635.031       5.890    1380.000       0.000    0.0002    6.626  616.717    4.695  242.781    1.649
   2940.00 0.151     637.290       8.935    1580.000       0.000    0.0002    5.987  452.017    4.368  235.508    1.216
   3000.00 0.147     640.133       6.047    1420.000       0.000    0.0002    5.423  420.562    4.214  229.380    1.153
   3060.00 0.147     649.369      11.495    1500.000       0.000    0.0002    4.790  379.535    4.229  222.627    1.197
   3120.00 0.134     651.111       9.690    1500.000       0.000    0.0002    4.201  418.992    4.553  216.353    1.148
   3180.00 0.133     654.044      11.949    1340.000       0.000    0.0002    3.709  482.976    3.865  210.057    1.135
   3240.00 0.126     651.301       6.097    1380.000       0.000    0.0002    3.295  495.378    3.931  203.564    1.005
   3300.00 0.123     654.127       6.786    1540.000       0.000    0.0002    2.934  457.586    3.419  197.823    0.993
   3360.00 0.119     653.292       4.213    1460.000       0.000    0.0002    2.594  394.674    3.093  192.800    0.874
   3420.00 0.115     653.362       4.298    1380.000       0.000    0.0002    2.279  286.760    3.234  188.554    0.937
   3480.00 0.107     655.353      11.481    1420.000       0.000    0.0002    2.028  315.005    4.268  185.298    1.042
   3540.00 0.100     653.725       1.618    1300.000       0.000    0.0002    1.877  373.718    4.699  182.814    1.245
   3600.00 0.096     649.367       4.810    1300.000       0.000    0.0002    1.847  446.186    4.674  180.576    1.259
   3660.00 0.090     649.348       8.478    1340.000       0.000    0.0002    1.846  450.842    5.228  178.583    1.237
   3720.00 0.088     643.287      12.646    1420.000       0.000    0.0002    1.811  515.088    5.398  177.143    1.391
   3780.00 0.092     641.227       3.307    1340.000       0.000    0.0002    1.720  513.885    4.190  176.100    1.155
   3840.00 0.089     633.661       6.175    1500.000       0.000    0.0002    1.618  356.534    3.592  175.566    0.901
   3900.00 0.088     639.227       9.227    1340.000       0.000    0.0002    1.526  274.310    3.526  175.342    0.890
   3960.00 0.086     631.331       3.513    1380.000       0.000    0.0002    1.466  288.551    3.203  174.728    0.825
   4020.00 0.092     626.455       4.921    1380.000       0.000    0.0002    1.468  268.677    2.853  174.600    0.762
   4080.00 0.086     619.661       9.774    1300.000       0.000    0.0002    1.550  282.393    3.743  175.246    1.006
   4140.00 0.090     617.826       6.630    1300.000       0.000    0.0002    1.668  289.614    4.000  175.991    1.117
   4200.00 0.093     614.660      13.508    1300.000       0.000    0.0002    1.807  281.889    4.240  177.037    1.007
   4260.00 0.087     614.062       9.468    1340.000       0.000    0.0002    1.969  389.056    4.418  178.837    1.129
   4320.00 0.088     605.635       6.961    1300.000       0.000    0.0002    2.161  503.565    4.577  181.176    1.221
   4380.00 0.092     609.787      10.745    1300.000       0.000    0.0002    2.366  551.454    5.003  183.582    1.235
   4440.00 0.095     610.281       6.445    1340.000       0.000    0.0002    2.542  551.516    5.327  185.742    1.316
   4500.00 0.099     607.556       4.790    1300.000       0.000    0.0002    2.670  581.557    4.823  187.561    1.119
   4560.00 0.097     616.768       5.202    1420.000       0.000    0.0002    2.687  536.475    3.299  189.118    0.956
   4620.00 0.103     616.398      10.190    1300.000       0.000    0.0002    2.637  474.463    3.367  190.963    1.015
   4680.00 0.107     614.416       7.094    1300.000       0.000    0.0002    2.558  381.364    3.797  192.666    0.984
   4740.00 0.109     611.588      10.872    1380.000       0.000    0.0002    2.481  267.090    3.271  193.805    0.946
   4800.00 0.112     611.703       4.323    1420.000       0.000    0.0002    2.458  251.753    3.463  194.802    0.865
   4860.00 0.115     609.894       6.582    1460.000       0.000    0.0002    2.549  286.829    3.324  196.146    0.813
   4920.00 0.116     608.186       8.987    1300.000       0.000    0.0002    2.675  320.136    3.791  197.892    0.952
   4980.00 0.117     610.603       7.568    1340.000       0.000    0.0002    2.817  359.415    4.048  199.854    1.204
   5040.00 0.116     608.344       4.612    1300.000       0.000    0.0002    2.956  392.415    4.437  201.863    1.053
   5100.00 0.118     612.697      10.373    1300.000       0.000    0.0002    3.087  453.654    3.928  203.838    0.944
   5160.00 0.122     611.457       6.627    1340.000       0.000    0.0002    3.243  499.689    3.521  206.097    1.083
   5220.00 0.123     614.603       6.865    1380.000       0.000    0.0002    3.468  532.693    3.841  208.769    1.123
   5280.00 0.129     613.636      10.000    1420.000       0.000    0.0002    3.669  548.624    4.789  211.492    1.205
   5340.00 0.132     620.742      11.280    1380.000       0.000    0.0002    3.910  495.845    5.212  213.747    1.228
   5400.00 0.136     618.777       4.532    1460.000       0.000    0.0002    4.124  515.368    4.308  215.303    1.092
   5460.00 0.140     626.713       3.322    1340.000       0.000    0.0002    4.288  561.018    4.211  216.974    1.201
   5520.00 0.140     630.157       5.809    1380.000       0.000    0.0002    4.426  630.122    4.324  219.448    1.220
   5580.00 0.139     627.649       9.123    1340.000       0.000    0.0002    4.501  632.260    4.016  221.980    1.123
   5640.00 0.138     627.943       2.695    1300.000       0.000    0.0002    4.563  541.700    3.905  223.676    1.157
   5700.00 0.135     632.058       9.134    1420.000       0.000    0.0002    4.561  429.798    4.248  224.588    1.374
   5760.00 0.141     638.958       5.313    1380.000       0.000    0.0002    4.447  466.154    4.822  224.717    1.496
   5820.00 0.137     640.677       5.882    1380.000       0.000    0.0002    4.328  512.164    4.656  224.905    1.233
   5880.00 0.137     630.178       6.975    1420.000       0.000    0.0002    4.251  542.063    4.746  225.465    1.233
   5940.00 0.137     624.831      10.906    1460.000       0.000    0.0002    4.174  557.215    4.047  226.771    1.387
   6000.00 0.136     624.007      12.165    1540.000       0.000    0.0002    4.121  542.739    4.129  228.096    1.151
   6060.00 0.138     620.496       6.832    1380.000       0.000    0.0002    4.103  464.797    4.295  228.691    1.121
   6120.00 0.137     622.629       4.050    1460.000       0.000    0.0002    4.157  465.126    3.994  228.909    1.073
   6180.00 0.137     621.993       4.093    1420.000       0.000    0.0002    4.247  417.699    4.334  229.220    1.078
   6240.00 0.140     628.252      10.664    1460.000       0.000    0.0002    4.356  426.238    4.517  230.661    1.221
   6300.00 0.140     627.026       5.600    1380.000       0.000    0.0002    4.448  429.653    4.596  232.973    1.267
   6360.00 0.143     630.735       9.060    1420.000       0.000    0.0002    4.513  395.709    4.956  234.684    1.019
   6420.00 0.143     628.699       5.240    1300.000       0.000    0.0002    4.620  434.804    4.457  236.058    1.019
   6480.00 0.145     628.620       6.094    1420.000       0.000    0.0002    4.760  449.414    4.683  237.673    1.001
   6540.00 0.147     633.045      10.017    1460.000       0.000    0.0002    4.935  396.983    4.608  239.632    1.052
   6600.00 0.147     637.247       5.373    1340.000       0.000    0.0002    5.140  433.514    4.149  241.903    1.028
   6660.00 0.147     640.033       6.988    1380.000       0.000    0.0002    5.370  489.242    4.220  244.520    1.091
   6720.00 0.144     639.966       8.968    1420.000       0.000    0.0002    5.610  477.058    4.363  247.006    1.198
   6780.00 0.144     641.387       7.513    1380.000       0.000    0.0002    5.861  409.253    4.244  249.042    1.189
   6840.00 0.146     645.042       6.277    1380.000       0.000    0.0002    6.068  435.078    4.761  250.885    1.116
   6900.00 0.152     647.692       8.077    1380.000       0.000    0.0002    6.260  408.002    4.910  253.047    1.250
   6960.00 0.151     651.082       5.525    1420.000       0.000    0.0002    6.358  414.746    5.337  255.250    1.302
   7020.00 0.152     652.979       5.121    1420.000       0.000    0.0002    6.295  457.204    5.024  257.026    1.279
   7080.00 0.150     653.355      10.912    1420.000       0.000    0.0002    6.136  485.191    5.528  258.035    1.392
   7140.00 0.151     651.845      15.243    1420.000       0.000    0.0002    5.909  483.774    5.429  258.506    1.301
   7200.00 0.153     656.108       7.656    1420.000       0.000    0.0002    5.720  543.486    5.134  258.018    1.336
   7260.00 0.143     649.488       9.693    1460.000       0.000    0.0002    5.518  515.561    5.468  257.320    1.277
   7320.00 0.143     651.781       8.322    1500.000       0.000    0.0002    5.313  603.100    5.156  256.761    1.200
   7380.00 0.141     652.042       7.509    1380.000       0.000    0.0002    5.096  561.924    4.981  256.075    1.056
   7440.00 0.135     655.499       7.260    1420.000       0.000    0.0002    5.011  420.723    5.117  255.664    1.121
   7500.00 0.133     651.897      10.497    1460.000       0.000    0.0002    4.970  534.019    5.170  256.564    1.311
   7560.00 0.138     644.255       5.993    1420.000       0.000    0.0002    5.046  712.538    5.326  258.183    1.350
   7620.00 0.138     648.551       7.208    1380.000       0.000    0.0002    5.195  804.158    6.320  259.437    1.587
   7680.00 0.137     655.722       3.173    1420.000       0.000    0.0002    5.300  757.078    5.584  260.563    1.515
   7740.00 0.138     658.728       9.329    1340.000       0.000    0.0002    5.304  764.009    5.639  262.670    1.665
   7800.00 0.133     657.582      12.308    1340.000       0.000    0.0002    5.216  801.109    6.160  264.384    1.647
   7860.00 0.136     663.303       8.654    1420.000       0.000    0.0002    4.964  710.608    5.944  263.763    1.450
   7920.00 0.133     656.037      14.679    1460.000       0.000    0.0002    4.585  576.547    5.169  261.617    1.480
   7980.00 0.133     667.366      12.781    1460.000       0.000    0.0002    4.090  449.354    4.186  259.081    1.096
   8040.00 0.134     659.269       4.753    1460.000       0.000    0.0002    3.682  444.921    4.847  257.059    1.141
   8100.00 0.127     649.349       7.893    1420.000       0.000    0.0002    3.420  378.523    4.313  255.184    1.081
   8160.00 0.124     640.355       8.836    1540.000       0.000    0.0002    3.346  367.625    4.660  253.369    1.149
   8220.00 0.122     644.640      10.080    1540.000       0.000    0.0002    3.436  427.894    5.042  253.425    1.204
   8280.00 0.122     652.545       3.647    1420.000       0.000    0.0002    3.540  451.643    4.867  254.448    1.199
   8340.00 0.120     645.772      11.098    1460.000       0.000    0.0002    3.735  453.798    4.714  255.247    1.201
   8400.00 0.122     641.044       9.116    1380.000       0.000    0.0002    3.945  425.330    4.420  256.165    1.150
   8460.00 0.127     651.785       2.534    1500.000       0.000    0.0002    4.144  448.025    3.968  257.618    1.212
   8520.00 0.133     652.059       3.382    1420.000       0.000    0.0002    4.281  502.571    4.298  259.174    1.139
   8580.00 0.130     647.218      13.421    1420.000       0.000    0.0002    4.412  502.511    4.181  260.589    1.142
   8640.00 0.136     657.770       6.799    1420.000       0.000    0.0002    4.516  462.481    4.605  262.516    1.180
   8700.00 0.136     656.136      10.483    1460.000       0.000    0.0002    4.591  444.185    4.851  265.032    1.202
   8760.00 0.139     650.282       3.415    1380.000       0.000    0.0002    4.664  402.614    4.957  266.915    1.207
   8820.00 0.133     648.824      10.551    1380.000       0.000    0.0002    4.717  456.484    4.659  267.696    1.257
   8880.00 0.135     647.148       4.116    1500.000       0.000    0.0002    4.732  569.640    5.110  268.083    1.482
   8940.00 0.141     644.637      10.208    1500.000       0.000    0.0002    4.694  653.923    5.913  268.943    1.378
   9000.00 0.137     645.861      12.469    1580.000       0.000    0.0002    4.718  675.651    6.057  270.624    1.388
   9060.00 0.133     635.119       7.670    1380.000       0.000    0.0002    4.848  653.182    7.259  272.304    1.740
   9120.00 0.131     637.313       9.142    1420.000       0.000    0.0002    5.001  713.284    6.414  272.998    1.327
   9180.00 0.133     640.806       5.678    1460.000       0.000    0.0002    5.216  665.056    4.880  273.482    1.468
   9240.00 0.136     643.943       5.771    1460.000       0.000    0.0002    5.418  640.087    4.403  275.165    1.591
   9300.00 0.136     647.338       4.748    1500.000       0.000    0.0002    5.428  568.253    4.502  277.240    1.471
   9360.00 0.132     663.704       7.444    1420.000       0.000    0.0002    5.342  471.186    5.069  279.114    1.401
   9420.00 0.134     662.190       7.810    1460.000       0.000    0.0002    5.211  542.882    5.981  280.866    1.537
   9480.00 0.136     656.559       6.380    1500.000       0.000    0.0002    5.165  558.056    5.588  281.548    1.354
   9540.00 0.138     666.349       8.571    1380.000       0.000    0.0002    5.247  700.480    6.174  282.148    1.545
   9600.00 0.135     661.297       7.063    1380.000       0.000    0.0002    5.590  954.463    6.550  284.737    1.799
   9660.00 0.127     659.923       4.138    1460.000       0.000    0.0002    5.981 1118.993    7.323  287.340    1.994
   9720.00 0.134     668.816       6.193    1460.000       0.000    0.0002    6.278 1040.210    7.330  290.066    1.952
   9780.00 0.135     665.425      10.271    1460.000       0.000    0.0002    6.460  996.716    6.317  294.148    1.999
   9840.00 0.137     667.460       7.496    1460.000       0.000    0.0002    6.503  939.467    6.056  295.775    2.127
   9900.00 0.138     669.823       7.208    1940.000       0.000    0.0002    6.265  737.233    5.668  294.608    1.738
   9960.00 0.143     672.877      10.000    1940.000       0.000    0.0002    5.950  581.559    5.145  293.242    1.458
  10020.00 0.136     668.587       3.184    1460.000       0.000    0.0002    5.704  581.428    4.497  292.958    1.027
  10080.00 0.139     664.429       6.151    1460.000       0.000    0.0002    5.678  621.470    4.526  291.659    1.070
  10140.00 0.140     670.852       4.870    1460.000       0.000    0.0002    5.726  623.914    4.832  289.780    1.139
  10200.00 0.139     665.915      10.211    1500.000       0.000    0.0002    5.712  596.698    4.645  290.070    1.206
  10260.00 0.136     671.449      11.878    1500.000       0.000    0.0002    5.604  604.288    4.844  289.971    1.252
  10320.00 0.138     677.385       6.396    1620.000       0.000    0.0002    5.385  559.681    4.537  288.716    1.448
  10380.00 0.139     669.474       6.667    1460.000       0.000    0.0002    5.086  497.493    4.726  288.075    1.425
  10440.00 0.134     676.873       7.745    1500.000       0.000    0.0002    4.781  482.089    4.616  287.766    1.408
  10500.00 0.133     679.926       4.632    1420.000       0.000    0.0002    4.502  455.903    4.378  285.889    1.151
  10560.00 0.131     675.940      13.706    1500.000       0.000    0.0002    4.267  426.154    5.099  284.075    1.212
  10620.00 0.126     666.576       7.350    1460.000       0.000    0.0002    4.213  591.254    5.869  283.512    1.469
  10680.00 0.132     666.125       8.487    1460.000       0.000    0.0002    4.270  669.134    6.161  283.744    1.651
  10740.00 0.129     664.159      10.132    1500.000       0.000    0.0002    4.414  686.350    5.510  284.069    1.509
  10800.00 0.125     662.335       8.249    1420.000       0.000    0.0002    4.620  693.878    6.284  284.971    1.643
  10860.00 0.132     660.000       9.259    1460.000       0.000    0.0002    4.776  638.897    4.871  286.410    1.375
  10920.00 0.130     670.337       4.869    1500.000       0.000    0.0002    4.756  533.812    5.154  287.789    1.338
  10980.00 0.133     659.193       6.422    1500.000       0.000    0.0002    4.690  499.098    5.750  289.614    1.258
  11040.00 0.133     665.568       7.509    1420.000       0.000    0.0002    4.593  493.974    5.056  289.852    1.196
  11100.00 0.144     666.327      12.959    1420.000       0.000    0.0002    4.533  485.725    5.889  288.844    1.201
  11160.00 0.143     657.812       2.051    1500.000       0.000    0.0002    4.515  497.082    6.455  288.765    1.404
  11220.00 0.140     660.139       2.296    1460.000       0.000    0.0002    4.523  656.173    6.236  289.873    1.363
  11280.00 0.141     647.820       5.848    1420.000       0.000    0.0002    4.406  735.068    5.567  289.710    1.578
  11340.00 0.140     658.122       9.183    1540.000       0.000    0.0002    4.165  642.709    4.904  288.326    1.157
  11400.00 0.139     655.360       8.295    1420.000       0.000    0.0002    3.929  529.466    4.658  287.658    1.188
  11460.00 0.137     665.125       8.505    1420.000       0.000    0.0002    3.748  414.180    4.409  286.536    1.071
  11520.00 0.141     671.349       8.374    1380.000       0.000    0.0002    3.599  444.933    4.323  285.068    1.076
  11580.00 0.139     666.678       3.480    1420.000       0.000    0.0002    3.417  438.237    4.180  283.794    1.167
  11640.00 0.134     666.849       5.974    1380.000       0.000    0.0002    3.308  312.747    3.949  282.179    1.010
  11700.00 0.133     661.324       7.721    1460.000       0.000    0.0002    3.239  304.836    4.803  281.407    1.137
  11760.00 0.133     659.779       2.426    1500.000       0.000    0.0002    3.236  378.278    4.906  281.923    0.996
  11820.00 0.130     659.550       3.415    1420.000       0.000    0.0002    3.384  465.104    4.532  282.448    1.008
  11880.00 0.134     659.417       5.100    1340.000       0.000    0.0002    3.654  501.975    4.167  282.762    1.098
  11940.00 0.135     655.805       2.893    1380.000       0.000    0.0002    3.958  466.286    4.492  283.710    1.096
  12000.00 0.138     662.340      12.305    1500.000       0.000    0.0002    4.258  377.633    4.279  285.381    1.104
  12060.00 0.136     666.022       9.104    1420.000       0.000    0.0002    4.573  390.160    5.177  287.835    1.247
  12120.00 0.143     662.329       8.733    1420.000       0.000    0.0002    4.971  437.826    5.158  291.358    1.260
  12180.00 0.138     665.390       7.801    1460.000       0.000    0.0002    5.451  435.035    6.040  295.904    1.269
  12240.00 0.138     667.350       3.498    1380.000       0.000    0.0002    5.944  590.666    7.000  301.781    1.372
  12300.00 0.139     668.366       7.487    1420.000       0.000    0.0002    6.478  732.067    7.600  309.647    1.732
  12360.00 0.143     674.726       6.541    1500.000       0.000    0.0002    7.007  962.598    8.478  318.994    1.906
  12420.00 0.142     682.749       4.089    1460.000       0.000    0.0002    7.387 1162.699    7.636  326.634    1.851
  12480.00 0.145     679.966       6.476    1940.000       0.000    0.0002    7.577 1181.885    8.099  331.368    2.243
  12540.00 0.145     677.297      11.926    1940.000       0.000    0.0002    7.415  888.073    7.986  332.354    1.848
  12600.00 0.142     673.379       5.489    1700.000       0.000    0.0002    7.005  694.602    6.352  334.975    1.808
  12660.00 0.148     670.957       7.459    1500.000       0.000    0.0002    6.666  562.570    5.860  337.452    1.634
  12720.00 0.149     666.623       7.672    1500.000       0.000    0.0002    6.426  470.160    6.496  335.590    1.315
  12780.00 0.152     671.594       6.119    1460.000       0.000    0.0002    6.195  448.009    5.073  335.595    1.300
  12840.00 0.152     675.064       7.917    1460.000       0.000    0.0002    6.099  477.008    5.842  338.464    1.374
  12900.00 0.153     676.715       5.614    1500.000       0.000    0.0002    6.168  541.985    5.573  339.798    1.333
  12960.00 0.155     672.555       7.287    1460.000       0.000    0.0002    6.500  625.013    5.570  339.062    1.357
  13020.00 0.152     667.588       8.617    1420.000       0.000    0.0002    6.934  592.585    5.935  340.924    1.445
  13080.00 0.155     668.315       7.276    1500.000       0.000    0.0002    7.358  681.709    6.642  347.507    1.436
  13140.00 0.158     667.581       7.488    1500.000       0.000    0.0002    7.931  766.739    7.306  356.074    1.659
  13200.00 0.157     675.504       6.016    1420.000       0.000    0.0002    8.477  860.755    6.923  363.231    1.786
  13260.00 0.159     679.109      13.548    1460.000       0.000    0.0002    8.895  824.768    7.647  368.929    1.879
  13320.00 0.157     691.229       7.994    1540.000       0.000    0.0002    9.130 1018.165    8.294  373.143    1.935
  13380.00 0.156     686.521       7.207    1460.000       0.000    0.0002    9.007 1074.306    8.587  373.912    2.324
  13440.00 0.162     685.257       6.435    1940.000       0.000    0.0002    8.648  959.630    7.059  374.607    1.565
  13500.00 0.158     693.704      10.062    1580.000       0.000    0.0002    8.400  651.292    6.020  379.008    1.417
  13560.00 0.155     683.507       7.646    1540.000       0.000    0.0002    8.266  560.651    6.663  382.270    1.490
  13620.00 0.156     688.920       8.732    1420.000       0.000    0.0002    8.329  581.163    6.811  381.268    1.687
  13680.00 0.153     685.710      10.175    1460.000       0.000    0.0002    8.701  643.223    6.527  382.011    1.641
  13740.00 0.152     682.885       4.936    1580.000       0.000    0.0002    9.173  908.607    7.713  388.981    1.860
  13800.00 0.152     685.577       6.282    1540.000       0.000    0.0002    9.683 1160.451    9.673  400.071    2.204
  13860.00 0.155     689.606       8.504    1580.000       0.000    0.0002    9.892 1371.892    9.914  405.268    2.350
  13920.00 0.153     687.668       7.157    1940.000       0.000    0.0002    9.849 1348.576    7.185  404.686    2.467
  13980.00 0.152     696.474       4.295    1940.000       0.000    0.0002    9.629 1165.151    6.056  408.470    2.013
  14040.00 0.143     693.709      11.009    1580.000       0.000    0.0002    9.162  951.284    6.422  416.872    1.576
  14100.00 0.144     687.005       3.993    1540.000       0.000    0.0002    8.892  989.266    6.384  418.971    1.918
  14160.00 0.141     675.986       4.948    1500.000       0.000    0.0002    8.955  978.082    6.472  414.365    1.811
  14220.00 0.144     673.922       5.637    1500.000       0.000    0.0002    9.200 1035.078    6.019  414.545    1.845
  14280.00 0.151     690.405       9.692    1940.000       0.000    0.0002    9.629  988.770    6.449  423.625    1.857
  14340.00 0.149     685.948       3.889    1540.000       0.000    0.0002   10.379 1028.651    8.108  436.062    2.580
  14400.00 0.146     676.494       5.776    1940.000       0.000    0.0002   11.398 1219.349    9.441  445.854    2.549
  14460.00 0.153     695.974       6.262    1940.000       0.000    0.0002   12.149 1289.809    8.173  451.532    2.866
  14520.00 0.157     700.186       8.837    1940.000       0.000    0.0002   12.329 1194.227    9.977  456.239    2.799
  14580.00 0.166     718.262      12.194    1940.000       0.000    0.0002   12.102 1302.782    7.125  463.248    2.276
  14640.00 0.165     723.205       9.703    1940.000       0.000    0.0002   11.842 1131.877    6.456  472.040    1.978
  14700.00 0.163     715.007      11.719    1940.000       0.000    0.0002   11.668 1097.431    8.095  473.425    1.777
  14760.00 0.168     716.919       6.163    1940.000       0.000    0.0002   11.269 1067.808    9.134  469.801    1.845
  14820.00 0.163     715.172       9.895    1660.000       0.000    0.0002   10.637 1174.674    7.149  470.322    2.119
  14880.00 0.162     717.530      12.259    1540.000       0.000    0.0002    9.866 1122.311    6.352  470.874    2.110
  14940.00 0.163     716.216       7.267    1540.000       0.000    0.0002    8.928 1177.609    6.677  460.969    1.878
  15000.00 0.161     727.375      10.410    1660.000       0.000    0.0002    8.094 1061.402    5.999  446.736    1.648
  15060.00 0.162     717.952       8.825    1940.000       0.000    0.0002    7.369  806.068    6.092  435.246    1.427
  15120.00 0.161     724.012       7.325    1500.000       0.000    0.0002    6.821  524.563    5.232  430.106    1.311
  15180.00 0.161     724.848       6.788    1540.000       0.000    0.0002    6.450  598.487    6.765  426.290    1.586
  15240.00 0.156     720.597       4.772    1540.000       0.000    0.0002    6.236  754.152    5.804  420.665    1.551
  15300.00 0.150     709.091       3.734    1540.000       0.000    0.0002    6.083  729.633    5.594  414.501    1.616
  15360.00 0.146     708.294       5.719    1460.000       0.000    0.0002    6.055  718.388    5.475  411.466    1.612
  15420.00 0.142     709.141       9.656    1540.000       0.000    0.0002    6.062  708.370    5.766  412.309    1.551
  15480.00 0.143     707.509       9.317    1580.000       0.000    0.0002    6.005  727.086    6.753  412.485    1.593
  15540.00 0.143     719.353       4.463    1620.000       0.000    0.0002    6.005  716.360    6.754  407.626    1.382
  15600.00 0.142     725.473       0.998    1540.000       0.000    0.0002    5.926  783.726    8.519  403.544    1.826
  15660.00 0.140     714.406       4.021    1540.000       0.000    0.0002    5.687  747.319    5.403  402.159    1.449
  15720.00 0.144     714.762       4.626    1540.000       0.000    0.0002    5.424  581.581    5.464  400.371    1.599
  15780.00 0.139     706.257      12.970    1660.000       0.000    0.0002    5.235  456.351    5.742  397.623    1.499
  15840.00 0.143     720.548      10.034    1500.000       0.000    0.0002    5.182  527.486    6.046  397.465    1.386
  15900.00 0.137     709.520       7.744    1620.000       0.000    0.0002    5.267  678.453    6.876  400.306    1.522
  15960.00 0.134     701.170      15.247    1500.000       0.000    0.0002    5.447  732.625    6.894  400.628    1.706
  16020.00 0.127     699.306       1.272    1460.000       0.000    0.0002    5.499  760.331    7.694  396.966    1.820
  16080.00 0.125     695.253       5.447    1460.000       0.000    0.0002    5.455  744.282    5.870  394.599    1.494
  16140.00 0.126     698.992      10.233    1460.000       0.000    0.0002    5.339  655.805    5.170  396.028    1.310
  16200.00 0.120     703.333      14.065    1420.000       0.000    0.0002    5.119  459.571    6.497  395.790    1.435
  16260.00 0.125     714.141       2.539    1580.000       0.000    0.0002    4.885  460.245    6.884  392.367    1.581
  16320.00 0.129     720.493       3.719    1740.000       0.000    0.0002    4.644  431.723    5.043  390.024    1.158
  16380.00 0.123     729.444       8.135    1500.000       0.000    0.0002    4.396  461.111    5.524  388.879    1.189
  16440.00 0.119     716.475       1.434    1500.000       0.000    0.0002    4.226  516.971    6.774  385.713    1.341
  16500.00 0.120     710.449      14.531    1420.000       0.000    0.0002    4.137  572.180    6.246  383.299    1.294
  16560.00 0.115     693.291      11.592    1460.000       0.000    0.0002    4.183  577.997    5.558  384.944    1.290
  16620.00 0.111     691.491       5.263    1460.000       0.000    0.0002    4.378  613.460    5.882  387.241    1.468
  16680.00 0.112     690.306       7.904    1460.000       0.000    0.0002    4.547  630.581    6.887  388.569    1.515
  16740.00 0.109     678.613      10.067    1420.000       0.000    0.0002    4.721  809.795    7.425  391.340    1.775
  16800.00 0.115     678.475      14.873    1420.000       0.000    0.0002    4.869  791.814    8.140  393.118    1.667
  16860.00 0.120     673.035       8.187    1460.000       0.000    0.0002    4.955  860.235    7.340  393.279    1.533
  16920.00 0.122     667.824       9.741    1420.000       0.000    0.0002    4.966  795.819    7.463  396.334    1.693
  16980.00 0.128     665.181       5.638    1540.000       0.000    0.0002    4.835  989.202    6.316  400.339    1.848
  17040.00 0.135     667.233      10.344    1580.000       0.000    0.0002    4.700 1011.198    6.532  401.108    1.814
  17100.00 0.134     656.934       5.547    1580.000       0.000    0.0002    4.604  886.546    5.533  396.450    1.667
  17160.00 0.137     660.000       9.059    1580.000       0.000    0.0002    4.556  580.250    5.077  392.961    1.500
  17220.00 0.144     659.660       5.365    1500.000       0.000    0.0002    4.609  377.979    5.035  393.799    1.164
  17280.00 0.149     658.301       8.170    1500.000       0.000    0.0002    4.812  428.379    5.320  396.158    1.302
  17340.00 0.149     659.803      10.820    1500.000       0.000    0.0002    5.329  529.216    6.643  398.809    1.386
  17400.00 0.152     659.742      11.723    1460.000       0.000    0.0002    5.987  677.483    6.935  404.482    1.572
  17460.00 0.161     674.164       6.839    1500.000       0.000    0.0002    6.910  751.593    7.064  414.137    1.684
  17520.00 0.157     670.745       9.814    1540.000       0.000    0.0002    7.967  965.532    7.526  425.256    1.871
  17580.00 0.165     686.766       9.258    1540.000       0.000    0.0002    9.066 1047.095    8.499  435.172    2.034
  17640.00 0.168     692.116       4.783    1940.000       0.000    0.0002    9.917 1057.513    6.832  444.262    1.994
  17700.00 0.172     687.727       3.608    1940.000       0.000    0.0002   10.357 1045.519    7.348  455.419    1.834
  17760.00 0.171     699.030       8.873    1940.000       0.000    0.0002   10.584  818.349    7.100  465.967    2.063
  17820.00 0.177     703.315       7.680    1580.000       0.000    0.0002   10.605  907.451    6.965  471.511    1.938
  17880.00 0.177     698.290      11.586    1940.000       0.000    0.0002   10.595  979.317    7.633  472.674    1.698
  17940.00 0.174     709.845       6.385    1940.000       0.000    0.0002   10.596  883.679    7.572  475.743    1.956
  18000.00 0.178     710.082       8.466    1580.000       0.000    0.0002   10.322  987.103    7.293  475.184    1.644
  18060.00 0.177     714.691       5.667    1620.000       0.000    0.0002    9.642  837.201    6.981  471.886    1.982
  18120.00 0.178     708.164       7.699    1940.000       0.000    0.0002    8.601  819.471    6.215  467.925    1.843
  18180.00 0.182     724.247       4.570    1660.000       0.000    0.0002    7.584  628.119    5.963  464.131    1.366
  18240.00 0.176     701.828       6.565    1540.000       0.000    0.0002    6.758  501.155    5.128  460.084    1.375
  18300.00 0.175     713.501      10.404    1700.000       0.000    0.0002    6.296  523.785    5.545  452.127    1.392
  18360.00 0.178     709.341      11.044    1620.000       0.000    0.0002    6.003  471.043    5.417  443.309    1.175
  18420.00 0.178     713.151       6.329    1660.000       0.000    0.0002    5.880  536.246    5.424  439.868    1.221
  18480.00 0.176     722.611       9.139    1580.000       0.000    0.0002    5.837  562.925    6.105  440.037    1.421
  18540.00 0.176     723.477       8.790    1660.000       0.000    0.0002    5.835  551.124    5.810  438.573    1.629
  18600.00 0.162     710.755      10.785    1580.000       0.000    0.0002    5.910  567.336    6.278  435.694    1.880
  18660.00 0.164     726.607       4.464    1660.000       0.000    0.0002    5.990  721.450    6.940  435.704    1.626
  18720.00 0.160     716.317       7.732    1500.000       0.000    0.0002    6.093  759.722    7.523  439.703    1.489
  18780.00 0.155     712.765       9.700    1500.000       0.000    0.0002    6.226  741.380    7.199  443.723    1.664
  18840.00 0.146     709.097       5.719    1500.000       0.000    0.0002    6.228  652.872    7.376  444.389    1.887
  18900.00 0.142     710.772       5.317    1540.000       0.000    0.0002    6.079  711.884    7.129  442.770    1.835
  18960.00 0.143     708.699       1.130    1500.000       0.000    0.0002    5.817  697.588    5.846  438.943    1.573
  19020.00 0.133     707.985       8.388    1540.000       0.000    0.0002    5.308  587.750    4.804  434.949    1.430
  19080.00 0.135     710.362      10.254    1700.000       0.000    0.0002    4.759  418.761    5.024  431.328    1.363
  19140.00 0.128     708.076       3.543    1540.000       0.000    0.0002    4.500  403.249    4.267  427.018    1.007
  19200.00 0.123     716.396       4.713    1460.000       0.000    0.0002    4.432  309.515    4.718  423.216    1.188
  19260.00 0.125     718.552      11.898    1460.000       0.000    0.0002    4.488  331.492    4.523  421.003    1.153
  19320.00 0.125     713.647       8.039    1580.000       0.000    0.0002    4.575  347.977    4.612  420.514    1.339
  19380.00 0.121     717.706       6.640    1540.000       0.000    0.0002    4.610  435.323    5.559  419.448    1.316
  19440.00 0.126     715.301      13.631    1540.000       0.000    0.0002    4.538  511.824    6.092  418.173    1.384
  19500.00 0.121     713.790       9.718    1540.000       0.000    0.0002    4.509  639.355    7.003  419.521    1.559
  19560.00 0.116     711.908       4.570    1460.000       0.000    0.0002    4.585  622.567    6.825  421.129    1.733
  19620.00 0.124     708.379       4.506    1460.000       0.000    0.0002    4.544  727.939    6.336  418.439    1.660
  19680.00 0.122     710.720       8.960    1500.000       0.000    0.0002    4.341  700.604    6.090  413.152    1.537
  19740.00 0.119     694.579       6.366    1620.000       0.000    0.0002    3.917  655.452    5.911  410.290    1.713
  19800.00 0.113     692.641       2.684    1540.000       0.000    0.0002    3.536  493.499    5.799  409.720    1.391
  19860.00 0.116     688.692       4.768    1540.000       0.000    0.0002    3.269  470.003    6.147  406.631    1.338
  19920.00 0.114     674.249      10.343    1460.000       0.000    0.0002    3.085  577.215    5.560  401.570    1.298
  19980.00 0.121     682.857       7.565    1580.000       0.000    0.0002    2.929  548.818    5.770  398.788    1.401
  20040.00 0.122     675.489       7.106    1500.000       0.000    0.0002    2.883  535.823    5.537  397.989    1.404
  20100.00 0.126     674.214       7.534    1660.000       0.000    0.0002    2.897  407.030    4.515  397.243    1.138
  20160.00 0.126     660.699      12.816    1580.000       0.000    0.0002    3.003  442.031    5.899  397.648    1.518
  20220.00 0.124     663.787       9.191    1460.000       0.000    0.0002    3.280  575.097    7.388  399.796    1.632
  20280.00 0.128     673.867       5.181    1500.000       0.000    0.0002    3.632  690.579    7.695  402.458    1.671
  20340.00 0.133     670.716       9.138    1620.000       0.000    0.0002    4.052  714.181    7.264  404.708    1.704
  20400.00 0.135     676.159      18.551    1420.000       0.000    0.0002    4.475  740.742    7.795  406.436    1.839
  20460.00 0.136     678.495       7.061    1500.000       0.000    0.0002    4.741  780.335    8.235  408.294    1.761
  20520.00 0.147     678.339      11.362    1540.000       0.000    0.0002    4.965  730.975    6.370  410.996    1.717
  20580.00 0.142     682.483       9.862    1500.000       0.000    0.0002    5.041  617.081    6.567  413.389    1.512
  20640.00 0.151     681.553       7.379    1420.000       0.000    0.0002    5.163  494.085    6.524  415.409    1.502
  20700.00 0.150     690.244       4.553    1460.000       0.000    0.0002    5.332  496.631    6.755  418.264    1.491
  20760.00 0.145     678.752      10.624    1340.000       0.000    0.0002    5.675  619.196    6.948  423.318    1.789
  20820.00 0.148     685.785       8.364    1460.000       0.000    0.0002    6.299  820.644    7.963  429.624    1.927
  20880.00 0.146     677.659       6.555    1500.000       0.000    0.0002    7.032 1030.989    8.930  437.150    2.297
  20940.00 0.157     693.583       5.888    1940.000       0.000    0.0002    7.613 1140.435    9.651  443.155    2.816
  21000.00 0.158     696.549      10.416    1940.000       0.000    0.0002    7.904  963.600    7.587  445.549    2.501
  21060.00 0.155     694.025      12.987    2020.000       0.000    0.0002    7.868  838.452    6.795  451.483    1.776
  21120.00 0.156     709.091      10.564    1940.000       0.000    0.0002    7.836  796.908    6.979  462.362    1.868
  21180.00 0.155     707.330       7.204    1540.000       0.000    0.0002    7.987  691.521    6.929  466.976    2.021
  21240.00 0.156     710.375       7.500    1940.000       0.000    0.0002    8.136  626.669    7.214  465.142    1.685
  21300.00 0.159     712.473       2.949    1580.000       0.000    0.0002    8.227  652.136    6.499  467.958    1.802
  21360.00 0.158     720.711       8.717    1580.000       0.000    0.0002    8.213  572.458    6.029  473.598    1.761
  21420.00 0.157     728.465       8.930    1500.000       0.000    0.0002    7.964  670.218    7.926  474.726    1.764
  21480.00 0.155     718.297       6.530    1540.000       0.000    0.0002    7.660  812.578    8.062  473.671    1.939
  21540.00 0.150     724.430      10.228    1940.000       0.000    0.0002    7.304  830.304    7.174  473.219    1.811
  21600.00 0.147     719.370       8.922    1620.000       0.000    0.0002    6.935  834.805    7.463  472.066    1.744
  21660.00 0.148     725.521       7.669    1700.000       0.000    0.0002    6.467  780.816    6.071  468.503    1.574
  21720.00 0.145     725.791       8.350    1620.000       0.000    0.0002    5.901  544.737    6.095  465.257    1.406
  21780.00 0.144     721.361      15.476    1540.000       0.000    0.0002    5.273  492.019    4.950  462.062    1.407
  21840.00 0.146     713.087       4.899    1540.000       0.000    0.0002    4.755  452.893    5.804  456.663    1.401
  21900.00 0.145     703.704      10.774    1460.000       0.000    0.0002    4.351  404.428    5.717  450.216    1.212
  21960.00 0.149     702.026      10.980    1540.000       0.000    0.0002    4.119  341.505    5.766  445.901    1.214
  22020.00 0.148     686.557       8.567    1500.000       0.000    0.0002    4.002  290.441    5.014  443.920    1.061
  22080.00 0.155     693.555      10.806    1580.000       0.000    0.0002    3.940  314.838    4.982  442.115    1.101
  22140.00 0.153     694.505      12.748    1500.000       0.000    0.0002    3.996  314.097    4.803  439.043    1.146
  22200.00 0.158     699.691       8.488    1620.000       0.000    0.0002    4.136  299.590    4.920  436.921    1.227
  22260.00 0.162     698.852      10.574    1420.000       0.000    0.0002    4.234  353.183    5.054  437.298    1.147
  22320.00 0.166     707.000      10.618    1500.000       0.000    0.0002    4.404  350.130    5.529  438.690    1.245
  22380.00 0.169     708.012       6.888    1460.000       0.000    0.0002    4.645  410.641    5.938  440.533    1.401
  22440.00 0.174     707.518       9.116    1460.000       0.000    0.0002    4.880  475.357    6.207  443.386    1.433
  22500.00 0.169     701.962       4.704    1460.000       0.000    0.0002    5.005  450.896    6.176  446.067    1.244
  22560.00 0.168     708.559       9.287    1500.000       0.000    0.0002    5.193  403.621    5.470  448.282    1.410
  22620.00 0.170     710.029       7.650    1500.000       0.000    0.0002    5.434  412.646    5.614  451.224    1.270
  22680.00 0.170     715.482      12.173    1580.000       0.000    0.0002    5.721  464.045    5.954  454.587    1.469
  22740.00 0.165     715.822       7.141    1420.000       0.000    0.0002    5.988  574.936    6.642  457.681    1.452
  22800.00 0.162     715.324       8.024    1460.000       0.000    0.0002    6.312  620.304    6.276  461.421    1.636
  22860.00 0.164     713.294       7.869    1540.000       0.000    0.0002    6.656  707.251    7.743  466.048    1.882
  22920.00 0.161     719.425       8.230    1460.000       0.000    0.0002    6.888  796.978    7.834  470.349    2.061
  22980.00 0.159     731.323       5.877    1540.000       0.000    0.0002    6.974  920.385    8.040  473.228    2.041
  23040.00 0.163     733.593      12.036    1660.000       0.000    0.0002    6.979  800.721    7.991  472.456    2.146
  23100.00 0.164     740.775       8.584    1940.000       0.000    0.0002    6.766  520.128    5.697  470.864    2.005
  23160.00 0.164     736.845       4.226    1660.000       0.000    0.0002    6.469  515.206    5.487  472.658    1.756
  23220.00 0.163     729.970       5.556    1620.000       0.000    0.0002    6.118  465.352    5.073  473.923    1.269
  23280.00 0.160     722.630       5.505    1540.000       0.000    0.0002    5.938  341.532    5.620  471.958    1.262
  23340.00 0.160     725.015      13.058    1540.000       0.000    0.0002    5.882  340.374    6.152  470.193    1.264
  23400.00 0.164     723.690       3.304    1580.000       0.000    0.0002    5.954  362.810    5.862  471.584    1.386
  23460.00 0.164     717.679       9.702    1580.000       0.000    0.0002    6.166  374.885    5.403  472.483    1.237
  23520.00 0.170     720.057       3.639    1460.000       0.000    0.0002    6.383  417.979    5.725  472.220    1.473
  23580.00 0.167     728.580       6.676    1500.000       0.000    0.0002    6.686  621.794    6.362  474.710    1.583
  23640.00 0.167     733.460       7.241    1540.000       0.000    0.0002    7.045  820.557    7.592  480.138    1.729
  23700.00 0.170     740.745      13.467    1540.000       0.000    0.0002    7.376  930.659    7.149  483.985    1.993
  23760.00 0.171     745.869       6.610    1580.000       0.000    0.0002    7.693  826.115    7.152  486.265    2.012
  23820.00 0.168     747.151      11.628    1620.000       0.000    0.0002    7.872  781.829    8.421  489.840    1.793
  23880.00 0.167     738.307      10.569    1420.000       0.000    0.0002    8.086  856.598    7.765  496.499    2.011
  23940.00 0.163     735.037       9.417    1460.000       0.000    0.0002    8.274  976.079    8.331  504.881    2.153
  24000.00 0.166     739.706       6.402    1940.000       0.000    0.0002    8.449 1014.660    8.301  510.642    2.280
  24060.00 0.166     743.481       4.543    1940.000       0.000    0.0002    8.433  941.925    8.728  510.149    2.277
  24120.00 0.160     741.710      14.168    1940.000       0.000    0.0002    8.291 1033.177    9.713  510.803    2.345
  24180.00 0.163     733.713       7.066    1940.000       0.000    0.0002    7.879 1203.007    8.191  510.544    2.496
  24240.00 0.156     745.840      12.214    1940.000       0.000    0.0002    7.294  934.383    7.224  505.325    1.903
  24300.00 0.151     735.081      13.236    1940.000       0.000    0.0002    6.844  727.449    7.163  501.815    1.601
  24360.00 0.149     734.614      12.151    1940.000       0.000    0.0002    6.368  582.377    6.589  496.444    1.674
  24420.00 0.142     737.034       8.897    1660.000       0.000    0.0002    5.857  623.507    6.605  489.861    1.610
  24480.00 0.146     740.333       8.833    1660.000       0.000    0.0002    5.345  618.809    7.112  483.142    1.590
  24540.00 0.148     742.310       5.644    1620.000       0.000    0.0002    4.890  637.744    5.032  476.598    1.496
  24600.00 0.148     740.791       5.502    1620.000       0.000    0.0002    4.599  469.437    5.501  470.712    1.342
  24660.00 0.147     736.821       8.642    1540.000       0.000    0.0002    4.347  446.556    5.698  466.393    1.365
  24720.00 0.144     745.705       7.810    1660.000       0.000    0.0002    4.313  463.194    6.353  464.461    1.406
  24780.00 0.144     743.316       9.746    1540.000       0.000    0.0002    4.400  442.932    5.872  462.889    1.447
  24840.00 0.139     741.891       6.970    1580.000       0.000    0.0002    4.643  523.568    6.562  460.324    1.613
  24900.00 0.139     743.093      16.555    1540.000       0.000    0.0002    4.775  559.905    6.856  458.460    1.561
  24960.00 0.149     738.621       2.167    1580.000       0.000    0.0002    4.874  526.568    6.524  458.705    1.609
  25020.00 0.140     738.678       8.104    1460.000       0.000    0.0002    4.870  594.731    6.554  458.132    1.530
  25080.00 0.140     725.271      12.182    1540.000       0.000    0.0002    4.837  515.755    5.453  456.006    1.470
  25140.00 0.141     714.583      11.354    1580.000       0.000    0.0002    4.803  577.521    5.466  455.270    1.512
  25200.00 0.140     720.557       3.659    1540.000       0.000    0.0002    4.767  615.632    5.533  456.455    1.649
  25260.00 0.136     711.234       6.547    1500.000       0.000    0.0002    4.814  717.527    5.893  457.973    1.637
  25320.00 0.140     720.384       7.749    1540.000       0.000    0.0002    4.956  737.744    5.387  456.897    1.928
  25380.00 0.140     705.035       6.503    1420.000       0.000    0.0002    5.167  618.528    6.295  455.521    1.896
  25440.00 0.142     715.586       6.448    1620.000       0.000    0.0002    5.287  539.385    6.721  457.852    1.757
  25500.00 0.141     725.976       6.874    1660.000       0.000    0.0002    5.282  590.090    7.421  461.455    1.739
  25560.00 0.146     733.903       7.203    1580.000       0.000    0.0002    5.322  579.862    5.977  462.705    1.520
  25620.00 0.149     731.358       3.241    1620.000       0.000    0.0002    5.344  582.208    6.861  462.327    1.857
  25680.00 0.151     739.871      13.150    1540.000       0.000    0.0002    5.282  530.382    6.991  462.722    1.520
  25740.00 0.156     739.938       8.830    1540.000       0.000    0.0002    5.125  599.526    7.168  461.778    1.653
  25800.00 0.153     742.688       4.480    1540.000       0.000    0.0002    4.831  606.777    6.413  459.295    1.371
  25860.00 0.147     734.618       4.020    1540.000       0.000    0.0002    4.644  480.540    6.172  459.521    1.340
  25920.00 0.145     732.432      12.635    1540.000       0.000    0.0002    4.443  386.569    5.738  459.443    1.376
  25980.00 0.143     730.838      10.120    1500.000       0.000    0.0002    4.227  401.245    5.713  456.093    1.290
  26040.00 0.143     725.622       5.963    1500.000       0.000    0.0002    4.135  388.917    5.791  452.190    1.221
  26100.00 0.136     715.153       8.761    1540.000       0.000    0.0002    4.131  336.642    5.691  450.052    1.326
  26160.00 0.135     722.971       7.826    1500.000       0.000    0.0002    4.175  328.605    6.095  449.601    1.294
  26220.00 0.139     725.352       6.373    1460.000       0.000    0.0002    4.328  389.162    5.752  450.972    1.458
  26280.00 0.141     717.924       8.097    1420.000       0.000    0.0002    4.601  446.093    5.746  453.625    1.403
  26340.00 0.139     713.684       7.825    1500.000       0.000    0.0002    4.986  397.418    5.820  457.326    1.234
  26400.00 0.144     715.093       4.873    1500.000       0.000    0.0002    5.547  510.489    7.104  463.544    1.587
  26460.00 0.145     717.277       6.622    1500.000       0.000    0.0002    6.227  673.169    7.467  473.103    1.588
  26520.00 0.141     716.597      10.521    1460.000       0.000    0.0002    7.105  962.118    8.716  485.027    1.770
  26580.00 0.146     719.600       9.900    1460.000       0.000    0.0002    8.022 1166.362    9.337  497.235    2.037
  26640.00 0.149     717.712       7.353    1940.000       0.000    0.0002    8.840 1555.683   10.751  509.492    2.790
  26700.00 0.149     730.016      12.184    1940.000       0.000    0.0002    9.156 1765.106   10.453  516.808    2.755
  26760.00 0.148     716.397       3.339    2100.000       0.000    0.0002    9.031 1739.705   10.292  519.248    2.911
  26820.00 0.146     709.097       4.615    2140.000       0.000    0.0002    8.408 1515.151    7.930  521.409    2.753
  26880.00 0.147     712.779       8.286    1980.000       0.000    0.0002    7.545  994.569    7.640  527.593    2.130
  26940.00 0.141     717.847       3.438    1940.000       0.000    0.0002    6.861  802.896    8.475  533.941    1.848
  27000.00 0.147     716.159      11.192    1580.000       0.000    0.0002    6.736  853.546    6.321  530.110    1.744
  27060.00 0.151     718.516      18.065    1940.000       0.000    0.0002    6.643  693.744    6.163  518.496    1.598
  27120.00 0.158     719.259      13.148    1660.000       0.000    0.0002    6.422  519.410    6.550  517.612    1.591
  27180.00 0.157     718.103       7.123    1700.000       0.000    0.0002    6.274  523.540    7.393  521.152    1.474
  27240.00 0.160     733.639       8.196    1740.000       0.000    0.0002    6.271  623.018    7.135  511.736    1.675
  27300.00 0.157     721.366       8.913    1820.000       0.000    0.0002    6.527  697.822    5.721  503.587    1.794
  27360.00 0.160     720.885       6.443    1540.000       0.000    0.0002    6.785  597.267    5.745  506.240    1.708
  27420.00 0.164     731.940       6.806    1620.000       0.000    0.0002    7.172  601.238    6.887  511.105    1.420
  27480.00 0.163     733.883       8.126    1540.000       0.000    0.0002    7.748  622.478    6.653  516.151    1.663
  27540.00 0.156     735.925       3.354    1580.000       0.000    0.0002    8.567  753.956    8.041  525.800    1.905
  27600.00 0.151     734.498      13.074    1460.000       0.000    0.0002    9.496  931.527    8.249  538.109    2.135
  27660.00 0.151     746.656       4.685    1540.000       0.000    0.0002   10.144 1101.391    8.957  550.872    2.210
  27720.00 0.155     747.610      12.327    1940.000       0.000    0.0002   10.427 1215.361   10.158  556.468    2.448
  27780.00 0.151     745.742       7.419    1940.000       0.000    0.0002   10.188 1223.471    9.911  554.554    2.593
  27840.00 0.146     739.533       7.967    1940.000       0.000    0.0002    9.576 1047.746    7.542  553.150    2.541
  27900.00 0.146     743.545      14.181    1940.000       0.000    0.0002    9.076  757.290    6.057  558.288    1.658
  27960.00 0.151     751.133       7.994    1940.000       0.000    0.0002    8.893  502.164    6.741  563.461    1.675
  28020.00 0.150     757.227       4.176    1580.000       0.000    0.0002    9.420  613.070    6.831  560.475    1.704
  28080.00 0.155     757.855       7.603    1540.000       0.000    0.0002   10.294  765.988    8.085  558.433    1.780
  28140.00 0.155     755.346       8.019    1500.000       0.000    0.0002   11.159  848.950    7.985  567.028    2.318
  28200.00 0.157     760.837       8.279    1940.000       0.000    0.0002   11.689  862.833    7.583  576.661    1.995
  28260.00 0.160     772.317       9.299    1940.000       0.000    0.0002   11.822 1052.386    7.772  581.134    2.098
  28320.00 0.163     781.737       3.982    1940.000       0.000    0.0002   11.623 1163.533    7.974  584.825    1.994
  28380.00 0.166     794.214       4.640    1940.000       0.000    0.0002   11.242 1246.171    7.473  587.733    2.234
  28440.00 0.169     792.294       2.799    1940.000       0.000    0.0002   10.817 1134.865    7.837  585.614    2.244
  28500.00 0.162     782.590       7.440    1940.000       0.000    0.0002   10.425  881.384    7.171  581.951    1.975
  28560.00 0.165     771.006       8.994    1940.000       0.000    0.0002   10.027  756.672    6.735  582.797    1.620
  28620.00 0.163     766.987       7.946    1940.000       0.000    0.0002    9.404  750.850    6.842  584.451    1.844
  28680.00 0.165     774.489       9.096    1940.000       0.000    0.0002    8.785  719.580    6.727  577.505    1.886
  28740.00 0.159     773.425       7.066    1620.000       0.000    0.0002    8.081  595.230    7.561  565.763    1.750
  28800.00 0.156     776.318      15.101    1620.000       0.000    0.0002    7.493  694.385    7.184  558.231    1.670
