#  time      cc     z_cbase    z_ctop_avg  z_ctop_max      zi         we   <<ql>>  <<ql>>_max   w_max   tke     ql_max
     60.00 0.000       0.000       0.000       0.000       0.000    0.0002    0.000    0.000    0.177  616.639    0.000
    120.00 0.000       0.000       0.000       0.000       0.000    0.0002    0.000    0.000    0.282  417.135    0.000
    180.00 0.000       0.000       0.000       0.000       0.000    0.0002    0.000    0.000    0.319  300.198    0.000
    240.00 0.000       0.000       0.000       0.000       0.000    0.0002    0.000    0.000    0.307  225.853    0.000
    300.00 0.000       0.000       0.000       0.000       0.000    0.0002    0.000    0.000    0.315  176.619    0.000
    360.00 0.000       0.000       0.000       0.000       0.000    0.0002    0.000    0.000    0.327  143.462    0.000
    420.00 0.000       0.000       0.000       0.000       0.000    0.0002    0.000    0.000    0.323  121.213    0.000
    480.00 0.000       0.000       0.000       0.000       0.000    0.0002    0.000    0.000    0.369  105.816    0.000
    540.00 0.000       0.000       0.000       0.000       0.000    0.0002    0.000    0.000    0.405   94.007    0.000
    600.00 0.000       0.000       0.000       0.000       0.000    0.0002    0.000    0.000    0.503   84.729    0.000
    660.00 0.000       0.000       0.000       0.000       0.000    0.0002    0.000    0.000    0.555   78.166    0.000
    720.00 0.000       0.000       0.000       0.000       0.000    0.0002    0.000    0.000    0.556   73.872    0.000
    780.00 0.000       0.000       0.000       0.000       0.000    0.0002    0.000    0.000    0.589   71.083    0.000
    840.00 0.000       0.000       0.000       0.000       0.000    0.0002    0.000    0.000    0.659   69.316    0.000
    900.00 0.000       0.000       0.000       0.000       0.000    0.0002    0.000    0.000    0.661   68.151    0.000
    960.00 0.000       0.000       0.000       0.000       0.000    0.0002    0.000    0.000    0.692   67.587    0.000
   1020.00 0.000       0.000       0.000       0.000       0.000    0.0002    0.000    0.000    0.750   68.098    0.000
   1080.00 0.000     580.000       0.000     580.000       0.000    0.0002    0.000    1.386    0.777   69.741    0.031
   1140.00 0.000     580.000       0.000     580.000       0.000    0.0002    0.001    1.975    0.865   72.139    0.044
   1200.00 0.001     580.000       0.000     580.000       0.000    0.0002    0.001    2.798    0.902   75.245    0.063
   1260.00 0.001     570.000       0.000     580.000       0.000    0.0002    0.002    4.759    0.943   79.277    0.067
   1320.00 0.002     564.000       0.000     580.000       0.000    0.0002    0.005    7.205    0.986   84.359    0.103
   1380.00 0.008     558.065       0.000     660.000       0.000    0.0002    0.014    9.625    1.171   90.668    0.145
   1440.00 0.016     562.424       0.000     660.000       0.000    0.0002    0.043   13.255    1.323   98.354    0.174
   1500.00 0.029     563.932       4.615     660.000       0.000    0.0002    0.099   24.201    1.413  107.324    0.272
   1560.00 0.042     565.965       3.158     660.000       0.000    0.0002    0.206   38.240    1.626  117.493    0.395
   1620.00 0.056     566.840       2.511     660.000       0.000    0.0002    0.372   56.130    1.750  128.879    0.450
   1680.00 0.070     566.341       5.645     700.000       0.000    0.0002    0.629   82.254    2.343  141.419    0.608
   1740.00 0.094     567.990       2.820     700.000       0.000    0.0002    0.995  109.032    2.650  154.974    0.724
   1800.00 0.114     567.811       6.652     780.000       0.000    0.0002    1.500  147.573    2.887  169.435    0.850
   1860.00 0.129     569.677       2.277     860.000       0.000    0.0002    2.154  191.585    3.482  184.472    0.978
   1920.00 0.144     571.729       6.237     860.000       0.000    0.0002    2.915  266.726    4.080  199.652    1.143
   1980.00 0.163     574.183       4.528     900.000       0.000    0.0002    3.786  343.470    4.248  214.554    1.184
   2040.00 0.175     576.490       5.237    1300.000       0.000    0.0002    4.725  360.274    4.497  228.895    1.227
   2100.00 0.184     579.521       6.702    1300.000       0.000    0.0002    5.686  405.710    4.289  242.152    1.099
   2160.00 0.190     582.154       5.769    1300.000       0.000    0.0002    6.606  393.783    4.112  254.088    1.154
   2220.00 0.199     591.057       6.732    1300.000       0.000    0.0002    7.407  410.821    5.295  264.391    1.404
   2280.00 0.204     591.018       5.629    1300.000       0.000    0.0002    8.008  417.439    4.909  272.262    1.122
   2340.00 0.213     596.796       4.348    1420.000       0.000    0.0002    8.449  398.155    4.535  277.299    1.265
   2400.00 0.211     601.688       7.075    1380.000       0.000    0.0002    8.679  461.394    4.673  279.848    1.254
   2460.00 0.210     608.498       5.239    1300.000       0.000    0.0002    8.663  520.017    4.522  279.938    1.215
   2520.00 0.205     613.381       9.619    1380.000       0.000    0.0002    8.473  524.938    4.513  277.909    1.284
   2580.00 0.200     617.802      10.208    1380.000       0.000    0.0002    8.137  476.447    4.341  274.043    1.380
   2640.00 0.195     631.393      13.049    1460.000       0.000    0.0002    7.620  456.262    4.294  268.454    1.406
   2700.00 0.182     633.012       6.693    1460.000       0.000    0.0002    6.940  421.457    4.411  261.492    1.490
   2760.00 0.174     635.000       6.938    1420.000       0.000    0.0002    6.201  415.475    5.148  253.521    1.212
   2820.00 0.170     634.806      11.707    1420.000       0.000    0.0002    5.513  482.363    5.192  245.263    1.414
   2880.00 0.157     640.745       7.422    1460.000       0.000    0.0002    4.837  594.521    5.351  236.711    1.440
   2940.00 0.149     634.713       8.046    1460.000       0.000    0.0002    4.183  622.684    4.536  227.736    1.227
   3000.00 0.145     638.958       5.580    1420.000       0.000    0.0002    3.604  546.952    3.484  219.105    1.017
   3060.00 0.134     644.936       2.267    1420.000       0.000    0.0002    3.056  413.763    3.206  211.744    0.961
   3120.00 0.128     640.267       9.905    1340.000       0.000    0.0002    2.620  451.179    3.143  205.343    0.930
   3180.00 0.125     641.442      10.214    1460.000       0.000    0.0002    2.296  482.128    3.565  198.735    0.874
   3240.00 0.118     634.793      12.851    1380.000       0.000    0.0002    2.084  522.159    3.636  192.284    0.854
   3300.00 0.116     649.030       9.662    1300.000       0.000    0.0002    1.914  520.713    3.846  186.993    0.894
   3360.00 0.108     649.388       7.937    1300.000       0.000    0.0002    1.766  475.215    3.723  183.214    1.002
   3420.00 0.102     645.967       2.959    1300.000       0.000    0.0002    1.630  433.624    3.726  180.614    0.934
   3480.00 0.099     644.865       8.403    1300.000       0.000    0.0002    1.507  381.404    4.203  178.187    1.132
   3540.00 0.094     646.150      13.230    1300.000       0.000    0.0002    1.398  344.842    4.268  175.563    1.045
   3600.00 0.089     643.956       4.066    1500.000       0.000    0.0002    1.285  341.922    3.598  173.216    0.850
   3660.00 0.086     640.114       8.920    1300.000       0.000    0.0002    1.182  314.112    3.276  171.367    0.873
   3720.00 0.088     638.556       6.889    1300.000       0.000    0.0002    1.083  247.406    3.286  170.038    0.866
   3780.00 0.083     638.886       3.636    1300.000       0.000    0.0002    1.003  228.611    3.114  169.267    0.894
   3840.00 0.084     629.017      12.428    1300.000       0.000    0.0002    0.924  167.991    3.044  168.660    0.785
   3900.00 0.083     629.467       7.929    1420.000       0.000    0.0002    0.917  192.994    3.251  168.029    0.945
   3960.00 0.088     626.000       5.278    1300.000       0.000    0.0002    0.970  213.848    3.494  167.696    1.044
   4020.00 0.088     622.340       5.070    1300.000       0.000    0.0002    1.073  252.588    4.027  167.741    0.970
   4080.00 0.092     618.307       7.302    1380.000       0.000    0.0002    1.227  350.627    4.544  168.366    1.151
   4140.00 0.094     613.990      10.933    1300.000       0.000    0.0002    1.383  486.386    4.882  170.041    1.242
   4200.00 0.094     613.455       8.571    1300.000       0.000    0.0002    1.538  587.475    5.656  172.360    1.516
   4260.00 0.096     612.081       7.817    1300.000       0.000    0.0002    1.685  612.493    5.996  174.350    1.370
   4320.00 0.100     613.643       8.362    1340.000       0.000    0.0002    1.836  572.776    4.455  176.059    1.114
   4380.00 0.106     615.381       3.926    1420.000       0.000    0.0002    1.966  572.797    4.259  178.197    1.217
   4440.00 0.103     614.857       7.238    1500.000       0.000    0.0002    2.102  547.669    4.716  180.799    1.299
   4500.00 0.102     607.017      11.122    1540.000       0.000    0.0002    2.257  611.465    5.421  183.290    1.439
   4560.00 0.103     607.810       7.143    1380.000       0.000    0.0002    2.428  535.002    5.221  185.000    1.246
   4620.00 0.103     605.178       8.124    1300.000       0.000    0.0002    2.596  398.957    3.010  186.259    0.801
   4680.00 0.110     604.745       7.450    1380.000       0.000    0.0002    2.831  435.521    3.741  188.566    0.946
   4740.00 0.111     605.702       8.070    1300.000       0.000    0.0002    3.148  500.986    4.219  192.034    0.992
   4800.00 0.113     607.473       5.356    1340.000       0.000    0.0002    3.470  541.846    4.493  195.422    1.011
   4860.00 0.114     620.258       5.665    1300.000       0.000    0.0002    3.777  523.308    4.635  198.817    1.082
   4920.00 0.112     614.783       5.696    1380.000       0.000    0.0002    4.094  613.758    4.283  202.703    1.183
   4980.00 0.120     613.238       6.640    1420.000       0.000    0.0002    4.349  665.666    4.287  206.333    1.228
   5040.00 0.121     616.539      12.435    1340.000       0.000    0.0002    4.461  638.419    4.560  209.248    1.216
   5100.00 0.117     614.428      11.892    1460.000       0.000    0.0002    4.398  610.812    5.160  212.050    1.231
   5160.00 0.121     626.290       2.177    1460.000       0.000    0.0002    4.159  662.661    4.794  214.075    1.183
   5220.00 0.126     621.628       6.008    1460.000       0.000    0.0002    3.819  663.328    3.668  214.935    1.091
   5280.00 0.127     622.158       5.087    1500.000       0.000    0.0002    3.517  573.633    4.030  215.575    1.092
   5340.00 0.125     618.434      12.955    1460.000       0.000    0.0002    3.315  412.562    4.070  215.389    0.978
   5400.00 0.126     616.286      10.406    1340.000       0.000    0.0002    3.216  347.315    4.366  214.488    1.143
   5460.00 0.129     611.304       6.011    1420.000       0.000    0.0002    3.223  443.732    5.023  214.590    1.216
   5520.00 0.130     610.919      12.608    1460.000       0.000    0.0002    3.430  509.210    4.389  216.306    1.098
   5580.00 0.131     606.617       3.680    1340.000       0.000    0.0002    3.754  517.201    4.188  218.659    0.964
   5640.00 0.128     609.063       4.665    1300.000       0.000    0.0002    4.125  528.358    4.026  221.312    0.950
   5700.00 0.134     615.701       6.630    1300.000       0.000    0.0002    4.465  560.322    4.153  224.012    1.120
   5760.00 0.140     622.657      13.636    1420.000       0.000    0.0002    4.751  570.693    4.938  226.473    1.177
   5820.00 0.142     621.921       9.777    1300.000       0.000    0.0002    5.011  533.974    5.229  229.057    1.312
   5880.00 0.147     630.728       9.338    1380.000       0.000    0.0002    5.236  562.172    5.338  232.065    1.484
   5940.00 0.150     633.094       5.179    1380.000       0.000    0.0002    5.406  778.351    6.676  235.796    1.699
   6000.00 0.145     632.479       8.769    1500.000       0.000    0.0002    5.619 1124.073    8.210  240.269    2.124
   6060.00 0.146     630.921       6.767    1380.000       0.000    0.0002    5.711 1422.472    7.711  243.116    2.424
   6120.00 0.144     626.983       8.407    1620.000       0.000    0.0002    5.630 1257.304    6.380  243.322    1.919
   6180.00 0.145     625.608       4.257    1940.000       0.000    0.0002    5.438 1046.433    5.914  244.594    1.955
   6240.00 0.144     619.323       7.310    1580.000       0.000    0.0002    5.122  711.703    3.991  246.849    1.293
   6300.00 0.143     623.816       9.813    1500.000       0.000    0.0002    4.863  604.109    3.630  246.445    0.991
   6360.00 0.142     619.245      13.928    1500.000       0.000    0.0002    4.725  617.042    4.175  243.157    1.254
   6420.00 0.145     625.185      10.034    1460.000       0.000    0.0002    4.628  550.729    4.456  240.975    1.207
   6480.00 0.146     626.344       4.875    1420.000       0.000    0.0002    4.548  466.309    4.234  241.970    1.068
   6540.00 0.152     627.961       8.026    1420.000       0.000    0.0002    4.573  410.811    4.054  243.705    1.221
   6600.00 0.152     632.154      11.801    1420.000       0.000    0.0002    4.749  378.836    4.146  243.810    1.166
   6660.00 0.150     632.573       8.078    1620.000       0.000    0.0002    4.993  392.456    3.766  243.390    1.037
   6720.00 0.149     630.295       6.951    1620.000       0.000    0.0002    5.204  479.617    4.342  243.924    1.078
   6780.00 0.150     632.878       6.504    1500.000       0.000    0.0002    5.395  564.954    4.642  245.284    1.238
   6840.00 0.151     637.484       2.129    1580.000       0.000    0.0002    5.588  635.650    5.221  247.270    1.388
   6900.00 0.154     639.208       4.659    1620.000       0.000    0.0002    5.740  664.707    5.486  249.744    1.889
   6960.00 0.151     637.677       7.935    1420.000       0.000    0.0002    5.794  559.999    4.902  251.398    1.688
   7020.00 0.153     644.217      10.096    1420.000       0.000    0.0002    5.838  398.400    4.442  251.950    1.449
   7080.00 0.158     647.183       5.170    1500.000       0.000    0.0002    5.845  469.935    4.242  252.401    1.281
   7140.00 0.158     649.799       3.895    1380.000       0.000    0.0002    5.877  528.156    5.183  253.751    1.355
   7200.00 0.153     644.704      11.456    1420.000       0.000    0.0002    6.022  567.566    5.602  255.016    1.344
   7260.00 0.146     648.963       4.682    1420.000       0.000    0.0002    6.277  619.024    4.677  256.285    1.289
   7320.00 0.147     651.722       7.980    1420.000       0.000    0.0002    6.569  658.777    4.877  258.906    1.602
   7380.00 0.147     646.312       3.555    1460.000       0.000    0.0002    6.837  670.714    4.736  262.498    1.541
   7440.00 0.145     644.916      10.606    1420.000       0.000    0.0002    7.021  786.009    5.313  265.756    1.354
   7500.00 0.146     648.963       7.492    1460.000       0.000    0.0002    7.140  861.070    5.410  268.078    1.487
   7560.00 0.149     656.596       9.885    1460.000       0.000    0.0002    7.156  830.831    6.372  270.294    1.691
   7620.00 0.152     666.752       6.785    1580.000       0.000    0.0002    7.194  861.118    6.600  273.684    2.060
   7680.00 0.152     662.126       7.762    1420.000       0.000    0.0002    7.255  884.235    5.186  276.475    1.810
   7740.00 0.146     666.767      14.573    1940.000       0.000    0.0002    7.200  789.464    6.606  277.793    1.589
   7800.00 0.143     665.479       6.096    1580.000       0.000    0.0002    6.992  918.528    7.274  280.310    1.917
   7860.00 0.138     664.876       9.753    1580.000       0.000    0.0002    6.634  932.463    5.381  280.866    1.770
   7920.00 0.132     660.000      10.664    1460.000       0.000    0.0002    6.331  972.595    5.505  277.990    1.938
   7980.00 0.127     660.231       9.595    1540.000       0.000    0.0002    6.017  869.844    5.077  275.366    1.356
   8040.00 0.125     660.624       6.160    1460.000       0.000    0.0002    5.729  672.437    5.320  275.922    1.546
   8100.00 0.124     660.315       4.291    1500.000       0.000    0.0002    5.575  650.213    5.224  276.857    1.616
   8160.00 0.122     665.349       7.305    1420.000       0.000    0.0002    5.474  596.486    5.603  275.511    1.470
   8220.00 0.126     675.985       6.371    1540.000       0.000    0.0002    5.414  737.364    7.305  275.344    1.662
   8280.00 0.133     673.700       8.864    1460.000       0.000    0.0002    5.426  730.669    5.952  275.192    1.737
   8340.00 0.132     676.252      10.427    1460.000       0.000    0.0002    5.448  635.202    5.443  274.378    1.583
   8400.00 0.127     663.545       9.827    1500.000       0.000    0.0002    5.567  647.822    5.250  275.947    1.353
   8460.00 0.132     664.059       4.022    1500.000       0.000    0.0002    5.790  749.619    5.920  278.860    1.342
   8520.00 0.132     657.048       2.435    1500.000       0.000    0.0002    6.188  840.112    6.265  281.156    1.387
   8580.00 0.133     645.688       4.220    1540.000       0.000    0.0002    6.525  843.825    4.939  282.339    1.334
   8640.00 0.131     652.045      13.866    1580.000       0.000    0.0002    6.726  793.674    5.221  285.082    1.320
   8700.00 0.136     655.206       7.728    1500.000       0.000    0.0002    6.832  735.014    5.691  288.624    1.584
   8760.00 0.139     661.684      12.526    1500.000       0.000    0.0002    6.884  836.012    5.736  291.659    1.716
   8820.00 0.138     671.418      12.943    1420.000       0.000    0.0002    6.920  958.137    6.554  294.617    1.710
   8880.00 0.138     664.106      16.814    1500.000       0.000    0.0002    6.811  946.332    6.467  295.418    1.741
   8940.00 0.137     664.618       5.684    1460.000       0.000    0.0002    6.611 1021.465    6.009  294.968    1.862
   9000.00 0.138     661.348       8.794    1500.000       0.000    0.0002    6.363  869.783    5.547  295.525    1.736
   9060.00 0.138     664.106       2.407    1500.000       0.000    0.0002    6.040  667.423    5.133  296.187    1.551
   9120.00 0.131     665.597       6.567    1460.000       0.000    0.0002    5.820  633.378    5.732  296.480    1.546
   9180.00 0.128     664.733       9.504    1540.000       0.000    0.0002    5.744  784.951    5.992  297.642    1.641
   9240.00 0.127     650.308       9.115    1540.000       0.000    0.0002    5.708  996.964    6.694  298.974    1.780
   9300.00 0.123     655.159      10.198    1420.000       0.000    0.0002    5.773 1049.046    5.918  299.121    1.587
   9360.00 0.131     667.776      13.047    1460.000       0.000    0.0002    5.785 1075.082    6.000  297.459    1.524
   9420.00 0.132     668.757       9.610    1500.000       0.000    0.0002    5.642 1121.326    5.529  295.951    1.765
   9480.00 0.135     662.090      11.207    1540.000       0.000    0.0002    5.390 1092.184    5.735  295.161    1.826
   9540.00 0.140     659.861      14.355    1500.000       0.000    0.0002    5.066  808.436    4.715  293.507    1.658
   9600.00 0.141     656.615       6.667    1500.000       0.000    0.0002    4.719  568.215    4.395  293.078    1.364
   9660.00 0.140     658.400       6.609    1500.000       0.000    0.0002    4.494  533.371    4.196  292.939    1.188
   9720.00 0.136     656.351      10.483    1460.000       0.000    0.0002    4.453  632.396    4.052  290.102    1.291
   9780.00 0.136     656.691       5.576    1620.000       0.000    0.0002    4.366  591.211    3.745  286.660    1.025
   9840.00 0.133     653.700       7.546    1540.000       0.000    0.0002    4.240  474.699    5.346  286.922    1.276
   9900.00 0.133     650.350       7.919    1420.000       0.000    0.0002    4.159  440.702    5.491  288.346    1.164
   9960.00 0.134     653.224       3.388    1540.000       0.000    0.0002    4.134  441.269    4.556  287.305    1.199
  10020.00 0.136     663.094       5.935    1500.000       0.000    0.0002    4.087  438.263    4.379  285.852    1.304
  10080.00 0.130     677.079       3.633    1500.000       0.000    0.0002    4.060  416.170    5.447  285.649    1.313
  10140.00 0.135     677.713       4.791    1460.000       0.000    0.0002    4.031  451.400    5.016  285.449    1.153
  10200.00 0.130     685.843       8.689    1500.000       0.000    0.0002    3.945  436.468    5.030  285.425    1.123
  10260.00 0.125     668.560       8.405    1460.000       0.000    0.0002    3.916  431.008    4.483  286.022    1.188
  10320.00 0.126     669.052       6.460    1420.000       0.000    0.0002    3.831  449.467    4.351  285.852    1.291
  10380.00 0.127     671.154       2.308    1460.000       0.000    0.0002    3.693  433.580    4.833  285.097    1.123
  10440.00 0.128     670.190       9.278    1340.000       0.000    0.0002    3.501  426.579    4.709  284.774    1.121
  10500.00 0.131     668.299       8.598    1460.000       0.000    0.0002    3.325  431.253    4.885  284.084    1.120
  10560.00 0.132     666.234       4.750    1460.000       0.000    0.0002    3.234  413.692    5.207  283.307    1.190
  10620.00 0.135     670.163       6.570    1420.000       0.000    0.0002    3.192  413.819    4.512  282.946    1.038
  10680.00 0.133     655.523       7.963    1380.000       0.000    0.0002    3.157  402.912    4.357  282.549    1.113
  10740.00 0.132     656.660       4.378    1460.000       0.000    0.0002    3.180  374.494    4.855  281.921    1.216
  10800.00 0.139     650.986      10.317    1380.000       0.000    0.0002    3.192  398.266    5.283  281.713    1.293
  10860.00 0.136     650.719       7.734    1460.000       0.000    0.0002    3.248  361.980    4.830  282.354    1.176
  10920.00 0.132     652.841       2.214    1460.000       0.000    0.0002    3.359  398.529    4.199  283.345    1.183
  10980.00 0.131     642.313       8.470    1380.000       0.000    0.0002    3.510  457.462    4.808  284.465    1.238
  11040.00 0.134     637.445       9.124    1420.000       0.000    0.0002    3.634  375.870    5.221  285.506    1.084
  11100.00 0.136     639.246       7.145    1340.000       0.000    0.0002    3.705  345.745    4.657  286.257    1.047
  11160.00 0.143     643.686       5.290    1500.000       0.000    0.0002    3.742  321.227    4.515  286.484    1.095
  11220.00 0.150     645.909       6.623    1500.000       0.000    0.0002    3.763  361.920    4.552  286.324    1.078
  11280.00 0.147     641.824       7.728    1460.000       0.000    0.0002    3.758  411.372    4.970  286.399    1.042
  11340.00 0.145     646.353      10.218    1380.000       0.000    0.0002    3.742  425.490    4.702  286.019    1.113
  11400.00 0.135     647.536       5.616    1420.000       0.000    0.0002    3.740  399.968    5.293  285.303    0.952
  11460.00 0.133     654.338       7.537    1340.000       0.000    0.0002    3.768  440.021    4.587  285.255    1.115
  11520.00 0.132     659.407      12.926    1420.000       0.000    0.0002    3.759  480.856    4.884  285.694    1.080
  11580.00 0.134     658.036       8.545    1380.000       0.000    0.0002    3.738  524.345    4.743  285.686    1.057
  11640.00 0.134     663.055       6.836    1420.000       0.000    0.0002    3.840  600.719    5.040  285.990    1.112
  11700.00 0.134     667.855       8.509    1420.000       0.000    0.0002    3.996  692.783    5.473  286.945    1.251
  11760.00 0.132     664.963       5.815    1460.000       0.000    0.0002    4.159  792.168    4.896  287.839    1.444
  11820.00 0.130     656.929       9.513    1380.000       0.000    0.0002    4.350  773.938    4.277  288.342    1.127
  11880.00 0.132     667.172       4.880    1420.000       0.000    0.0002    4.493  641.805    4.614  289.053    1.199
  11940.00 0.135     673.261      12.360    1420.000       0.000    0.0002    4.648  548.409    5.317  290.432    1.134
  12000.00 0.134     671.700       8.044    1420.000       0.000    0.0002    4.778  494.107    4.989  292.882    1.274
  12060.00 0.134     679.745       8.488    1380.000       0.000    0.0002    4.921  538.072    6.388  296.443    1.582
  12120.00 0.132     681.002       6.531    1420.000       0.000    0.0002    5.029  642.101    6.852  299.833    1.694
  12180.00 0.134     673.212       6.642    1460.000       0.000    0.0002    5.049  686.898    5.864  301.479    1.562
  12240.00 0.139     678.348       5.062    1500.000       0.000    0.0002    4.928  649.257    5.995  301.099    1.554
  12300.00 0.134     679.525      11.737    1540.000       0.000    0.0002    4.694  681.167    5.010  300.043    1.560
  12360.00 0.134     677.591       9.307    1620.000       0.000    0.0002    4.303  644.229    4.507  299.010    1.469
  12420.00 0.131     660.821       5.560    1500.000       0.000    0.0002    3.756  605.553    4.826  297.338    1.328
  12480.00 0.128     658.631      11.179    1500.000       0.000    0.0002    3.246  530.436    5.163  294.624    1.043
  12540.00 0.130     659.248       6.992    1500.000       0.000    0.0002    2.943  359.245    4.341  290.918    1.007
  12600.00 0.131     656.350       7.374    1420.000       0.000    0.0002    2.821  368.470    5.194  287.277    1.211
  12660.00 0.129     650.868      14.604    1420.000       0.000    0.0002    2.896  432.006    4.684  285.386    1.035
  12720.00 0.131     647.463       7.313    1340.000       0.000    0.0002    3.041  444.705    4.617  285.521    1.038
  12780.00 0.131     650.579       9.645    1380.000       0.000    0.0002    3.251  393.348    4.968  286.860    1.008
  12840.00 0.129     650.943       7.660    1340.000       0.000    0.0002    3.490  467.622    5.076  288.550    1.047
  12900.00 0.128     654.144       8.327    1580.000       0.000    0.0002    3.719  497.613    5.245  289.884    1.244
  12960.00 0.127     671.132       7.524    1420.000       0.000    0.0002    3.858  485.466    5.976  291.226    1.331
  13020.00 0.129     664.848       7.765    1340.000       0.000    0.0002    3.934  519.440    5.161  292.933    1.204
  13080.00 0.136     666.667       6.559    1380.000       0.000    0.0002    4.065  563.502    5.242  294.917    1.473
  13140.00 0.140     665.026       6.108    1460.000       0.000    0.0002    4.268  625.795    5.952  297.425    1.589
  13200.00 0.143     659.114       6.712    1380.000       0.000    0.0002    4.442  653.409    6.123  300.059    1.797
  13260.00 0.150     658.825       5.775    1380.000       0.000    0.0002    4.581  645.395    4.461  302.034    1.379
  13320.00 0.144     657.623       3.837    1420.000       0.000    0.0002    4.593  546.857    4.899  304.199    1.208
  13380.00 0.145     663.361       3.899    1460.000       0.000    0.0002    4.521  414.644    4.421  306.941    1.109
  13440.00 0.151     664.538       0.000    1380.000       0.000    0.0002    4.391  313.784    4.554  309.428    1.069
  13500.00 0.156     652.438       3.875    1500.000       0.000    0.0002    4.316  336.297    5.432  311.597    1.239
  13560.00 0.155     653.396       6.006    1500.000       0.000    0.0002    4.420  422.426    5.572  313.634    1.277
  13620.00 0.164     650.507       9.940    1420.000       0.000    0.0002    4.618  465.083    5.419  315.348    1.325
  13680.00 0.166     656.235       5.147    1420.000       0.000    0.0002    4.900  462.288    5.216  317.166    1.098
  13740.00 0.169     654.813      10.000    1460.000       0.000    0.0002    5.221  450.797    5.469  319.746    1.177
  13800.00 0.173     655.813      10.778    1460.000       0.000    0.0002    5.466  479.620    5.035  323.355    1.301
  13860.00 0.174     661.573      11.770    1340.000       0.000    0.0002    5.623  459.195    5.376  327.207    1.332
  13920.00 0.178     659.780       8.324    1420.000       0.000    0.0002    5.706  566.042    5.235  329.955    1.313
  13980.00 0.173     669.690       6.761    1580.000       0.000    0.0002    5.823  594.993    5.564  331.979    1.347
  14040.00 0.167     661.691      10.525    1420.000       0.000    0.0002    6.136  643.971    5.810  336.091    1.499
  14100.00 0.172     664.703      13.286    1420.000       0.000    0.0002    6.543  695.967    5.532  340.608    1.558
  14160.00 0.179     667.238       6.449    1420.000       0.000    0.0002    7.004  706.786    5.878  343.692    1.458
  14220.00 0.182     671.705       6.711    1540.000       0.000    0.0002    7.496  649.226    5.987  347.353    1.503
  14280.00 0.180     671.746      12.503    1540.000       0.000    0.0002    8.099  702.237    6.798  353.522    1.400
  14340.00 0.181     674.432       5.973    1540.000       0.000    0.0002    8.773  837.349    6.069  361.557    1.307
  14400.00 0.177     674.606       4.730    1460.000       0.000    0.0002    9.426  865.377    6.483  369.985    1.640
  14460.00 0.178     684.241       8.755    1460.000       0.000    0.0002   10.105  805.755    6.773  377.541    1.686
  14520.00 0.178     693.707       5.171    1460.000       0.000    0.0002   10.704  723.012    6.802  384.583    1.652
  14580.00 0.176     702.053       6.852    1540.000       0.000    0.0002   11.214  695.232    6.222  392.473    1.708
  14640.00 0.178     711.562      12.384    1580.000       0.000    0.0002   11.774  765.099    6.742  402.683    1.913
  14700.00 0.177     711.784       6.611    1620.000       0.000    0.0002   12.062  932.251    7.872  413.160    2.028
  14760.00 0.173     723.842      12.825    1540.000       0.000    0.0002   12.159 1165.044    8.074  423.639    2.139
  14820.00 0.172     729.360       9.730    1940.000       0.000    0.0002   12.163 1293.937    8.080  431.286    2.754
  14880.00 0.167     738.536       8.843    1940.000       0.000    0.0002   12.215 1258.987    8.430  434.214    2.553
  14940.00 0.161     739.212      11.848    1980.000       0.000    0.0002   12.013 1106.896    7.457  436.810    2.593
  15000.00 0.157     738.756      18.320    1940.000       0.000    0.0002   11.525  727.453    8.115  444.499    2.011
  15060.00 0.154     733.959      10.270    1700.000       0.000    0.0002   10.887  888.989    8.754  452.378    1.890
  15120.00 0.148     742.438      15.124    1700.000       0.000    0.0002   10.351  928.593    7.415  448.480    1.924
  15180.00 0.145     741.081       6.520    1940.000       0.000    0.0002    9.903  968.891    6.608  440.709    1.823
  15240.00 0.147     731.244       3.582    1700.000       0.000    0.0002    9.505  810.511    5.878  442.562    1.864
  15300.00 0.149     717.414       5.892    1660.000       0.000    0.0002    9.097  717.631    6.091  446.371    1.900
  15360.00 0.155     708.025       5.877    1580.000       0.000    0.0002    8.752  720.100    5.935  440.133    1.917
  15420.00 0.151     699.483       5.267    1660.000       0.000    0.0002    8.337  632.180    6.071  432.279    1.979
  15480.00 0.156     698.053       9.639    1660.000       0.000    0.0002    7.869  557.699    5.846  430.328    1.998
  15540.00 0.158     705.247      14.506    1580.000       0.000    0.0002    7.381  520.264    5.538  427.337    1.595
  15600.00 0.156     697.254      11.732    1540.000       0.000    0.0002    7.049  619.340    6.623  421.884    1.360
  15660.00 0.161     689.333       4.000    1580.000       0.000    0.0002    6.893  740.259    5.844  419.283    1.656
  15720.00 0.168     684.942       5.814    1540.000       0.000    0.0002    6.727  654.414    6.488  416.455    1.492
  15780.00 0.169     686.570       7.670    1540.000       0.000    0.0002    6.530  587.931    6.036  413.493    1.384
  15840.00 0.177     687.293       5.221    1500.000       0.000    0.0002    6.499  664.487    6.273  412.379    1.398
  15900.00 0.175     684.903       7.019    1540.000       0.000    0.0002    6.577  639.463    6.189  412.855    1.340
  15960.00 0.171     679.088       3.105    1540.000       0.000    0.0002    6.648  576.268    6.570  413.757    1.547
  16020.00 0.174     685.035       2.504    1500.000       0.000    0.0002    6.735  513.281    5.246  412.144    1.193
  16080.00 0.171     690.927       4.593    1540.000       0.000    0.0002    6.746  477.907    6.073  408.980    1.328
  16140.00 0.178     686.776       6.639    1540.000       0.000    0.0002    6.736  632.865    6.420  407.827    1.587
  16200.00 0.180     700.652      11.902    1580.000       0.000    0.0002    6.673  698.615    6.089  407.855    1.404
  16260.00 0.174     698.654       9.481    1540.000       0.000    0.0002    6.470  615.125    5.933  405.764    1.290
  16320.00 0.171     709.943       6.057    1420.000       0.000    0.0002    6.172  557.867    4.808  402.285    1.399
  16380.00 0.175     719.610       5.014    1500.000       0.000    0.0002    5.777  465.969    5.061  399.955    1.382
  16440.00 0.170     726.819       4.871    1500.000       0.000    0.0002    5.495  504.423    6.277  399.176    1.431
  16500.00 0.166     719.941       6.000    1460.000       0.000    0.0002    5.391  516.291    6.735  399.447    1.271
  16560.00 0.154     711.320       6.773    1540.000       0.000    0.0002    5.450  623.955    6.499  401.585    1.568
  16620.00 0.152     713.740      10.209    1460.000       0.000    0.0002    5.696  694.194    7.812  405.040    1.896
  16680.00 0.149     709.624       5.270    1540.000       0.000    0.0002    5.966  866.063    7.761  407.667    2.310
  16740.00 0.147     709.685       6.468    1940.000       0.000    0.0002    6.157  928.969    7.298  406.984    2.094
  16800.00 0.145     698.716       4.966    1940.000       0.000    0.0002    6.192  808.679    7.472  407.124    2.069
  16860.00 0.145     700.336      11.429    1620.000       0.000    0.0002    6.093  620.400    6.250  411.237    1.691
  16920.00 0.145     698.853       4.283    1540.000       0.000    0.0002    5.871  507.598    6.542  412.570    1.451
  16980.00 0.148     706.931       8.152    1540.000       0.000    0.0002    5.620  577.679    6.346  408.729    1.317
  17040.00 0.149     700.066       6.164    1540.000       0.000    0.0002    5.515  605.893    6.218  404.638    1.464
  17100.00 0.156     698.683       6.520    1500.000       0.000    0.0002    5.416  568.969    6.169  401.407    1.718
  17160.00 0.157     708.972       4.019    1540.000       0.000    0.0002    5.083  463.321    5.271  398.308    1.389
  17220.00 0.157     705.794       8.536    1500.000       0.000    0.0002    4.713  487.665    5.333  395.519    1.379
  17280.00 0.154     707.532       3.006    1540.000       0.000    0.0002    4.317  433.990    4.858  391.910    1.188
  17340.00 0.151     708.645       5.387    1460.000       0.000    0.0002    3.959  361.635    5.085  388.905    1.127
  17400.00 0.147     702.591      11.661    1580.000       0.000    0.0002    3.716  324.418    5.239  387.256    1.123
  17460.00 0.146     701.879       8.490    1540.000       0.000    0.0002    3.564  389.133    5.418  384.588    1.278
  17520.00 0.137     690.835       6.679    1500.000       0.000    0.0002    3.587  451.020    5.941  381.637    1.296
  17580.00 0.138     672.695       6.667    1500.000       0.000    0.0002    3.758  531.808    5.822  380.302    1.413
  17640.00 0.142     674.966       8.655    1500.000       0.000    0.0002    3.984  564.594    5.539  380.568    1.552
  17700.00 0.146     677.733       6.733    1460.000       0.000    0.0002    4.167  618.361    5.285  380.262    1.437
  17760.00 0.145     676.162       9.024    1460.000       0.000    0.0002    4.244  501.222    5.146  379.457    1.219
  17820.00 0.144     685.195      10.934    1540.000       0.000    0.0002    4.274  414.799    5.323  380.080    1.280
  17880.00 0.152     691.047      10.048    1580.000       0.000    0.0002    4.375  344.912    4.499  379.748    1.043
  17940.00 0.154     684.992       9.857    1500.000       0.000    0.0002    4.497  312.307    4.709  379.544    1.158
  18000.00 0.157     686.398      10.528    1460.000       0.000    0.0002    4.742  405.872    5.448  383.351    1.518
  18060.00 0.154     677.742      12.846    1460.000       0.000    0.0002    5.191  539.842    6.069  388.245    1.604
  18120.00 0.156     685.078       4.890    1420.000       0.000    0.0002    5.725  697.904    6.000  391.282    1.668
  18180.00 0.162     689.668      10.695    1420.000       0.000    0.0002    6.241  808.871    5.889  395.229    1.733
  18240.00 0.163     695.856       6.817    1460.000       0.000    0.0002    6.550  850.188    6.810  399.863    1.843
  18300.00 0.159     704.479       6.871    1460.000       0.000    0.0002    6.563  774.240    7.728  402.699    1.791
  18360.00 0.158     710.108       9.800    1460.000       0.000    0.0002    6.367  803.804    5.928  404.003    1.708
  18420.00 0.158     711.649       6.225    1460.000       0.000    0.0002    6.084  772.107    5.792  404.553    1.343
  18480.00 0.158     722.469       7.716    1460.000       0.000    0.0002    5.677  725.773    5.634  402.993    1.332
  18540.00 0.153     712.930       9.140    1460.000       0.000    0.0002    5.224  520.410    4.753  398.863    1.241
  18600.00 0.144     714.508       2.237    1580.000       0.000    0.0002    4.851  366.523    4.997  395.040    1.173
  18660.00 0.149     700.131       6.776    1620.000       0.000    0.0002    4.735  339.794    4.737  393.384    1.193
  18720.00 0.149     701.899      10.966    1460.000       0.000    0.0002    4.677  318.530    4.992  393.034    1.120
  18780.00 0.150     699.545       2.797    1540.000       0.000    0.0002    4.719  282.844    4.872  392.546    1.062
  18840.00 0.151     697.994      10.680    1420.000       0.000    0.0002    4.692  366.408    5.850  392.546    1.231
  18900.00 0.156     703.375       7.906    1420.000       0.000    0.0002    4.728  438.954    5.821  394.204    1.256
  18960.00 0.148     704.283       7.545    1380.000       0.000    0.0002    4.998  480.762    6.293  397.435    1.551
  19020.00 0.147     702.463       7.221    1420.000       0.000    0.0002    5.525  565.016    7.369  401.714    1.573
  19080.00 0.147     695.423       8.093    1460.000       0.000    0.0002    6.165  673.638    7.702  406.067    1.558
  19140.00 0.153     697.827      10.288    1380.000       0.000    0.0002    6.592  683.424    7.322  409.774    1.900
  19200.00 0.152     702.697       7.769    1500.000       0.000    0.0002    6.758  621.340    7.801  413.431    1.861
  19260.00 0.159     718.160       8.313    1580.000       0.000    0.0002    6.709  582.440    6.784  417.530    1.494
  19320.00 0.165     725.643       8.449    1580.000       0.000    0.0002    6.650  504.047    5.390  419.389    1.437
  19380.00 0.165     716.450      11.272    1580.000       0.000    0.0002    6.604  531.761    5.718  418.321    1.351
  19440.00 0.168     717.060       7.394    1580.000       0.000    0.0002    6.663  544.021    6.405  419.031    1.489
  19500.00 0.164     713.791      13.254    1540.000       0.000    0.0002    6.968  561.369    5.982  422.318    1.314
  19560.00 0.160     703.775      13.455    1500.000       0.000    0.0002    7.305  583.989    6.470  426.990    1.398
  19620.00 0.166     703.700       7.401    1620.000       0.000    0.0002    7.696  715.136    6.038  433.344    1.549
  19680.00 0.173     708.588      11.554    1420.000       0.000    0.0002    8.156  799.539    6.653  438.916    1.844
  19740.00 0.172     709.702      15.291    1500.000       0.000    0.0002    8.478  783.518    7.196  441.493    1.866
  19800.00 0.176     703.894       8.567    1500.000       0.000    0.0002    8.591  892.435    6.869  442.482    2.135
  19860.00 0.176     718.726      12.659    1940.000       0.000    0.0002    8.487  831.701    6.435  442.674    1.986
  19920.00 0.177     722.014       7.476    1940.000       0.000    0.0002    8.050  742.573    6.527  442.299    1.986
  19980.00 0.179     725.355       4.781    1940.000       0.000    0.0002    7.582  564.742    6.641  443.337    1.352
  20040.00 0.182     718.118       7.554    1580.000       0.000    0.0002    7.469  640.164    6.078  445.745    1.262
  20100.00 0.179     725.232      10.708    1500.000       0.000    0.0002    7.670  708.472    7.097  446.386    1.576
  20160.00 0.179     716.816       9.388    1620.000       0.000    0.0002    8.123  823.677    8.636  446.396    1.899
  20220.00 0.179     723.347      13.959    1540.000       0.000    0.0002    8.708  823.271    7.080  449.814    1.884
  20280.00 0.186     726.632      10.158    1940.000       0.000    0.0002    9.127  651.323    6.836  453.722    1.618
  20340.00 0.179     725.464       6.940    1540.000       0.000    0.0002    9.312  625.447    5.334  456.146    1.554
  20400.00 0.177     726.740       1.651    1500.000       0.000    0.0002    9.305  639.195    5.588  458.880    1.501
  20460.00 0.180     736.852       8.575    1500.000       0.000    0.0002    9.254  642.712    6.144  465.092    1.719
  20520.00 0.177     740.110      10.317    1460.000       0.000    0.0002    9.191  796.966    6.997  470.718    1.824
  20580.00 0.172     737.496      10.868    1460.000       0.000    0.0002    9.167  763.027    7.401  471.735    1.740
  20640.00 0.175     735.196       8.966    1540.000       0.000    0.0002    9.096  785.536    8.397  470.299    1.810
  20700.00 0.170     741.724       5.287    1660.000       0.000    0.0002    8.765  878.236    7.353  466.409    2.116
  20760.00 0.166     736.578      10.413    1940.000       0.000    0.0002    8.194  765.015    5.714  464.446    1.611
  20820.00 0.161     738.971       3.994    1580.000       0.000    0.0002    7.669  531.510    5.354  466.525    1.590
  20880.00 0.159     736.923       7.662    1460.000       0.000    0.0002    7.299  603.695    5.900  463.021    1.481
  20940.00 0.157     744.673      11.153    1540.000       0.000    0.0002    7.051  685.564    4.874  453.763    1.830
  21000.00 0.150     729.446      12.280    1500.000       0.000    0.0002    6.956  734.006    6.182  448.354    1.698
  21060.00 0.153     739.616       9.376    1620.000       0.000    0.0002    6.617  863.819    5.694  447.510    1.523
  21120.00 0.152     745.862       7.343    1540.000       0.000    0.0002    6.107  776.782    5.316  445.323    1.773
  21180.00 0.156     736.625       7.469    1540.000       0.000    0.0002    5.563  656.334    5.391  441.062    1.588
  21240.00 0.152     738.973      12.135    1540.000       0.000    0.0002    5.041  457.068    4.735  436.166    1.298
  21300.00 0.154     736.957      16.545    1500.000       0.000    0.0002    4.712  484.138    5.144  431.799    1.330
  21360.00 0.151     728.562       7.173    1540.000       0.000    0.0002    4.500  487.540    5.616  429.239    1.313
  21420.00 0.147     730.728       4.901    1500.000       0.000    0.0002    4.330  569.692    5.458  428.822    1.589
  21480.00 0.140     714.470       7.235    1500.000       0.000    0.0002    4.330  527.571    6.286  427.519    1.231
  21540.00 0.137     713.761       6.595    1540.000       0.000    0.0002    4.480  447.309    5.651  426.093    1.457
  21600.00 0.141     709.792      14.375    1500.000       0.000    0.0002    4.666  448.155    5.783  426.351    1.287
  21660.00 0.149     721.836       6.295    1460.000       0.000    0.0002    4.884  411.970    5.349  427.636    1.235
  21720.00 0.148     720.462       4.092    1500.000       0.000    0.0002    5.167  369.213    5.888  429.044    1.225
  21780.00 0.148     717.822      14.092    1500.000       0.000    0.0002    5.597  495.596    6.275  432.528    1.248
  21840.00 0.151     728.544       9.709    1500.000       0.000    0.0002    6.202  587.655    6.983  438.871    1.402
  21900.00 0.149     725.074       6.416    1460.000       0.000    0.0002    6.860  729.034    7.086  446.387    1.768
  21960.00 0.149     732.079      10.998    1460.000       0.000    0.0002    7.290  724.525    6.957  450.352    2.062
  22020.00 0.148     729.852       9.226    1500.000       0.000    0.0002    7.427  557.093    6.183  451.852    1.685
  22080.00 0.153     743.520       7.840    1500.000       0.000    0.0002    7.437  396.474    5.794  455.318    1.334
  22140.00 0.154     743.238      11.841    1540.000       0.000    0.0002    7.267  412.351    5.656  458.132    1.271
  22200.00 0.154     738.924      11.519    1500.000       0.000    0.0002    7.209  401.444    6.871  460.026    1.493
  22260.00 0.152     739.035       5.402    1500.000       0.000    0.0002    7.448  538.834    6.991  460.308    1.509
  22320.00 0.159     741.348       2.021    1460.000       0.000    0.0002    7.763  582.781    6.125  460.910    1.448
  22380.00 0.156     742.386       4.490    1580.000       0.000    0.0002    8.095  642.451    7.011  465.437    1.460
  22440.00 0.158     733.282       8.105    1540.000       0.000    0.0002    8.417  640.486    7.594  472.760    1.625
  22500.00 0.156     732.539       8.370    1500.000       0.000    0.0002    8.618  773.275    6.838  478.092    1.926
  22560.00 0.154     735.803      12.909    1500.000       0.000    0.0002    8.572  828.388    6.460  477.484    2.119
  22620.00 0.158     734.427       4.520    1940.000       0.000    0.0002    8.428  643.577    6.352  476.957    1.466
  22680.00 0.156     726.520       4.577    1700.000       0.000    0.0002    8.443  841.602    6.636  483.129    1.678
  22740.00 0.161     731.636       6.091    1620.000       0.000    0.0002    8.459  859.043    7.525  488.356    1.920
  22800.00 0.162     721.895       4.451    1940.000       0.000    0.0002    8.567  863.225    6.748  490.205    2.016
  22860.00 0.165     723.634      13.589    1940.000       0.000    0.0002    8.643  813.898    8.461  494.160    1.905
  22920.00 0.164     714.545       6.975    1500.000       0.000    0.0002    8.755  813.224    7.904  502.512    1.773
  22980.00 0.160     715.511      11.359    1580.000       0.000    0.0002    8.949  873.156    8.321  508.861    1.997
  23040.00 0.164     719.016      12.846    1940.000       0.000    0.0002    9.070 1012.441    8.362  509.474    1.931
  23100.00 0.168     730.975      11.674    1700.000       0.000    0.0002    9.173  981.845    7.908  508.004    2.197
  23160.00 0.166     738.702       5.457    1940.000       0.000    0.0002    9.005  844.277    7.481  508.340    2.055
  23220.00 0.166     747.953       7.158    1940.000       0.000    0.0002    8.761  695.241    7.194  508.249    1.959
  23280.00 0.164     756.701       8.380    1620.000       0.000    0.0002    8.648  659.123    7.045  506.936    1.579
  23340.00 0.169     756.324       6.020    1580.000       0.000    0.0002    8.623  609.741    6.864  506.656    1.632
  23400.00 0.162     754.458      12.620    1580.000       0.000    0.0002    8.883  636.588    7.099  508.841    1.548
  23460.00 0.160     753.924       6.901    1540.000       0.000    0.0002    9.498  729.479    8.247  515.919    1.755
  23520.00 0.160     750.809       5.313    1580.000       0.000    0.0002   10.210  882.324    9.674  528.629    1.890
  23580.00 0.158     753.560      10.217    1580.000       0.000    0.0002   10.849 1165.905   10.504  543.056    2.585
  23640.00 0.163     743.604       8.649    1940.000       0.000    0.0002   11.347 1375.941    9.778  550.899    2.462
  23700.00 0.167     747.918       2.874    1980.000       0.000    0.0002   11.418 1328.550   10.139  550.795    2.665
  23760.00 0.167     748.974       8.035    1940.000       0.000    0.0002   10.877 1046.314    7.396  552.039    2.039
  23820.00 0.170     750.100       4.648    1940.000       0.000    0.0002   10.130  800.260    7.121  561.937    1.757
  23880.00 0.173     761.326       7.560    1940.000       0.000    0.0002    9.541  676.253    6.711  568.308    1.431
  23940.00 0.166     745.184      15.199    1620.000       0.000    0.0002    9.489  621.017    7.014  567.323    1.523
  24000.00 0.165     737.748      10.933    1500.000       0.000    0.0002    9.986  646.994    8.067  566.252    1.715
  24060.00 0.163     746.237      11.784    1580.000       0.000    0.0002   10.774  733.886    8.760  574.443    1.991
  24120.00 0.161     731.611       9.362    1540.000       0.000    0.0002   11.659  814.230    8.913  583.212    1.979
  24180.00 0.164     739.465      13.551    1940.000       0.000    0.0002   12.280  792.261    8.188  584.326    1.952
  24240.00 0.176     766.648       6.676    1940.000       0.000    0.0002   12.526  838.115    7.863  583.042    1.934
  24300.00 0.173     769.014       3.718    1940.000       0.000    0.0002   12.302  903.452    7.140  584.883    1.946
  24360.00 0.178     775.178       6.384    1940.000       0.000    0.0002   11.802  770.693    6.343  587.239    1.909
  24420.00 0.178     773.132      11.346    1940.000       0.000    0.0002   11.253  613.799    6.155  588.674    1.561
  24480.00 0.183     782.510      12.790    1620.000       0.000    0.0002   11.015  689.837    7.002  588.537    1.736
  24540.00 0.178     762.544      10.397    1580.000       0.000    0.0002   11.052  762.652    7.448  585.977    1.841
  24600.00 0.171     765.335      10.927    1620.000       0.000    0.0002   11.047  787.060    7.793  585.464    1.811
  24660.00 0.159     757.458       7.351    1620.000       0.000    0.0002   10.859  883.195    7.408  586.241    2.019
  24720.00 0.161     766.161       3.703    1620.000       0.000    0.0002   10.600  893.076    7.256  583.993    1.808
  24780.00 0.155     766.646       9.228    1660.000       0.000    0.0002   10.396 1043.075    8.641  584.656    2.102
  24840.00 0.158     768.105       9.399    1940.000       0.000    0.0002    9.989  941.055    9.613  589.610    2.254
  24900.00 0.155     766.603       4.360    1660.000       0.000    0.0002    9.400 1157.699    9.132  588.830    2.198
  24960.00 0.155     764.403      10.629    1940.000       0.000    0.0002    8.710 1367.895   10.467  579.346    2.390
  25020.00 0.146     753.065       3.116    1940.000       0.000    0.0002    7.766 1418.480    8.164  567.108    2.396
  25080.00 0.142     746.735       7.354    1940.000       0.000    0.0002    6.698 1156.716    8.650  559.327    2.037
  25140.00 0.134     751.127      10.473    1940.000       0.000    0.0002    5.609  920.417    6.650  553.422    1.856
  25200.00 0.135     742.178      10.454    1940.000       0.000    0.0002    4.545  565.387    6.689  542.611    1.460
  25260.00 0.128     737.338       3.764    1620.000       0.000    0.0002    3.952  483.444    6.797  528.392    1.381
  25320.00 0.125     720.706       8.510    1580.000       0.000    0.0002    3.768  532.045    6.665  515.786    1.512
  25380.00 0.121     707.984       5.323    1580.000       0.000    0.0002    3.980  559.488    5.978  507.916    1.301
  25440.00 0.117     721.206       8.565    1580.000       0.000    0.0002    4.201  553.132    6.333  504.837    1.407
  25500.00 0.124     730.884       5.894    1580.000       0.000    0.0002    4.391  531.607    5.676  501.063    1.500
  25560.00 0.124     736.614      13.386    1740.000       0.000    0.0002    4.615  516.905    5.686  495.739    1.545
  25620.00 0.127     744.368       8.123    1620.000       0.000    0.0002    4.691  480.933    6.036  495.559    1.683
  25680.00 0.130     764.195       7.828    1620.000       0.000    0.0002    4.794  414.126    6.640  498.185    1.364
  25740.00 0.129     776.584      10.019    1580.000       0.000    0.0002    4.952  435.985    6.830  494.836    1.448
  25800.00 0.132     781.774       8.577    1580.000       0.000    0.0002    5.001  464.042    6.744  489.933    1.434
  25860.00 0.124     773.228       4.134    1580.000       0.000    0.0002    5.151  514.926    6.747  493.428    1.533
  25920.00 0.124     764.773       8.087    1620.000       0.000    0.0002    5.321  522.553    6.003  500.336    1.569
  25980.00 0.123     744.861       7.211    1580.000       0.000    0.0002    5.437  587.632    6.018  500.162    1.477
  26040.00 0.129     755.321       5.698    1540.000       0.000    0.0002    5.391  658.506    6.586  495.279    1.569
  26100.00 0.123     753.996       8.946    1620.000       0.000    0.0002    5.146  674.565    6.550  491.279    1.593
  26160.00 0.117     742.744      15.717    1940.000       0.000    0.0002    4.769  558.773    6.916  486.776    1.533
  26220.00 0.122     750.442       6.386    1500.000       0.000    0.0002    4.119  481.201    6.244  481.289    1.559
  26280.00 0.125     750.275       9.569    1540.000       0.000    0.0002    3.405  418.537    5.501  475.754    1.439
  26340.00 0.122     738.323       6.387    1540.000       0.000    0.0002    2.798  348.438    4.669  469.885    1.256
  26400.00 0.121     730.726       4.556    1540.000       0.000    0.0002    2.353  326.006    4.651  463.384    1.099
  26460.00 0.114     729.231       4.060    1540.000       0.000    0.0002    2.112  334.289    4.814  457.840    1.234
  26520.00 0.111     703.172       8.370    1580.000       0.000    0.0002    2.082  208.668    3.524  454.252    0.953
  26580.00 0.112     707.756      14.161    1500.000       0.000    0.0002    2.193  213.814    4.467  452.723    1.115
  26640.00 0.110     701.863      14.191    1540.000       0.000    0.0002    2.415  280.493    4.797  451.755    1.272
  26700.00 0.115     696.017       7.881    1540.000       0.000    0.0002    2.802  345.113    4.997  450.328    1.179
  26760.00 0.115     714.128       7.957    1540.000       0.000    0.0002    3.237  391.152    5.484  450.897    1.355
  26820.00 0.119     714.344      15.410    1500.000       0.000    0.0002    3.734  377.575    5.837  454.839    1.361
  26880.00 0.125     715.391       9.453    1500.000       0.000    0.0002    4.255  450.101    6.222  458.671    1.749
  26940.00 0.121     721.087       5.030    1540.000       0.000    0.0002    4.729  591.041    6.687  461.438    1.988
  27000.00 0.129     727.704       8.843    1540.000       0.000    0.0002    5.095  659.313    5.745  463.788    1.894
  27060.00 0.130     727.341       7.865    1940.000       0.000    0.0002    5.216  577.740    5.776  463.797    1.656
  27120.00 0.128     727.075       8.451    1500.000       0.000    0.0002    5.107  558.839    6.092  462.748    1.971
  27180.00 0.134     735.466      10.896    1540.000       0.000    0.0002    4.991  588.530    5.780  463.575    1.705
  27240.00 0.130     721.013      11.970    1540.000       0.000    0.0002    4.938  511.069    5.349  465.345    1.810
  27300.00 0.130     724.211       7.105    1580.000       0.000    0.0002    5.023  540.602    5.923  466.817    1.476
  27360.00 0.129     714.064       6.616    1540.000       0.000    0.0002    5.294  583.292    5.748  469.015    1.549
  27420.00 0.130     717.228       5.094    1580.000       0.000    0.0002    5.727  543.630    7.022  471.829    1.720
  27480.00 0.129     713.055       6.793    1500.000       0.000    0.0002    6.329  638.741    6.780  476.159    1.835
  27540.00 0.132     718.450       4.834    1540.000       0.000    0.0002    6.915  687.496    6.859  482.479    2.250
  27600.00 0.137     732.870       9.875    1540.000       0.000    0.0002    7.440  699.029    7.005  487.626    2.092
  27660.00 0.137     747.189      13.167    1660.000       0.000    0.0002    7.816  750.678    7.040  491.407    1.860
  27720.00 0.135     756.318       5.054    1940.000       0.000    0.0002    7.896  776.762    6.956  495.974    1.764
  27780.00 0.140     752.870      13.496    1580.000       0.000    0.0002    7.837  771.775    7.111  500.531    1.819
  27840.00 0.143     757.573       8.889    1660.000       0.000    0.0002    7.531  648.713    6.474  502.574    1.674
  27900.00 0.140     771.623      12.670    1580.000       0.000    0.0002    7.115  712.101    8.796  502.395    2.236
  27960.00 0.137     754.143       5.821    1940.000       0.000    0.0002    6.888  563.668    6.891  501.344    1.532
  28020.00 0.141     755.502       4.533    1700.000       0.000    0.0002    6.718  667.983    7.914  502.510    1.930
  28080.00 0.134     751.627       5.119    1580.000       0.000    0.0002    6.504  689.121    6.378  502.489    1.717
  28140.00 0.140     749.650      10.524    1620.000       0.000    0.0002    6.250  564.634    6.451  498.008    1.532
  28200.00 0.144     738.503      15.986    1620.000       0.000    0.0002    6.153  626.239    6.822  497.605    1.739
  28260.00 0.148     749.256      11.207    1580.000       0.000    0.0002    6.358  705.531    7.140  501.456    1.703
  28320.00 0.148     744.752      10.924    1580.000       0.000    0.0002    6.639  738.301    6.849  502.145    2.016
  28380.00 0.146     749.015      15.760    1540.000       0.000    0.0002    6.980  627.093    6.773  499.659    1.806
  28440.00 0.147     762.450       9.172    1620.000       0.000    0.0002    7.225  585.318    6.806  501.198    1.686
  28500.00 0.148     762.970       4.290    1540.000       0.000    0.0002    7.410  590.353    7.012  504.734    1.714
  28560.00 0.147     771.126       5.199    1580.000       0.000    0.0002    7.328  614.214    6.590  504.713    1.911
  28620.00 0.148     757.727      10.610    1940.000       0.000    0.0002    7.128  544.994    6.128  504.178    1.593
  28680.00 0.150     755.465       8.352    1540.000       0.000    0.0002    6.783  430.928    6.211  505.062    1.409
  28740.00 0.147     761.431       2.862    1580.000       0.000    0.0002    6.247  448.314    6.692  503.749    1.565
  28800.00 0.158     763.333      12.160    1580.000       0.000    0.0002    5.560  521.888    5.764  496.982    1.641
