#  time      cc     z_cbase    z_ctop_avg  z_ctop_max      zi         we   <<ql>>  <<ql>>_max   w_max   tke     ql_max
     60.00 0.000       0.000       0.000       0.000       0.000    0.0002    0.000    0.000    0.186  616.630    0.000
    120.00 0.000       0.000       0.000       0.000       0.000    0.0002    0.000    0.000    0.301  417.120    0.000
    180.00 0.000       0.000       0.000       0.000       0.000    0.0002    0.000    0.000    0.337  300.173    0.000
    240.00 0.000       0.000       0.000       0.000       0.000    0.0002    0.000    0.000    0.313  225.834    0.000
    300.00 0.000       0.000       0.000       0.000       0.000    0.0002    0.000    0.000    0.279  176.607    0.000
    360.00 0.000       0.000       0.000       0.000       0.000    0.0002    0.000    0.000    0.312  143.443    0.000
    420.00 0.000       0.000       0.000       0.000       0.000    0.0002    0.000    0.000    0.333  121.187    0.000
    480.00 0.000       0.000       0.000       0.000       0.000    0.0002    0.000    0.000    0.357  105.783    0.000
    540.00 0.000       0.000       0.000       0.000       0.000    0.0002    0.000    0.000    0.398   93.961    0.000
    600.00 0.000       0.000       0.000       0.000       0.000    0.0002    0.000    0.000    0.411   84.690    0.000
    660.00 0.000       0.000       0.000       0.000       0.000    0.0002    0.000    0.000    0.410   78.154    0.000
    720.00 0.000       0.000       0.000       0.000       0.000    0.0002    0.000    0.000    0.507   73.872    0.000
    780.00 0.000       0.000       0.000       0.000       0.000    0.0002    0.000    0.000    0.597   71.084    0.000
    840.00 0.000       0.000       0.000       0.000       0.000    0.0002    0.000    0.000    0.650   69.314    0.000
    900.00 0.000       0.000       0.000       0.000       0.000    0.0002    0.000    0.000    0.666   68.135    0.000
    960.00 0.000       0.000       0.000       0.000       0.000    0.0002    0.000    0.000    0.785   67.556    0.000
   1020.00 0.000       0.000       0.000       0.000       0.000    0.0002    0.000    0.000    0.865   68.054    0.000
   1080.00 0.000       0.000       0.000       0.000       0.000    0.0002    0.000    0.000    0.890   69.666    0.000
   1140.00 0.000       0.000       0.000       0.000       0.000    0.0002    0.000    0.000    0.932   72.013    0.000
   1200.00 0.000     540.000       0.000     540.000       0.000    0.0002    0.000    1.153    0.998   75.056    0.025
   1260.00 0.001     560.000       0.000     580.000       0.000    0.0002    0.002    3.273    0.979   78.982    0.074
   1320.00 0.003     564.615       0.000     580.000       0.000    0.0002    0.007   10.132    1.094   83.920    0.118
   1380.00 0.009     565.556       0.000     660.000       0.000    0.0002    0.020   16.925    1.206   90.093    0.201
   1440.00 0.016     567.077      17.846     660.000       0.000    0.0002    0.051   21.876    1.265   97.644    0.260
   1500.00 0.026     570.654       0.000     660.000       0.000    0.0002    0.110   35.650    1.631  106.460    0.358
   1560.00 0.038     568.462      26.026     660.000       0.000    0.0002    0.211   53.713    1.759  116.504    0.490
   1620.00 0.055     570.222      10.133     660.000       0.000    0.0002    0.369   65.117    1.729  127.849    0.481
   1680.00 0.070     571.049       8.951     660.000       0.000    0.0002    0.600   70.909    2.087  140.386    0.503
   1740.00 0.088     568.969       4.847     740.000       0.000    0.0002    0.936   97.373    2.528  153.918    0.685
   1800.00 0.106     566.636       5.899     780.000       0.000    0.0002    1.376  134.640    2.766  168.265    0.768
   1860.00 0.126     567.079       5.609     820.000       0.000    0.0002    1.938  155.022    3.125  183.108    0.832
   1920.00 0.143     569.488       6.553     820.000       0.000    0.0002    2.636  194.442    3.449  197.996    0.939
   1980.00 0.157     571.464       5.545     900.000       0.000    0.0002    3.423  236.915    3.836  212.498    1.002
   2040.00 0.168     575.652       2.638     900.000       0.000    0.0002    4.267  267.717    3.988  226.194    0.984
   2100.00 0.178     576.170       4.295     900.000       0.000    0.0002    5.148  362.223    3.965  238.908    1.125
   2160.00 0.189     580.619      10.696    1300.000       0.000    0.0002    6.036  398.897    4.405  250.202    1.069
   2220.00 0.198     588.296      10.420    1340.000       0.000    0.0002    6.840  408.482    4.154  259.564    1.164
   2280.00 0.203     594.742       7.923    1340.000       0.000    0.0002    7.487  405.079    4.836  266.553    1.243
   2340.00 0.209     601.168       5.888    1380.000       0.000    0.0002    7.990  466.597    5.348  271.048    1.334
   2400.00 0.210     608.837      12.302    1300.000       0.000    0.0002    8.333  544.412    5.820  273.219    1.513
   2460.00 0.206     614.543       8.968    1380.000       0.000    0.0002    8.423  571.173    6.004  272.714    1.587
   2520.00 0.204     615.784       5.725    1380.000       0.000    0.0002    8.261  558.794    5.809  269.201    1.733
   2580.00 0.199     622.604       6.118    1540.000       0.000    0.0002    7.754  459.896    4.828  263.162    1.070
   2640.00 0.193     624.501       3.919    1580.000       0.000    0.0002    7.032  363.352    3.891  256.164    0.956
   2700.00 0.190     629.333       7.615    1380.000       0.000    0.0002    6.237  305.492    4.242  248.442    1.070
   2760.00 0.184     635.968       6.870    1420.000       0.000    0.0002    5.518  331.161    4.375  239.382    0.918
   2820.00 0.171     633.162       9.413    1300.000       0.000    0.0002    4.907  335.776    3.708  230.828    1.025
   2880.00 0.158     634.590      10.077    1300.000       0.000    0.0002    4.396  337.749    3.790  223.047    1.103
   2940.00 0.148     643.355       3.191    1300.000       0.000    0.0002    3.986  339.564    3.865  215.467    1.174
   3000.00 0.137     645.577       3.943    1300.000       0.000    0.0002    3.587  372.153    4.257  208.507    1.200
   3060.00 0.129     648.604       5.925    1380.000       0.000    0.0002    3.200  386.036    4.707  202.504    1.193
   3120.00 0.129     649.585       3.962    1420.000       0.000    0.0002    2.838  486.600    4.755  197.064    1.351
   3180.00 0.122     649.701       3.952    1540.000       0.000    0.0002    2.555  508.849    4.670  192.327    1.423
   3240.00 0.115     644.440       8.710    1340.000       0.000    0.0002    2.401  422.503    5.131  188.244    1.340
   3300.00 0.107     646.000      10.773    1380.000       0.000    0.0002    2.262  445.536    4.568  184.080    1.219
   3360.00 0.104     646.417       8.571    1420.000       0.000    0.0002    2.108  486.887    4.068  179.880    1.269
   3420.00 0.106     646.912       7.235    1300.000       0.000    0.0002    1.847  435.830    3.469  176.529    1.224
   3480.00 0.100     644.608       2.843    1380.000       0.000    0.0002    1.578  331.525    3.770  174.656    0.927
   3540.00 0.096     638.376       6.497    1420.000       0.000    0.0002    1.407  319.429    4.056  173.602    1.124
   3600.00 0.096     633.367       3.367    1300.000       0.000    0.0002    1.329  361.953    4.058  172.478    1.207
   3660.00 0.096     638.776      11.327    1380.000       0.000    0.0002    1.306  347.603    4.212  170.587    1.288
   3720.00 0.092     626.561      10.476    1420.000       0.000    0.0002    1.364  368.896    4.455  168.755    1.049
   3780.00 0.093     622.000       9.947    1380.000       0.000    0.0002    1.471  364.034    3.429  168.220    0.814
   3840.00 0.094     623.429       3.065    1300.000       0.000    0.0002    1.638  354.138    3.232  168.814    0.893
   3900.00 0.093     617.368       3.053    1300.000       0.000    0.0002    1.822  337.229    3.570  169.959    1.020
   3960.00 0.091     615.795       5.876    1300.000       0.000    0.0002    2.022  440.390    4.079  171.675    1.118
   4020.00 0.092     614.695       6.684    1300.000       0.000    0.0002    2.211  523.053    4.586  174.065    1.305
   4080.00 0.097     625.013       4.662    1300.000       0.000    0.0002    2.456  583.328    5.427  177.006    1.568
   4140.00 0.097     623.829       1.461    1300.000       0.000    0.0002    2.739  734.694    5.628  180.099    1.808
   4200.00 0.099     627.111       9.383    1300.000       0.000    0.0002    2.966  729.730    4.882  182.646    1.530
   4260.00 0.101     618.265      10.313    1380.000       0.000    0.0002    3.089  590.729    5.697  184.400    1.609
   4320.00 0.102     618.182       7.608    1460.000       0.000    0.0002    3.109  477.697    4.325  185.935    1.334
   4380.00 0.096     622.532       7.747    1500.000       0.000    0.0002    3.080  373.326    3.863  187.931    1.292
   4440.00 0.095     620.716       5.882    1420.000       0.000    0.0002    3.032  426.722    4.882  190.374    1.250
   4500.00 0.103     612.571       5.714    1420.000       0.000    0.0002    3.120  501.011    4.983  193.099    1.320
   4560.00 0.103     611.659       4.692    1380.000       0.000    0.0002    3.269  608.184    4.937  195.964    1.270
   4620.00 0.104     606.415       4.858    1380.000       0.000    0.0002    3.435  612.588    4.897  199.089    1.583
   4680.00 0.108     606.847       6.802    1340.000       0.000    0.0002    3.483  569.525    4.849  201.499    1.389
   4740.00 0.111     612.615       8.308    1380.000       0.000    0.0002    3.385  735.096    4.907  203.811    1.393
   4800.00 0.111     609.669      12.494    1420.000       0.000    0.0002    3.270  748.304    5.245  206.604    1.473
   4860.00 0.115     609.852       2.368    1460.000       0.000    0.0002    3.191  643.292    5.099  208.155    1.454
   4920.00 0.117     603.849       5.439    1380.000       0.000    0.0002    3.172  625.802    4.456  208.881    1.229
   4980.00 0.119     604.527       7.243    1420.000       0.000    0.0002    3.101  543.150    4.015  209.480    1.117
   5040.00 0.118     602.277       8.530    1500.000       0.000    0.0002    3.130  588.390    4.095  210.282    1.125
   5100.00 0.128     607.505       6.286    1500.000       0.000    0.0002    3.194  597.380    4.734  210.915    0.964
   5160.00 0.131     609.682      10.355    1340.000       0.000    0.0002    3.398  515.695    4.461  211.395    0.934
   5220.00 0.128     611.816      11.969    1300.000       0.000    0.0002    3.721  394.132    3.753  213.032    0.949
   5280.00 0.126     614.175       9.553    1340.000       0.000    0.0002    4.199  463.101    4.625  215.791    1.143
   5340.00 0.125     613.176       6.627    1420.000       0.000    0.0002    4.770  572.917    5.116  219.566    1.352
   5400.00 0.132     618.074       5.963    1340.000       0.000    0.0002    5.405  652.462    4.676  224.291    1.317
   5460.00 0.130     624.511       5.113    1380.000       0.000    0.0002    6.031  648.045    4.923  229.701    1.440
   5520.00 0.134     632.117       8.248    1500.000       0.000    0.0002    6.721  811.319    4.972  236.417    1.594
   5580.00 0.134     632.386      14.281    1460.000       0.000    0.0002    7.383  916.867    5.336  245.082    1.517
   5640.00 0.137     634.662       9.609    1460.000       0.000    0.0002    7.885 1037.616    6.237  254.867    2.135
   5700.00 0.144     640.034       7.810    1500.000       0.000    0.0002    8.116 1109.502    7.517  262.030    2.269
   5760.00 0.145     642.230       7.162    1620.000       0.000    0.0002    7.787 1170.149    6.665  262.538    2.192
   5820.00 0.144     649.881       3.294    1940.000       0.000    0.0002    7.099  966.019    4.990  259.012    2.181
   5880.00 0.145     643.581       9.696    1940.000       0.000    0.0002    6.257  709.253    4.925  258.549    1.459
   5940.00 0.146     648.677       3.317    1620.000       0.000    0.0002    5.522  502.023    4.335  260.528    1.136
   6000.00 0.136     651.727       4.892    1540.000       0.000    0.0002    5.044  460.104    4.118  257.279    1.258
   6060.00 0.140     643.007       3.252    1500.000       0.000    0.0002    4.794  498.378    4.969  252.755    1.338
   6120.00 0.134     643.564      11.855    1460.000       0.000    0.0002    4.611  483.771    4.868  253.307    1.262
   6180.00 0.138     640.389       7.681    1460.000       0.000    0.0002    4.559  549.430    4.814  255.088    1.264
   6240.00 0.137     634.849       7.673    1460.000       0.000    0.0002    4.634  544.189    4.520  253.233    1.144
   6300.00 0.141     641.522       7.785    1540.000       0.000    0.0002    4.834  528.072    4.728  251.178    1.133
   6360.00 0.140     648.780       5.819    1500.000       0.000    0.0002    5.127  555.409    5.180  253.049    1.306
   6420.00 0.140     644.321       4.460    1300.000       0.000    0.0002    5.512  707.472    5.375  257.675    1.420
   6480.00 0.133     645.982       7.339    1340.000       0.000    0.0002    5.844  773.391    5.955  261.318    1.838
   6540.00 0.132     646.716       7.085    1500.000       0.000    0.0002    6.074  824.605    5.621  262.517    1.924
   6600.00 0.131     652.477       9.311    1420.000       0.000    0.0002    6.142  794.625    4.879  263.739    1.229
   6660.00 0.131     656.127       5.251    1540.000       0.000    0.0002    6.152  745.027    4.507  267.197    1.563
   6720.00 0.133     655.359       6.519    1500.000       0.000    0.0002    6.119  659.899    4.867  269.556    1.685
   6780.00 0.135     660.865       9.514    1540.000       0.000    0.0002    6.051  662.686    4.557  268.338    1.694
   6840.00 0.140     663.706       8.636    1580.000       0.000    0.0002    5.895  665.109    4.564  267.079    1.130
   6900.00 0.138     657.178       5.009    1460.000       0.000    0.0002    5.799  663.877    4.710  268.493    1.225
   6960.00 0.137     655.311       8.597    1460.000       0.000    0.0002    5.750  601.967    5.305  269.381    1.199
   7020.00 0.137     657.438       6.370    1420.000       0.000    0.0002    5.688  530.299    5.510  269.694    1.326
   7080.00 0.136     642.366       7.993    1500.000       0.000    0.0002    5.635  603.702    4.704  270.984    1.288
   7140.00 0.128     632.952       2.362    1460.000       0.000    0.0002    5.624  584.053    5.336  271.167    1.432
   7200.00 0.124     635.167      12.927    1460.000       0.000    0.0002    5.542  475.503    4.425  269.687    1.198
   7260.00 0.129     642.803      14.508    1460.000       0.000    0.0002    5.361  487.094    4.431  269.108    1.146
   7320.00 0.127     646.718       6.756    1500.000       0.000    0.0002    5.160  469.758    4.464  268.546    1.106
   7380.00 0.134     644.891       9.343    1460.000       0.000    0.0002    4.881  444.625    5.058  266.344    1.255
   7440.00 0.137     645.786       1.393    1500.000       0.000    0.0002    4.653  472.671    4.802  264.834    1.231
   7500.00 0.131     646.245       2.230    1460.000       0.000    0.0002    4.553  522.947    5.019  264.951    1.265
   7560.00 0.135     646.739       6.342    1380.000       0.000    0.0002    4.561  527.224    5.655  264.541    1.392
   7620.00 0.135     640.794       9.350    1380.000       0.000    0.0002    4.622  562.432    4.955  263.659    1.227
   7680.00 0.130     634.232      12.097    1420.000       0.000    0.0002    4.701  566.797    4.949  263.080    1.130
   7740.00 0.133     636.044       8.828    1460.000       0.000    0.0002    4.770  557.962    4.456  262.556    1.219
   7800.00 0.132     637.417       9.742    1340.000       0.000    0.0002    4.773  512.178    4.486  262.636    1.109
   7860.00 0.133     646.544       7.868    1460.000       0.000    0.0002    4.806  476.938    5.127  263.895    1.280
   7920.00 0.135     656.390       1.191    1340.000       0.000    0.0002    4.859  537.383    5.952  265.699    1.332
   7980.00 0.134     653.711       9.689    1420.000       0.000    0.0002    4.973  635.411    6.269  267.415    1.296
   8040.00 0.136     648.050       4.651    1380.000       0.000    0.0002    5.094  727.282    5.624  269.287    1.421
   8100.00 0.142     651.379      12.690    1460.000       0.000    0.0002    5.197  682.186    5.154  271.076    1.451
   8160.00 0.139     653.485       8.827    1500.000       0.000    0.0002    5.226  757.055    5.319  272.814    1.693
   8220.00 0.139     648.963       2.882    1380.000       0.000    0.0002    5.149  789.462    5.623  273.096    1.704
   8280.00 0.142     644.880       4.674    1420.000       0.000    0.0002    4.961  785.040    4.823  272.272    1.477
   8340.00 0.137     653.523       4.021    1660.000       0.000    0.0002    4.777  798.910    4.537  272.940    1.448
   8400.00 0.137     651.943       5.526    1380.000       0.000    0.0002    4.612  709.935    4.756  273.870    1.174
   8460.00 0.133     648.950      10.681    1460.000       0.000    0.0002    4.470  564.638    5.127  273.034    1.254
   8520.00 0.132     650.278      12.022    1340.000       0.000    0.0002    4.382  465.707    5.428  271.755    1.188
   8580.00 0.131     648.486       8.523    1500.000       0.000    0.0002    4.367  579.814    5.864  271.457    1.286
   8640.00 0.131     645.495       5.047    1380.000       0.000    0.0002    4.382  611.327    5.499  271.122    1.269
   8700.00 0.134     652.555       1.971    1420.000       0.000    0.0002    4.469  516.068    5.337  270.566    1.326
   8760.00 0.136     644.748       6.619    1420.000       0.000    0.0002    4.673  537.180    5.816  271.887    1.304
   8820.00 0.133     642.647       3.934    1380.000       0.000    0.0002    4.957  641.228    5.582  274.491    1.286
   8880.00 0.133     653.456       5.919    1380.000       0.000    0.0002    5.176  665.766    5.200  276.670    1.519
   8940.00 0.138     661.489       4.433    1420.000       0.000    0.0002    5.381  579.023    5.175  278.755    1.484
   9000.00 0.139     654.376       3.409    1420.000       0.000    0.0002    5.497  604.689    4.670  280.252    1.142
   9060.00 0.139     653.111       9.561    1500.000       0.000    0.0002    5.514  593.967    4.228  281.957    1.140
   9120.00 0.139     653.905       7.811    1580.000       0.000    0.0002    5.456  495.222    4.716  284.110    1.341
   9180.00 0.147     652.318       7.185    1380.000       0.000    0.0002    5.302  489.405    5.186  284.845    1.194
   9240.00 0.146     659.733       5.900    1420.000       0.000    0.0002    5.092  495.905    5.208  284.079    1.109
   9300.00 0.140     658.255      11.169    1460.000       0.000    0.0002    4.956  538.932    4.996  283.398    1.316
   9360.00 0.136     649.553       8.157    1380.000       0.000    0.0002    4.945  615.290    4.915  283.147    1.225
   9420.00 0.137     657.000      13.964    1460.000       0.000    0.0002    4.960  687.892    5.246  283.452    1.167
   9480.00 0.135     652.754       6.739    1500.000       0.000    0.0002    5.022  751.446    5.491  284.176    1.330
   9540.00 0.135     657.029       8.949    1420.000       0.000    0.0002    5.000  726.409    5.468  283.991    1.363
   9600.00 0.138     658.375       3.710    1420.000       0.000    0.0002    4.795  596.396    4.389  283.320    1.110
   9660.00 0.140     665.287       8.348    1540.000       0.000    0.0002    4.588  409.645    4.143  283.494    1.066
   9720.00 0.143     669.215       9.795    1460.000       0.000    0.0002    4.376  433.124    4.115  283.455    0.967
   9780.00 0.141     669.097       7.813    1460.000       0.000    0.0002    4.190  447.315    4.442  282.657    1.047
   9840.00 0.137     669.395       5.658    1380.000       0.000    0.0002    4.242  494.806    4.778  283.077    1.118
   9900.00 0.135     664.324       4.613    1500.000       0.000    0.0002    4.520  578.449    5.022  285.660    1.254
   9960.00 0.139     654.507      11.021    1380.000       0.000    0.0002    4.874  677.279    5.127  288.825    1.247
  10020.00 0.142     650.241      16.014    1340.000       0.000    0.0002    5.156  750.355    5.985  291.598    1.455
  10080.00 0.150     655.896       6.319    1420.000       0.000    0.0002    5.356  874.858    7.941  294.520    1.865
  10140.00 0.151     658.323       6.226    1460.000       0.000    0.0002    5.366  979.439    5.973  295.852    2.078
  10200.00 0.153     655.264       9.856    1620.000       0.000    0.0002    5.089  766.736    6.602  294.627    1.419
  10260.00 0.153     654.058       7.061    1620.000       0.000    0.0002    4.780  646.131    6.290  294.742    1.424
  10320.00 0.152     652.206       3.124    1540.000       0.000    0.0002    4.598  663.325    5.720  295.641    1.412
  10380.00 0.149     649.591       4.779    1500.000       0.000    0.0002    4.618  519.011    5.055  294.535    1.170
  10440.00 0.148     641.447       6.974    1500.000       0.000    0.0002    4.806  485.198    5.072  293.663    1.175
  10500.00 0.146     642.111       7.571    1300.000       0.000    0.0002    5.033  500.108    4.882  293.940    1.259
  10560.00 0.153     653.163       6.262    1380.000       0.000    0.0002    5.220  536.050    4.596  294.274    1.147
  10620.00 0.161     649.985      11.381    1380.000       0.000    0.0002    5.389  482.812    4.398  294.552    1.175
  10680.00 0.156     648.705       9.548    1500.000       0.000    0.0002    5.544  407.585    4.601  296.031    1.125
  10740.00 0.160     662.321      12.611    1420.000       0.000    0.0002    5.663  365.092    4.580  298.252    1.226
  10800.00 0.159     676.539       9.188    1460.000       0.000    0.0002    5.775  465.946    5.944  299.774    1.299
  10860.00 0.160     679.511       9.847    1380.000       0.000    0.0002    5.883  560.040    6.130  300.865    1.354
  10920.00 0.161     672.970       3.606    1420.000       0.000    0.0002    5.960  614.736    5.455  301.522    1.343
  10980.00 0.158     672.488       5.564    1500.000       0.000    0.0002    5.876  651.702    6.141  301.764    1.430
  11040.00 0.162     676.798       6.616    1420.000       0.000    0.0002    5.681  793.652    6.647  302.320    1.494
  11100.00 0.158     669.645       3.802    1460.000       0.000    0.0002    5.399  930.492    5.720  302.756    1.621
  11160.00 0.151     668.142      11.438    1420.000       0.000    0.0002    5.049  797.241    6.950  301.680    1.717
  11220.00 0.148     659.670       2.178    1540.000       0.000    0.0002    4.734  706.499    5.108  300.045    1.473
  11280.00 0.146     668.896       3.712    1460.000       0.000    0.0002    4.482  571.808    3.927  298.095    1.138
  11340.00 0.140     667.861       4.730    1460.000       0.000    0.0002    4.304  412.101    4.131  296.127    1.044
  11400.00 0.139     663.439      10.351    1420.000       0.000    0.0002    4.257  319.153    4.424  295.420    1.058
  11460.00 0.137     666.548       3.310    1500.000       0.000    0.0002    4.347  444.731    5.044  296.781    1.145
  11520.00 0.138     654.921       4.974    1420.000       0.000    0.0002    4.604  513.727    5.154  299.230    1.239
  11580.00 0.135     653.852       9.512    1380.000       0.000    0.0002    4.973  527.321    4.537  301.368    1.337
  11640.00 0.135     663.848       9.909    1420.000       0.000    0.0002    5.298  628.530    5.309  302.743    1.623
  11700.00 0.135     661.089       9.328    1460.000       0.000    0.0002    5.550  733.254    5.219  303.783    1.618
  11760.00 0.137     664.857       7.929    1420.000       0.000    0.0002    5.603  751.587    4.879  306.062    1.372
  11820.00 0.132     658.444       7.852    1500.000       0.000    0.0002    5.522  727.415    5.410  309.208    1.567
  11880.00 0.144     663.046      11.066    1460.000       0.000    0.0002    5.352  629.275    6.057  310.303    1.400
  11940.00 0.143     671.419       8.103    1460.000       0.000    0.0002    5.219  585.408    5.663  309.320    1.471
  12000.00 0.139     665.965       6.526    1500.000       0.000    0.0002    5.228  521.520    6.322  308.941    1.376
  12060.00 0.137     665.836       5.943    1380.000       0.000    0.0002    5.353  594.015    5.889  309.924    1.401
  12120.00 0.135     661.153       5.297    1420.000       0.000    0.0002    5.583  659.709    6.850  311.973    1.490
  12180.00 0.135     661.085       6.257    1540.000       0.000    0.0002    5.913  719.457    7.374  316.169    1.687
  12240.00 0.133     647.919       4.088    1500.000       0.000    0.0002    6.424  869.649    7.030  322.543    1.355
  12300.00 0.135     650.163       9.367    1580.000       0.000    0.0002    7.045  826.022    8.004  329.925    1.861
  12360.00 0.135     657.117       7.892    1460.000       0.000    0.0002    7.697 1043.011    7.268  338.248    1.767
  12420.00 0.134     659.418       5.527    1580.000       0.000    0.0002    8.437 1036.166    8.006  347.251    2.078
  12480.00 0.135     666.282       3.430    1940.000       0.000    0.0002    9.061 1138.372    9.795  354.322    2.077
  12540.00 0.138     672.792       6.325    1940.000       0.000    0.0002    9.371 1379.987    8.584  359.654    2.214
  12600.00 0.137     681.500       5.143    2020.000       0.000    0.0002    9.445 1094.496    9.067  366.998    2.030
  12660.00 0.136     672.950       7.590    1940.000       0.000    0.0002    9.308 1107.840    8.778  374.876    1.856
  12720.00 0.135     676.649       9.117    1940.000       0.000    0.0002    8.941 1037.642    7.848  377.558    1.771
  12780.00 0.140     681.115       6.794    1620.000       0.000    0.0002    8.501  824.497    6.572  376.641    1.753
  12840.00 0.139     682.817       6.725    1460.000       0.000    0.0002    8.055  794.129    5.684  375.470    1.562
  12900.00 0.140     685.734       9.720    1500.000       0.000    0.0002    7.505  638.247    6.219  372.981    1.622
  12960.00 0.137     678.970      12.611    1500.000       0.000    0.0002    7.116  767.384    6.108  371.701    1.438
  13020.00 0.141     684.653      16.424    1500.000       0.000    0.0002    6.927  883.179    6.456  371.104    1.534
  13080.00 0.144     670.526      11.341    1460.000       0.000    0.0002    6.952 1004.420    6.466  370.902    1.530
  13140.00 0.146     677.496       7.479    1500.000       0.000    0.0002    7.105  997.226    6.475  371.751    1.689
  13200.00 0.149     676.275       9.935    1500.000       0.000    0.0002    7.195  992.952    6.304  371.591    1.763
  13260.00 0.155     677.251      10.806    1540.000       0.000    0.0002    7.097  789.239    6.416  369.161    1.741
  13320.00 0.159     672.185       5.477    1660.000       0.000    0.0002    7.013  845.112    5.575  368.212    1.492
  13380.00 0.157     661.180       4.286    1580.000       0.000    0.0002    7.022  670.885    5.761  367.729    1.300
  13440.00 0.160     675.951       7.823    1580.000       0.000    0.0002    7.124  773.517    6.200  366.912    1.272
  13500.00 0.162     678.341       5.038    1620.000       0.000    0.0002    7.437  837.416    6.333  368.596    1.465
  13560.00 0.154     668.481       4.114    1540.000       0.000    0.0002    7.958  930.744    7.483  373.767    1.704
  13620.00 0.152     669.551       7.821    1500.000       0.000    0.0002    8.482 1123.531    8.212  378.128    2.004
  13680.00 0.155     679.084      14.376    1460.000       0.000    0.0002    8.950 1169.348    7.619  380.755    2.264
  13740.00 0.152     684.936       8.077    1940.000       0.000    0.0002    9.307 1181.486    7.557  384.045    2.077
  13800.00 0.152     694.167       9.904    1940.000       0.000    0.0002    9.450  999.425    6.215  387.812    2.138
  13860.00 0.153     687.859       7.987    1940.000       0.000    0.0002    9.337  813.636    6.116  391.209    1.881
  13920.00 0.151     700.194      13.161    1540.000       0.000    0.0002    8.997  947.958    6.411  393.854    1.862
  13980.00 0.153     703.584      15.264    1540.000       0.000    0.0002    8.493 1042.127    6.363  392.750    1.813
  14040.00 0.148     712.455      11.071    1940.000       0.000    0.0002    7.982  905.314    5.669  388.293    1.722
  14100.00 0.139     707.958       3.697    1500.000       0.000    0.0002    7.527  872.093    6.042  385.102    1.705
  14160.00 0.134     712.847       8.321    1460.000       0.000    0.0002    7.058  776.194    6.781  383.748    1.639
  14220.00 0.136     716.259       3.741    1540.000       0.000    0.0002    6.616  761.428    5.710  381.064    1.646
  14280.00 0.139     714.596       8.175    1500.000       0.000    0.0002    6.196  724.072    6.024  375.026    1.743
  14340.00 0.141     711.419       1.003    1540.000       0.000    0.0002    5.750  608.576    6.014  368.972    1.689
  14400.00 0.139     724.799      14.886    1660.000       0.000    0.0002    5.431  636.128    5.989  366.240    1.410
  14460.00 0.139     708.873       6.021    1620.000       0.000    0.0002    5.113  741.059    6.858  366.167    1.535
  14520.00 0.136     716.906      10.036    1620.000       0.000    0.0002    4.935  811.024    7.635  365.023    1.847
  14580.00 0.137     720.178      11.159    1540.000       0.000    0.0002    4.863  867.025    5.807  362.608    1.713
  14640.00 0.142     720.998      10.706    1540.000       0.000    0.0002    4.832  542.296    5.764  361.127    1.622
  14700.00 0.141     705.625       6.215    1540.000       0.000    0.0002    4.821  694.698    6.554  361.023    1.658
  14760.00 0.137     696.370      11.708    1420.000       0.000    0.0002    4.788  741.887    5.388  360.606    1.373
  14820.00 0.135     701.808      13.020    1580.000       0.000    0.0002    4.747  660.081    6.467  359.309    1.474
  14880.00 0.139     703.169       6.373    1540.000       0.000    0.0002    4.626  629.720    6.467  358.172    1.700
  14940.00 0.141     698.889       8.785    1460.000       0.000    0.0002    4.524  539.438    6.406  356.996    1.576
  15000.00 0.136     695.986       6.989    1540.000       0.000    0.0002    4.512  528.289    5.796  356.580    1.321
  15060.00 0.135     699.132      11.067    1420.000       0.000    0.0002    4.604  548.212    5.952  358.219    1.461
  15120.00 0.130     676.961       9.381    1580.000       0.000    0.0002    4.690  646.062    6.824  361.000    1.578
  15180.00 0.130     679.251       6.105    1500.000       0.000    0.0002    4.811  700.040    5.968  361.599    1.303
  15240.00 0.129     682.998       9.146    1500.000       0.000    0.0002    5.058  624.268    6.701  361.875    1.599
  15300.00 0.127     665.681       3.647    1500.000       0.000    0.0002    5.281  737.683    7.137  365.255    1.587
  15360.00 0.132     679.926       7.675    1540.000       0.000    0.0002    5.454  842.767    6.806  367.777    1.593
  15420.00 0.138     686.312       9.894    1500.000       0.000    0.0002    5.499  970.445    7.004  368.150    1.831
  15480.00 0.138     674.726       4.142    1500.000       0.000    0.0002    5.513 1085.134    6.906  368.063    2.001
  15540.00 0.142     668.000      12.103    1940.000       0.000    0.0002    5.431  808.903    6.005  367.262    1.765
  15600.00 0.146     675.626       6.978    1580.000       0.000    0.0002    5.294  651.510    6.319  366.054    1.706
  15660.00 0.145     683.866       2.420    1500.000       0.000    0.0002    5.151  649.698    5.601  365.833    1.607
  15720.00 0.144     679.661       7.559    1500.000       0.000    0.0002    5.019  793.482    5.255  365.800    1.427
  15780.00 0.139     674.431       8.862    1460.000       0.000    0.0002    5.085  855.960    5.880  365.317    1.467
  15840.00 0.137     655.857      11.964    1540.000       0.000    0.0002    5.360  826.354    6.098  365.827    1.819
  15900.00 0.138     661.418       5.922    1500.000       0.000    0.0002    5.686  645.553    5.895  368.574    1.525
  15960.00 0.143     665.274       7.089    1620.000       0.000    0.0002    6.030  632.495    6.490  372.571    1.342
  16020.00 0.135     660.578       6.426    1580.000       0.000    0.0002    6.478  795.509    7.086  377.168    1.686
  16080.00 0.139     669.107       8.932    1580.000       0.000    0.0002    7.001  949.493    6.727  382.631    1.570
  16140.00 0.139     679.545       9.107    1500.000       0.000    0.0002    7.447  969.752    6.307  389.756    1.763
  16200.00 0.139     684.308      12.119    1540.000       0.000    0.0002    7.630  951.708    7.257  394.599    2.222
  16260.00 0.132     688.022       5.915    1940.000       0.000    0.0002    7.442  950.828    7.063  393.271    2.752
  16320.00 0.133     701.031       9.503    1940.000       0.000    0.0002    6.881  844.054    6.579  391.975    2.170
  16380.00 0.138     690.213       9.504    1940.000       0.000    0.0002    6.098  622.095    6.246  395.204    1.435
  16440.00 0.136     684.830       8.336    1660.000       0.000    0.0002    5.543  606.280    7.208  396.612    1.635
  16500.00 0.135     674.033       7.812    1540.000       0.000    0.0002    5.311  665.942    5.762  390.546    1.644
  16560.00 0.135     676.029       5.523    1460.000       0.000    0.0002    5.112  604.945    5.402  385.547    2.089
  16620.00 0.143     677.104       6.610    1500.000       0.000    0.0002    4.852  543.349    5.002  385.284    1.447
  16680.00 0.140     672.452       6.330    1580.000       0.000    0.0002    4.524  419.507    5.019  383.081    1.502
  16740.00 0.145     673.356       4.182    1660.000       0.000    0.0002    4.291  462.460    4.910  379.741    1.318
  16800.00 0.146     671.208       8.993    1580.000       0.000    0.0002    4.265  465.344    5.611  379.451    1.364
  16860.00 0.145     667.960       7.218    1660.000       0.000    0.0002    4.355  436.054    4.897  380.480    1.170
  16920.00 0.149     670.065       3.595    1540.000       0.000    0.0002    4.508  423.725    5.204  381.041    1.302
  16980.00 0.152     672.500      10.160    1460.000       0.000    0.0002    4.662  348.718    5.697  382.867    1.312
  17040.00 0.151     674.669       7.754    1460.000       0.000    0.0002    4.899  475.212    5.654  388.150    1.400
  17100.00 0.147     676.225       4.172    1540.000       0.000    0.0002    5.308  555.441    6.374  394.891    1.647
  17160.00 0.149     680.427       4.828    1460.000       0.000    0.0002    5.895  790.235    7.802  401.115    1.832
  17220.00 0.146     683.840       6.210    1460.000       0.000    0.0002    6.547  942.042    8.793  408.853    2.081
  17280.00 0.151     687.877       9.789    1500.000       0.000    0.0002    7.260 1101.551    7.396  417.288    2.346
  17340.00 0.150     689.268      11.089    1940.000       0.000    0.0002    7.962  908.258    8.215  425.953    2.171
  17400.00 0.154     690.207      11.320    1940.000       0.000    0.0002    8.848 1168.338    9.093  438.989    2.141
  17460.00 0.150     688.766       7.857    1940.000       0.000    0.0002    9.654 1304.221    9.483  454.417    2.196
  17520.00 0.151     693.279      11.309    1940.000       0.000    0.0002   10.318 1436.621    9.867  465.185    2.413
  17580.00 0.147     694.884       6.844    1940.000       0.000    0.0002   10.759 1512.109    9.686  471.773    2.430
  17640.00 0.143     678.151      12.534    1940.000       0.000    0.0002   10.993 1335.415   10.058  480.829    2.558
  17700.00 0.147     685.116       7.475    1940.000       0.000    0.0002   10.970 1319.141   10.154  491.967    2.380
  17760.00 0.146     698.595       4.682    1940.000       0.000    0.0002   10.907 1320.477    7.041  499.120    2.244
  17820.00 0.144     688.359      12.115    1940.000       0.000    0.0002   11.206 1138.748    7.493  499.171    1.871
  17880.00 0.146     693.289       8.658    1940.000       0.000    0.0002   11.532  811.120    8.259  497.576    1.733
  17940.00 0.151     710.632       8.622    1620.000       0.000    0.0002   11.507  940.895    8.098  498.719    1.927
  18000.00 0.156     717.152       4.444    1940.000       0.000    0.0002   11.187 1015.218    7.863  499.273    1.952
  18060.00 0.157     713.953      10.729    1940.000       0.000    0.0002   10.536  846.463    7.831  496.374    1.770
  18120.00 0.158     723.975       4.068    1940.000       0.000    0.0002   10.006  715.222    5.991  493.723    1.561
  18180.00 0.155     726.057       6.877    1660.000       0.000    0.0002    9.684  787.417    5.401  490.626    1.441
  18240.00 0.148     722.208       5.502    1580.000       0.000    0.0002    9.739  837.209    6.755  487.247    1.495
  18300.00 0.144     732.313       6.701    1580.000       0.000    0.0002   10.161 1015.126    6.279  486.708    1.919
  18360.00 0.143     723.549      12.730    1940.000       0.000    0.0002   10.506 1129.559    6.844  489.703    2.277
  18420.00 0.143     734.208      15.298    1940.000       0.000    0.0002   10.875 1106.181    7.215  493.902    2.107
  18480.00 0.145     737.445      15.059    1940.000       0.000    0.0002   11.035 1087.220    8.920  499.121    2.190
  18540.00 0.148     726.403      14.422    1980.000       0.000    0.0002   10.861 1291.554    9.510  506.119    2.451
  18600.00 0.145     724.890      13.929    1940.000       0.000    0.0002   10.506 1462.110   10.586  510.048    2.832
  18660.00 0.143     720.034      10.222    1940.000       0.000    0.0002    9.855 1436.819    7.989  505.698    2.663
  18720.00 0.143     710.205      11.438    1940.000       0.000    0.0002    9.224  913.687    6.509  501.962    1.940
  18780.00 0.145     728.552      14.141    1940.000       0.000    0.0002    8.716  874.370    8.685  504.906    2.125
  18840.00 0.141     724.387       7.288    1940.000       0.000    0.0002    8.493  918.721    7.165  501.100    1.498
  18900.00 0.146     727.584      10.604    1740.000       0.000    0.0002    8.366  687.457    6.783  493.286    1.522
  18960.00 0.151     725.543       6.029    1700.000       0.000    0.0002    8.086  643.370    7.133  490.119    1.519
  19020.00 0.146     728.067       5.467    1580.000       0.000    0.0002    7.807  790.254    7.376  488.119    1.537
  19080.00 0.151     728.821       5.202    1660.000       0.000    0.0002    7.497  822.263    6.451  482.547    1.853
  19140.00 0.152     730.274       7.601    1660.000       0.000    0.0002    7.229  723.465    6.028  475.712    1.779
  19200.00 0.160     737.920       6.086    1940.000       0.000    0.0002    7.004  676.148    5.907  471.055    1.515
  19260.00 0.158     726.770      10.696    1660.000       0.000    0.0002    6.864  541.007    6.435  470.005    1.505
  19320.00 0.156     727.480       7.700    1580.000       0.000    0.0002    6.794  620.334    6.421  468.344    1.428
  19380.00 0.157     722.118      15.047    1580.000       0.000    0.0002    6.745  768.278    7.007  465.841    1.641
  19440.00 0.160     720.732       7.073    1580.000       0.000    0.0002    6.536  863.553    7.387  464.424    1.824
  19500.00 0.156     714.147       7.887    1500.000       0.000    0.0002    6.204  861.272    5.881  462.157    1.890
  19560.00 0.156     711.500       8.156    1940.000       0.000    0.0002    5.890  758.586    5.218  458.233    1.632
  19620.00 0.155     697.984      14.299    1740.000       0.000    0.0002    5.683  610.156    5.089  455.548    1.394
  19680.00 0.156     700.750      15.438    1540.000       0.000    0.0002    5.544  515.879    5.762  453.135    1.259
  19740.00 0.159     703.994      13.149    1620.000       0.000    0.0002    5.548  485.425    5.735  450.198    1.113
  19800.00 0.155     687.969       7.906    1500.000       0.000    0.0002    5.689  498.308    5.412  448.609    1.275
  19860.00 0.158     699.568       3.858    1540.000       0.000    0.0002    5.856  537.638    5.729  447.774    1.221
  19920.00 0.160     706.177       3.211    1620.000       0.000    0.0002    6.054  567.848    5.973  447.890    1.318
  19980.00 0.154     710.556      11.479    1540.000       0.000    0.0002    6.304  580.535    6.526  449.570    1.688
  20040.00 0.153     709.682       8.949    1580.000       0.000    0.0002    6.373  603.600    5.686  450.469    1.730
  20100.00 0.154     706.719      13.851    1500.000       0.000    0.0002    6.321  628.431    7.728  449.987    1.745
  20160.00 0.151     711.734       6.224    1540.000       0.000    0.0002    6.176  715.849    6.637  449.634    1.616
  20220.00 0.146     713.579       2.140    1540.000       0.000    0.0002    5.810  733.852    7.066  448.823    1.646
  20280.00 0.145     703.434      11.380    1580.000       0.000    0.0002    5.425  868.413    8.311  447.372    1.903
  20340.00 0.144     711.361       8.469    1540.000       0.000    0.0002    5.076  931.893    8.086  444.423    1.981
  20400.00 0.135     715.784      11.640    1620.000       0.000    0.0002    4.750  801.450    6.673  441.310    1.583
  20460.00 0.137     710.766       5.205    1460.000       0.000    0.0002    4.234  668.018    5.735  436.518    1.549
  20520.00 0.132     712.399       5.166    1460.000       0.000    0.0002    3.828  381.106    5.783  431.946    1.340
  20580.00 0.130     710.112       4.944    1580.000       0.000    0.0002    3.488  411.160    6.381  427.292    1.144
  20640.00 0.130     714.586       6.053    1460.000       0.000    0.0002    3.241  407.283    5.193  423.074    1.112
  20700.00 0.131     699.701       8.523    1460.000       0.000    0.0002    3.093  285.735    5.040  419.538    1.168
  20760.00 0.129     700.682      12.462    1380.000       0.000    0.0002    2.979  314.871    4.602  415.445    1.097
  20820.00 0.126     702.863       9.671    1460.000       0.000    0.0002    2.843  338.241    5.906  412.372    1.305
  20880.00 0.124     694.793       8.363    1500.000       0.000    0.0002    2.758  353.024    5.181  411.756    1.080
  20940.00 0.126     688.958       6.178    1420.000       0.000    0.0002    2.822  256.499    4.348  410.635    1.098
  21000.00 0.130     682.072       7.684    1420.000       0.000    0.0002    2.917  242.827    4.357  407.724    1.049
  21060.00 0.129     685.255       7.486    1460.000       0.000    0.0002    3.061  287.809    5.013  406.689    1.104
  21120.00 0.125     696.016       8.281    1500.000       0.000    0.0002    3.315  338.804    5.380  409.764    1.184
  21180.00 0.124     692.411       6.403    1460.000       0.000    0.0002    3.728  361.417    5.595  414.271    1.187
  21240.00 0.117     693.750      10.958    1340.000       0.000    0.0002    4.291  505.517    7.510  419.038    1.332
  21300.00 0.121     706.371       6.653    1460.000       0.000    0.0002    5.014  736.760    7.940  426.818    1.536
  21360.00 0.124     710.119       7.510    1460.000       0.000    0.0002    5.844 1040.652    8.145  437.320    1.794
  21420.00 0.124     709.486       9.802    1940.000       0.000    0.0002    6.621 1076.765    8.574  446.062    1.973
  21480.00 0.124     711.417       8.268    1940.000       0.000    0.0002    7.199 1112.567    7.171  451.723    1.866
  21540.00 0.133     708.587       8.514    1940.000       0.000    0.0002    7.560  979.111    7.313  459.188    2.075
  21600.00 0.135     706.739       9.710    1940.000       0.000    0.0002    7.670  802.680    8.329  468.679    1.636
  21660.00 0.132     712.319      10.093    1940.000       0.000    0.0002    7.715  836.183    8.931  475.914    1.838
  21720.00 0.134     721.018       4.655    1580.000       0.000    0.0002    7.822  930.143    8.699  477.596    2.045
  21780.00 0.133     720.550       4.294    1940.000       0.000    0.0002    7.811  946.331    7.954  475.861    2.058
  21840.00 0.129     712.604      13.057    1940.000       0.000    0.0002    7.698  978.433    7.653  476.570    2.081
  21900.00 0.135     717.143       8.246    1940.000       0.000    0.0002    7.394  788.633    8.314  478.117    2.130
  21960.00 0.135     708.937       9.622    1940.000       0.000    0.0002    6.924  848.896    8.532  476.256    1.982
  22020.00 0.140     700.839      10.105    1580.000       0.000    0.0002    6.479  935.697    7.555  472.598    1.805
  22080.00 0.135     694.874       7.112    1940.000       0.000    0.0002    6.093 1027.033    6.620  468.598    1.865
  22140.00 0.134     710.438       9.015    1940.000       0.000    0.0002    5.686  941.692    6.363  464.702    1.982
  22200.00 0.129     703.327       7.977    1940.000       0.000    0.0002    5.363  917.543    6.921  461.624    1.847
  22260.00 0.135     700.507      11.558    1940.000       0.000    0.0002    5.129  836.651    7.056  458.731    1.742
  22320.00 0.136     705.396      10.683    1540.000       0.000    0.0002    5.101  762.379    6.086  456.354    1.645
  22380.00 0.128     698.479       8.023    1660.000       0.000    0.0002    5.194  751.436    6.206  454.457    1.611
  22440.00 0.131     705.065       8.715    1620.000       0.000    0.0002    5.289  926.287    7.028  454.647    1.626
  22500.00 0.132     721.072       3.438    1540.000       0.000    0.0002    5.452 1008.974    6.536  455.828    1.602
  22560.00 0.133     723.057       5.157    1940.000       0.000    0.0002    5.708  808.991    6.005  456.572    1.741
  22620.00 0.128     718.099       4.715    1540.000       0.000    0.0002    6.130  710.697    6.952  459.715    1.767
  22680.00 0.127     723.077       6.962    1580.000       0.000    0.0002    6.639  869.269    7.857  465.350    2.294
  22740.00 0.128     733.193      11.740    1620.000       0.000    0.0002    7.038 1130.967    8.044  469.977    2.553
  22800.00 0.131     732.897       4.374    1940.000       0.000    0.0002    7.185 1146.426    7.557  471.437    2.125
  22860.00 0.131     729.458      14.991    1940.000       0.000    0.0002    7.138 1152.320    8.158  473.324    2.289
  22920.00 0.138     737.589       6.915    1940.000       0.000    0.0002    6.791  992.874    6.286  476.360    1.665
  22980.00 0.133     734.422       5.835    1940.000       0.000    0.0002    6.198  571.226    5.456  475.301    1.373
  23040.00 0.140     740.348       5.217    1540.000       0.000    0.0002    5.537  559.184    5.180  469.071    1.480
  23100.00 0.140     741.396       3.735    1580.000       0.000    0.0002    4.990  594.109    5.739  460.984    1.573
  23160.00 0.135     727.631       5.063    1580.000       0.000    0.0002    4.382  526.145    5.889  456.084    1.424
  23220.00 0.135     724.058       8.152    1540.000       0.000    0.0002    3.923  468.619    5.025  453.584    1.157
  23280.00 0.139     716.042       3.327    1580.000       0.000    0.0002    3.582  378.144    5.861  448.746    1.287
  23340.00 0.144     721.252      14.619    1460.000       0.000    0.0002    3.377  354.219    6.211  442.881    1.241
  23400.00 0.145     711.467      10.793    1540.000       0.000    0.0002    3.210  407.415    5.285  440.089    1.232
  23460.00 0.146     707.412      13.589    1540.000       0.000    0.0002    3.073  291.660    3.809  438.096    1.104
  23520.00 0.153     709.554      11.720    1540.000       0.000    0.0002    3.014  201.581    3.887  434.926    0.980
  23580.00 0.152     700.900       7.556    1500.000       0.000    0.0002    3.055  151.793    4.201  432.108    1.050
  23640.00 0.155     703.270       9.748    1460.000       0.000    0.0002    3.158  196.947    4.150  430.288    0.993
  23700.00 0.151     690.323       5.452    1460.000       0.000    0.0002    3.310  243.495    4.262  429.533    1.189
  23760.00 0.148     685.521       2.248    1420.000       0.000    0.0002    3.478  274.345    4.575  429.457    1.208
  23820.00 0.150     690.538       6.982    1460.000       0.000    0.0002    3.667  314.115    4.742  429.295    1.228
  23880.00 0.155     701.137       9.763    1460.000       0.000    0.0002    3.829  323.002    5.951  429.702    1.318
  23940.00 0.156     700.062       5.523    1380.000       0.000    0.0002    3.993  392.436    5.705  431.063    1.415
  24000.00 0.157     708.162       5.140    1500.000       0.000    0.0002    4.192  456.152    5.341  431.992    1.367
  24060.00 0.160     709.174       2.141    1460.000       0.000    0.0002    4.229  426.025    5.214  431.441    1.389
  24120.00 0.165     700.533      11.509    1420.000       0.000    0.0002    4.196  410.854    5.902  430.736    1.298
  24180.00 0.167     710.920       7.474    1540.000       0.000    0.0002    4.132  318.031    5.150  430.265    1.075
  24240.00 0.177     718.157      10.151    1540.000       0.000    0.0002    4.047  331.139    4.376  429.510    1.307
  24300.00 0.175     718.968       9.121    1460.000       0.000    0.0002    3.963  265.090    4.343  428.029    1.113
  24360.00 0.168     709.449       9.246    1460.000       0.000    0.0002    3.930  249.172    5.319  426.810    1.042
  24420.00 0.166     708.941       9.235    1420.000       0.000    0.0002    3.998  325.591    5.085  426.752    1.099
  24480.00 0.165     704.668       5.908    1540.000       0.000    0.0002    4.195  324.536    3.882  427.038    1.025
  24540.00 0.162     704.932       7.820    1460.000       0.000    0.0002    4.513  386.249    3.774  428.284    1.067
  24600.00 0.167     705.015       6.472    1460.000       0.000    0.0002    4.954  445.952    4.327  432.284    1.185
  24660.00 0.165     702.836       6.824    1460.000       0.000    0.0002    5.570  592.519    5.139  438.703    1.394
  24720.00 0.164     706.915       7.601    1460.000       0.000    0.0002    6.250  702.410    6.077  445.428    1.518
  24780.00 0.167     706.501       7.233    1380.000       0.000    0.0002    6.906  674.575    6.536  451.832    1.734
  24840.00 0.168     717.991      11.499    1460.000       0.000    0.0002    7.440  604.122    6.661  457.455    1.772
  24900.00 0.165     731.763       7.674    1500.000       0.000    0.0002    7.685  686.604    6.970  461.688    1.772
  24960.00 0.163     732.167       8.371    1580.000       0.000    0.0002    7.745  809.929    7.412  465.198    2.057
  25020.00 0.166     743.113       6.696    1940.000       0.000    0.0002    7.630  718.151    6.001  466.850    1.605
  25080.00 0.164     752.541      13.165    1940.000       0.000    0.0002    7.374  599.608    5.390  467.610    1.658
  25140.00 0.160     749.710       7.695    1500.000       0.000    0.0002    7.076  482.850    6.080  469.190    1.388
  25200.00 0.157     749.408      12.336    1540.000       0.000    0.0002    6.801  426.666    6.614  470.707    1.501
  25260.00 0.151     754.669       2.132    1500.000       0.000    0.0002    6.695  528.568    7.286  471.489    1.544
  25320.00 0.145     749.024       2.290    1620.000       0.000    0.0002    6.686  504.105    6.212  472.517    1.456
  25380.00 0.141     744.905       8.601    1660.000       0.000    0.0002    6.910  608.019    7.255  475.097    1.586
  25440.00 0.143     744.034      10.530    1540.000       0.000    0.0002    7.219  825.416    7.981  477.865    1.712
  25500.00 0.141     742.215       4.567    1540.000       0.000    0.0002    7.496 1057.979    8.439  480.554    2.218
  25560.00 0.146     743.467       8.300    1940.000       0.000    0.0002    7.551 1083.896    7.766  482.353    2.606
  25620.00 0.146     739.067       7.200    1940.000       0.000    0.0002    7.457  980.867    7.928  481.213    2.260
  25680.00 0.148     732.397       5.851    1940.000       0.000    0.0002    7.128  964.770    7.530  479.392    2.114
  25740.00 0.149     736.125       5.222    1980.000       0.000    0.0002    6.784  917.412    7.505  480.633    1.731
  25800.00 0.147     732.450       6.358    1940.000       0.000    0.0002    6.770  773.217    6.043  482.341    1.550
  25860.00 0.152     729.887       6.055    1540.000       0.000    0.0002    6.983  544.035    6.193  480.718    1.514
  25920.00 0.150     731.661      10.521    1500.000       0.000    0.0002    7.235  657.872    6.201  477.122    1.643
  25980.00 0.149     736.797       5.359    1660.000       0.000    0.0002    7.340  837.623    5.707  475.667    1.396
  26040.00 0.148     740.660       8.053    1660.000       0.000    0.0002    7.393  793.761    5.752  477.844    1.521
  26100.00 0.149     745.556       8.007    1500.000       0.000    0.0002    7.477  810.874    6.356  479.075    1.819
  26160.00 0.148     741.579      10.296    1620.000       0.000    0.0002    7.572  675.867    7.230  478.583    1.667
  26220.00 0.151     744.013      13.625    1580.000       0.000    0.0002    7.624  596.041    7.570  480.689    1.550
  26280.00 0.157     764.548       4.174    1660.000       0.000    0.0002    7.510  675.974    7.652  484.219    1.799
  26340.00 0.155     769.842      10.726    1580.000       0.000    0.0002    7.452  756.326    8.514  484.609    1.899
  26400.00 0.150     773.736       9.592    1540.000       0.000    0.0002    7.503  817.526    7.716  483.992    1.869
  26460.00 0.149     760.328       8.623    1940.000       0.000    0.0002    7.514  699.273    6.774  486.770    1.741
  26520.00 0.145     757.066       8.971    1660.000       0.000    0.0002    7.519  675.401    8.441  492.459    2.002
  26580.00 0.141     752.159      11.986    1540.000       0.000    0.0002    7.452  768.759    8.295  494.242    2.092
  26640.00 0.143     762.351      11.959    1940.000       0.000    0.0002    7.174  729.920    7.050  489.230    1.785
  26700.00 0.144     752.313       6.122    1940.000       0.000    0.0002    6.671  730.549    6.802  483.503    1.872
  26760.00 0.146     747.638       1.508    1660.000       0.000    0.0002    6.035  650.890    6.424  480.016    1.782
  26820.00 0.139     741.961      12.925    1660.000       0.000    0.0002    5.384  542.832    5.033  476.704    1.347
  26880.00 0.137     741.137       7.567    1580.000       0.000    0.0002    4.819  584.397    5.805  470.995    1.438
  26940.00 0.141     753.910      13.668    1580.000       0.000    0.0002    4.247  586.611    4.998  464.404    1.248
  27000.00 0.141     744.645       9.844    1540.000       0.000    0.0002    3.743  397.995    4.924  458.765    1.061
  27060.00 0.146     739.532      12.308    1620.000       0.000    0.0002    3.416  300.132    5.485  453.886    1.155
  27120.00 0.142     733.127      13.471    1580.000       0.000    0.0002    3.273  303.567    4.882  450.333    1.083
  27180.00 0.140     723.415      12.544    1460.000       0.000    0.0002    3.226  344.521    5.701  448.066    1.287
  27240.00 0.133     728.582       3.425    1420.000       0.000    0.0002    3.296  432.055    5.688  445.788    1.246
  27300.00 0.126     727.495       5.282    1580.000       0.000    0.0002    3.424  352.091    5.725  443.759    1.234
  27360.00 0.128     732.275       4.474    1620.000       0.000    0.0002    3.581  366.329    6.374  442.514    1.284
  27420.00 0.131     741.269      13.209    1460.000       0.000    0.0002    3.777  363.752    5.965  441.995    1.245
  27480.00 0.132     745.841       4.547    1460.000       0.000    0.0002    3.962  399.986    6.245  441.795    1.262
  27540.00 0.128     748.473      11.832    1460.000       0.000    0.0002    4.041  409.448    5.915  442.917    1.312
  27600.00 0.132     751.756      15.009    1420.000       0.000    0.0002    4.199  418.971    6.306  445.341    1.520
  27660.00 0.132     745.176       7.542    1460.000       0.000    0.0002    4.403  412.372    6.630  447.574    1.467
  27720.00 0.136     741.004       5.878    1500.000       0.000    0.0002    4.633  465.353    6.549  449.238    1.686
  27780.00 0.141     745.347       4.792    1580.000       0.000    0.0002    4.792  531.924    7.131  449.865    1.553
  27840.00 0.146     737.722       7.638    1540.000       0.000    0.0002    4.744  474.603    5.610  449.080    1.364
  27900.00 0.148     732.500       4.737    1500.000       0.000    0.0002    4.560  486.106    5.801  448.024    1.478
  27960.00 0.147     732.914       3.609    1540.000       0.000    0.0002    4.325  350.942    6.646  447.535    1.198
  28020.00 0.146     724.800      10.133    1460.000       0.000    0.0002    4.180  340.504    5.377  447.250    1.068
  28080.00 0.150     723.687       4.894    1580.000       0.000    0.0002    4.174  398.563    5.265  447.343    1.322
  28140.00 0.148     722.942       3.471    1580.000       0.000    0.0002    4.246  359.883    4.976  448.338    1.325
  28200.00 0.156     734.035      12.182    1660.000       0.000    0.0002    4.433  368.338    5.780  450.536    1.507
  28260.00 0.162     725.805       8.361    1460.000       0.000    0.0002    4.662  377.121    5.665  453.606    1.342
  28320.00 0.160     729.102      11.020    1460.000       0.000    0.0002    4.945  413.533    5.866  457.369    1.509
  28380.00 0.162     726.647       6.316    1500.000       0.000    0.0002    5.386  380.796    5.780  462.530    1.276
  28440.00 0.161     722.883      10.197    1460.000       0.000    0.0002    5.841  375.599    6.611  468.607    1.363
  28500.00 0.159     728.098       8.620    1460.000       0.000    0.0002    6.414  482.275    6.604  475.766    1.532
  28560.00 0.164     725.795       6.984    1460.000       0.000    0.0002    7.004  610.306    7.737  483.525    1.450
  28620.00 0.170     731.207      10.431    1500.000       0.000    0.0002    7.652  595.638    5.666  491.085    1.515
  28680.00 0.171     739.886      10.598    1540.000       0.000    0.0002    8.208  574.562    6.111  498.476    1.554
  28740.00 0.171     744.558      11.254    1540.000       0.000    0.0002    8.708  564.508    5.113  505.699    1.397
  28800.00 0.180     759.050       5.482    1700.000       0.000    0.0002    9.157  519.192    6.725  513.616    1.427
