#  time      cc     z_cbase    z_ctop_avg  z_ctop_max      zi         we   <<ql>>  <<ql>>_max   w_max   tke     ql_max
     60.00 0.000       0.000       0.000       0.000       0.000    0.0002    0.000    0.000    0.191  616.584    0.000
    120.00 0.000       0.000       0.000       0.000       0.000    0.0002    0.000    0.000    0.282  417.038    0.000
    180.00 0.000       0.000       0.000       0.000       0.000    0.0002    0.000    0.000    0.320  300.069    0.000
    240.00 0.000       0.000       0.000       0.000       0.000    0.0002    0.000    0.000    0.263  225.744    0.000
    300.00 0.000       0.000       0.000       0.000       0.000    0.0002    0.000    0.000    0.295  176.531    0.000
    360.00 0.000       0.000       0.000       0.000       0.000    0.0002    0.000    0.000    0.324  143.348    0.000
    420.00 0.000       0.000       0.000       0.000       0.000    0.0002    0.000    0.000    0.357  121.077    0.000
    480.00 0.000       0.000       0.000       0.000       0.000    0.0002    0.000    0.000    0.372  105.674    0.000
    540.00 0.000       0.000       0.000       0.000       0.000    0.0002    0.000    0.000    0.419   93.845    0.000
    600.00 0.000       0.000       0.000       0.000       0.000    0.0002    0.000    0.000    0.469   84.572    0.000
    660.00 0.000       0.000       0.000       0.000       0.000    0.0002    0.000    0.000    0.477   78.030    0.000
    720.00 0.000       0.000       0.000       0.000       0.000    0.0002    0.000    0.000    0.582   73.711    0.000
    780.00 0.000       0.000       0.000       0.000       0.000    0.0002    0.000    0.000    0.644   70.888    0.000
    840.00 0.000       0.000       0.000       0.000       0.000    0.0002    0.000    0.000    0.636   69.099    0.000
    900.00 0.000       0.000       0.000       0.000       0.000    0.0002    0.000    0.000    0.710   67.862    0.000
    960.00 0.000       0.000       0.000       0.000       0.000    0.0002    0.000    0.000    0.781   67.209    0.000
   1020.00 0.000       0.000       0.000       0.000       0.000    0.0002    0.000    0.000    0.777   67.647    0.000
   1080.00 0.000       0.000       0.000       0.000       0.000    0.0002    0.000    0.000    0.798   69.149    0.000
   1140.00 0.000     580.000       0.000     580.000       0.000    0.0002    0.001    2.203    0.847   71.312    0.049
   1200.00 0.001     580.000       0.000     580.000       0.000    0.0002    0.002    2.954    0.882   74.150    0.066
   1260.00 0.002     580.000       0.000     580.000       0.000    0.0002    0.004    5.016    0.937   77.831    0.097
   1320.00 0.003     562.857       0.000     580.000       0.000    0.0002    0.008    8.083    0.998   82.438    0.132
   1380.00 0.008     567.097       0.000     660.000       0.000    0.0002    0.021   10.849    1.077   88.208    0.170
   1440.00 0.014     569.474       0.000     660.000       0.000    0.0002    0.046   17.278    1.135   95.279    0.205
   1500.00 0.021     572.381       0.000     660.000       0.000    0.0002    0.088   24.775    1.263  103.521    0.287
   1560.00 0.028     569.735       5.133     660.000       0.000    0.0002    0.163   38.156    1.534  112.913    0.391
   1620.00 0.040     570.370      14.815     660.000       0.000    0.0002    0.274   61.543    1.731  123.494    0.504
   1680.00 0.055     565.536      10.357     660.000       0.000    0.0002    0.440   84.066    2.032  135.160    0.541
   1740.00 0.074     565.083       6.007     700.000       0.000    0.0002    0.693   99.112    2.463  147.811    0.666
   1800.00 0.094     565.351       9.455     740.000       0.000    0.0002    1.032  128.035    2.785  161.265    0.814
   1860.00 0.116     566.329       4.557     780.000       0.000    0.0002    1.484  174.119    3.092  175.187    0.869
   1920.00 0.135     567.005       5.118     740.000       0.000    0.0002    2.049  215.044    3.833  189.246    0.926
   1980.00 0.151     569.562       1.815     780.000       0.000    0.0002    2.701  238.253    3.870  203.156    1.041
   2040.00 0.167     571.871       4.357     820.000       0.000    0.0002    3.463  286.016    4.234  216.669    1.083
   2100.00 0.176     573.611       4.306     900.000       0.000    0.0002    4.325  338.096    4.483  229.613    1.097
   2160.00 0.183     577.437       3.258    1300.000       0.000    0.0002    5.214  413.959    5.094  241.742    1.278
   2220.00 0.192     580.457      14.485    1300.000       0.000    0.0002    6.145  516.648    5.007  252.830    1.313
   2280.00 0.200     585.512       5.951    1340.000       0.000    0.0002    7.015  598.376    5.850  262.330    1.700
   2340.00 0.205     591.313       3.795    1420.000       0.000    0.0002    7.771  567.513    6.184  269.667    1.543
   2400.00 0.199     593.382       6.275    1300.000       0.000    0.0002    8.395  523.529    4.653  274.672    1.185
   2460.00 0.202     597.627       8.547    1340.000       0.000    0.0002    8.878  535.710    4.336  277.963    1.246
   2520.00 0.198     605.338       4.576    1340.000       0.000    0.0002    9.171  598.233    4.812  279.950    1.123
   2580.00 0.196     613.766       6.933    1340.000       0.000    0.0002    9.206  590.144    4.631  279.332    1.275
   2640.00 0.194     622.868      14.868    1420.000       0.000    0.0002    8.928  493.449    5.042  276.709    1.305
   2700.00 0.194     629.975       3.577    1460.000       0.000    0.0002    8.551  492.888    5.440  273.169    1.340
   2760.00 0.187     632.777      10.143    1500.000       0.000    0.0002    8.108  545.165    6.127  268.887    1.495
   2820.00 0.180     634.363       6.450    1420.000       0.000    0.0002    7.693  672.516    6.484  263.812    1.585
   2880.00 0.170     641.291      10.244    1460.000       0.000    0.0002    7.191  847.934    6.199  257.103    1.874
   2940.00 0.155     633.774       8.145    1460.000       0.000    0.0002    6.519  833.042    5.034  248.506    1.501
   3000.00 0.152     643.601       7.267    1580.000       0.000    0.0002    5.760  720.352    5.211  240.695    1.407
   3060.00 0.149     634.248       4.183    1540.000       0.000    0.0002    5.028  547.532    4.832  234.026    1.281
   3120.00 0.144     643.810       7.143    1500.000       0.000    0.0002    4.335  527.151    4.425  225.248    1.417
   3180.00 0.136     644.875      11.004    1500.000       0.000    0.0002    3.714  373.128    4.048  215.943    1.098
   3240.00 0.130     651.536       6.255    1500.000       0.000    0.0002    3.110  312.545    4.332  208.396    1.027
   3300.00 0.125     648.016       6.420    1380.000       0.000    0.0002    2.729  310.347    3.676  202.474    0.995
   3360.00 0.124     649.862      12.574    1500.000       0.000    0.0002    2.491  280.922    3.786  196.804    1.124
   3420.00 0.121     651.952      17.787    1300.000       0.000    0.0002    2.341  296.625    3.896  191.954    1.014
   3480.00 0.120     649.106       7.886    1340.000       0.000    0.0002    2.267  369.358    4.041  188.372    1.097
   3540.00 0.114     654.409       5.806    1340.000       0.000    0.0002    2.279  459.891    3.908  185.374    1.296
   3600.00 0.107     656.530       2.831    1620.000       0.000    0.0002    2.292  556.788    4.518  183.090    1.323
   3660.00 0.104     651.475       7.541    1460.000       0.000    0.0002    2.249  613.466    4.640  182.150    1.457
   3720.00 0.100     650.490       4.216    1500.000       0.000    0.0002    2.124  573.033    4.266  181.260    1.429
   3780.00 0.099     655.446       9.059    1340.000       0.000    0.0002    1.877  452.783    3.956  179.352    1.001
   3840.00 0.095     657.224       8.946    1340.000       0.000    0.0002    1.624  305.843    3.457  177.878    0.907
   3900.00 0.096     645.954       3.053    1380.000       0.000    0.0002    1.426  254.438    2.820  176.935    0.720
   3960.00 0.093     636.859       4.869    1340.000       0.000    0.0002    1.288  201.707    2.276  175.554    0.698
   4020.00 0.096     638.219       8.804    1340.000       0.000    0.0002    1.257  224.638    2.544  174.820    0.725
   4080.00 0.098     628.040       6.948    1300.000       0.000    0.0002    1.310  253.243    3.081  175.160    1.016
   4140.00 0.104     627.059       5.929    1420.000       0.000    0.0002    1.391  305.688    3.506  175.911    1.195
   4200.00 0.096     618.481      10.127    1300.000       0.000    0.0002    1.539  354.681    3.673  177.046    1.135
   4260.00 0.097     621.805       9.524    1300.000       0.000    0.0002    1.677  364.880    4.108  178.208    1.091
   4320.00 0.102     623.558       5.673    1300.000       0.000    0.0002    1.792  331.216    3.927  179.203    1.131
   4380.00 0.102     620.959       6.043    1300.000       0.000    0.0002    1.898  294.872    3.598  180.596    1.074
   4440.00 0.105     621.574       5.509    1340.000       0.000    0.0002    2.018  280.131    4.116  182.769    1.200
   4500.00 0.105     615.618       8.718    1220.000       0.000    0.0002    2.158  295.621    4.077  185.232    1.172
   4560.00 0.112     614.323       5.328    1300.000       0.000    0.0002    2.320  255.113    3.553  187.460    0.967
   4620.00 0.109     613.468      11.544    1300.000       0.000    0.0002    2.463  251.692    3.636  189.954    0.991
   4680.00 0.111     611.667      13.553    1380.000       0.000    0.0002    2.664  262.649    3.850  192.875    1.035
   4740.00 0.111     611.013      10.837    1300.000       0.000    0.0002    2.940  324.154    3.750  195.627    1.034
   4800.00 0.110     612.444       8.356    1380.000       0.000    0.0002    3.253  417.263    3.921  198.536    1.180
   4860.00 0.116     613.361       6.429    1300.000       0.000    0.0002    3.558  476.873    4.545  201.982    1.229
   4920.00 0.120     619.185       5.377    1300.000       0.000    0.0002    3.799  486.822    4.558  205.751    1.214
   4980.00 0.122     616.487       4.631    1300.000       0.000    0.0002    3.967  475.713    4.812  209.496    1.244
   5040.00 0.124     617.874       2.362    1340.000       0.000    0.0002    4.079  490.685    5.211  212.663    1.227
   5100.00 0.128     624.122       9.580    1380.000       0.000    0.0002    4.189  523.728    4.663  215.264    1.132
   5160.00 0.128     622.519       3.702    1340.000       0.000    0.0002    4.353  557.441    4.086  217.724    1.139
   5220.00 0.134     617.737      10.620    1380.000       0.000    0.0002    4.486  567.873    4.066  219.858    1.223
   5280.00 0.137     622.857       5.679    1340.000       0.000    0.0002    4.500  559.833    4.553  222.077    1.489
   5340.00 0.132     624.370       3.815    1300.000       0.000    0.0002    4.477  608.310    4.262  224.864    1.191
   5400.00 0.132     622.963       4.593    1380.000       0.000    0.0002    4.415  636.406    4.709  227.112    1.215
   5460.00 0.132     623.542       6.605    1300.000       0.000    0.0002    4.314  597.820    4.339  228.148    0.997
   5520.00 0.136     619.356       5.903    1340.000       0.000    0.0002    4.224  525.855    3.924  228.662    0.953
   5580.00 0.136     617.281       4.508    1340.000       0.000    0.0002    4.180  464.771    3.781  229.184    1.010
   5640.00 0.138     616.755      12.240    1300.000       0.000    0.0002    4.140  407.809    4.220  230.051    1.188
   5700.00 0.140     621.885       5.096    1340.000       0.000    0.0002    4.123  400.601    4.573  231.318    1.112
   5760.00 0.139     625.814       3.923    1420.000       0.000    0.0002    4.221  456.262    4.404  233.382    1.297
   5820.00 0.134     619.709       6.945    1420.000       0.000    0.0002    4.447  617.966    5.906  236.331    1.543
   5880.00 0.141     620.345      11.192    1420.000       0.000    0.0002    4.713  704.718    6.577  239.490    1.628
   5940.00 0.146     620.871       8.576    1460.000       0.000    0.0002    5.035  741.264    5.430  242.162    1.480
   6000.00 0.149     618.562       5.523    1540.000       0.000    0.0002    5.326  750.543    5.454  244.337    1.520
   6060.00 0.148     624.408       4.145    1540.000       0.000    0.0002    5.572  748.391    7.689  247.338    1.964
   6120.00 0.156     627.375       8.094    1540.000       0.000    0.0002    5.637  721.032    5.365  249.877    1.518
   6180.00 0.155     623.396       4.277    1580.000       0.000    0.0002    5.625  693.750    4.680  251.397    1.455
   6240.00 0.156     623.188       4.750    1620.000       0.000    0.0002    5.642  644.494    4.727  252.841    1.172
   6300.00 0.157     632.857       6.553    1500.000       0.000    0.0002    5.638  565.155    5.431  254.202    1.123
   6360.00 0.153     632.484       9.140    1460.000       0.000    0.0002    5.773  709.794    4.864  256.469    1.494
   6420.00 0.154     633.249       6.276    1340.000       0.000    0.0002    5.982  863.488    6.018  259.781    1.774
   6480.00 0.153     632.548       7.006    1420.000       0.000    0.0002    6.189  988.552    6.208  263.485    2.090
   6540.00 0.154     630.759       4.842    1460.000       0.000    0.0002    6.290 1001.490    5.815  265.178    2.105
   6600.00 0.152     628.116       8.857    1580.000       0.000    0.0002    6.098  988.250    5.954  264.383    1.753
   6660.00 0.151     630.809      12.460    1540.000       0.000    0.0002    5.892  934.698    4.892  265.064    1.295
   6720.00 0.149     635.934       5.738    1500.000       0.000    0.0002    5.781  881.912    4.531  266.161    1.201
   6780.00 0.144     633.197       3.367    1500.000       0.000    0.0002    5.846  739.988    4.416  265.914    1.258
   6840.00 0.146     636.884      13.869    1540.000       0.000    0.0002    5.952  651.895    4.470  266.685    1.221
   6900.00 0.143     644.668       5.520    1540.000       0.000    0.0002    6.188  591.984    4.295  268.577    1.266
   6960.00 0.142     650.859      11.478    1580.000       0.000    0.0002    6.520  585.852    4.802  271.067    1.109
   7020.00 0.136     650.018       3.483    1500.000       0.000    0.0002    6.965  599.713    5.098  274.902    1.194
   7080.00 0.133     655.311      12.454    1500.000       0.000    0.0002    7.553  600.209    5.597  279.192    1.297
   7140.00 0.138     662.898      11.413    1460.000       0.000    0.0002    8.173  752.993    5.872  284.608    1.409
   7200.00 0.136     667.756      10.090    1460.000       0.000    0.0002    8.728  804.106    6.234  291.316    1.478
   7260.00 0.134     670.473      12.727    1460.000       0.000    0.0002    9.091  918.575    6.004  296.721    1.999
   7320.00 0.137     675.417       8.881    1580.000       0.000    0.0002    9.020  993.628    6.134  299.669    2.010
   7380.00 0.140     680.906      10.070    1620.000       0.000    0.0002    8.535  874.236    6.606  300.068    1.816
   7440.00 0.136     680.465      12.343    1660.000       0.000    0.0002    7.715  770.211    6.321  299.814    1.632
   7500.00 0.135     681.053      10.926    1620.000       0.000    0.0002    6.728  806.413    5.899  299.315    1.736
   7560.00 0.131     671.813       9.832    1540.000       0.000    0.0002    6.014  808.229    5.610  296.434    1.793
   7620.00 0.125     654.152       4.756    1620.000       0.000    0.0002    5.690  833.727    6.023  291.543    1.597
   7680.00 0.122     637.200       8.640    1580.000       0.000    0.0002    5.602  826.761    5.938  288.238    1.597
   7740.00 0.121     644.145      10.986    1620.000       0.000    0.0002    5.643  679.466    5.721  290.197    1.490
   7800.00 0.124     650.255      10.570    1580.000       0.000    0.0002    5.779  591.804    6.109  291.639    1.542
   7860.00 0.125     647.945       5.753    1540.000       0.000    0.0002    5.954  708.278    5.563  291.868    1.465
   7920.00 0.122     658.080       7.320    1540.000       0.000    0.0002    6.131  905.339    5.953  293.392    1.655
   7980.00 0.125     656.953       8.398    1460.000       0.000    0.0002    6.210 1072.097    6.847  294.663    1.738
   8040.00 0.121     661.290       9.637    1580.000       0.000    0.0002    6.220 1131.412    6.898  294.204    1.902
   8100.00 0.123     655.538      14.861    1940.000       0.000    0.0002    6.100 1178.574    5.462  294.087    1.758
   8160.00 0.123     656.349      15.952    1940.000       0.000    0.0002    5.791  979.224    6.116  294.428    1.655
   8220.00 0.126     657.447       5.455    1580.000       0.000    0.0002    5.327  636.873    4.628  293.369    1.631
   8280.00 0.122     653.667       9.780    1500.000       0.000    0.0002    4.916  438.261    4.422  290.860    1.120
   8340.00 0.122     652.289       3.293    1460.000       0.000    0.0002    4.722  454.998    4.754  287.058    1.176
   8400.00 0.123     656.262       6.004    1380.000       0.000    0.0002    4.786  516.995    4.798  284.365    1.345
   8460.00 0.122     655.992      13.026    1420.000       0.000    0.0002    5.023  627.269    5.826  286.288    1.598
   8520.00 0.123     655.944       7.157    1500.000       0.000    0.0002    5.369  781.146    6.658  290.155    1.661
   8580.00 0.125     657.115       4.600    1420.000       0.000    0.0002    5.755  781.415    5.811  290.895    1.604
   8640.00 0.125     661.250       4.727    1460.000       0.000    0.0002    6.076  700.011    5.515  290.372    1.758
   8700.00 0.128     665.867       9.600    1500.000       0.000    0.0002    6.232  510.982    4.952  291.225    1.478
   8760.00 0.136     661.792       7.599    1500.000       0.000    0.0002    6.191  471.116    4.724  291.657    1.259
   8820.00 0.139     664.623       1.156    1540.000       0.000    0.0002    5.972  486.256    4.710  291.787    1.268
   8880.00 0.138     672.792       5.760    1500.000       0.000    0.0002    5.591  543.653    4.691  292.147    1.316
   8940.00 0.141     682.729       8.497    1500.000       0.000    0.0002    5.121  512.916    4.480  291.369    1.313
   9000.00 0.138     673.004       2.898    1540.000       0.000    0.0002    4.590  416.523    4.540  290.316    1.336
   9060.00 0.134     650.803       7.372    1420.000       0.000    0.0002    4.235  388.735    4.619  290.218    1.631
   9120.00 0.130     661.124       4.906    1580.000       0.000    0.0002    4.048  351.176    4.849  289.668    1.191
   9180.00 0.129     662.868       8.642    1380.000       0.000    0.0002    3.953  376.112    5.162  287.315    0.993
   9240.00 0.124     658.504       8.504    1460.000       0.000    0.0002    3.934  431.679    5.172  285.653    1.310
   9300.00 0.128     670.190      10.190    1500.000       0.000    0.0002    3.954  549.050    6.082  286.293    1.280
   9360.00 0.127     659.461       6.127    1460.000       0.000    0.0002    4.000  676.515    6.524  287.491    1.454
   9420.00 0.127     655.846       4.038    1340.000       0.000    0.0002    4.050  766.525    6.285  287.814    1.638
   9480.00 0.127     662.917       7.562    1460.000       0.000    0.0002    3.949  780.520    6.202  287.288    1.852
   9540.00 0.129     666.894       8.144    1580.000       0.000    0.0002    3.716  727.933    4.963  285.744    1.874
   9600.00 0.128     662.362       6.857    1460.000       0.000    0.0002    3.377  526.739    4.688  284.093    1.288
   9660.00 0.125     650.372      12.838    1620.000       0.000    0.0002    3.149  360.936    3.937  283.993    1.191
   9720.00 0.127     637.778       2.682    1500.000       0.000    0.0002    3.033  443.732    4.276  283.904    0.991
   9780.00 0.131     631.769       7.225    1380.000       0.000    0.0002    3.112  526.583    4.657  283.167    1.063
   9840.00 0.133     636.427       2.210    1420.000       0.000    0.0002    3.335  577.616    4.679  283.753    1.252
   9900.00 0.132     627.159       5.018    1500.000       0.000    0.0002    3.600  560.274    4.857  285.399    1.302
   9960.00 0.137     627.460       5.258    1460.000       0.000    0.0002    3.887  549.833    4.329  287.273    1.121
  10020.00 0.138     628.652       7.553    1540.000       0.000    0.0002    4.146  593.561    4.869  289.568    1.210
  10080.00 0.136     630.662      11.878    1540.000       0.000    0.0002    4.436  641.307    5.448  292.411    1.585
  10140.00 0.132     632.074       7.630    1500.000       0.000    0.0002    4.639  589.381    4.767  295.059    1.268
  10200.00 0.136     637.778       8.961    1500.000       0.000    0.0002    4.894  653.659    5.596  298.324    1.570
  10260.00 0.134     634.307       6.533    1460.000       0.000    0.0002    5.165  753.664    6.804  302.193    1.770
  10320.00 0.140     634.590       7.888    1420.000       0.000    0.0002    5.364  753.852    7.239  304.600    1.920
  10380.00 0.134     638.725      11.403    1540.000       0.000    0.0002    5.386  806.888    5.961  305.643    1.661
  10440.00 0.137     649.395       4.484    1580.000       0.000    0.0002    5.338  710.425    5.115  306.881    1.326
  10500.00 0.135     644.838      10.939    1580.000       0.000    0.0002    5.193  702.746    5.181  308.954    1.250
  10560.00 0.139     648.893       7.698    1460.000       0.000    0.0002    5.080  660.312    5.524  310.185    1.302
  10620.00 0.138     645.133      10.301    1460.000       0.000    0.0002    5.087  647.832    6.398  311.419    1.519
  10680.00 0.139     650.193       8.651    1460.000       0.000    0.0002    5.339  750.781    6.909  313.207    1.651
  10740.00 0.140     653.927       4.887    1620.000       0.000    0.0002    5.653  695.671    5.507  314.508    1.588
  10800.00 0.140     653.566       8.531    1700.000       0.000    0.0002    5.880  615.204    5.834  316.106    1.551
  10860.00 0.146     656.449       9.347    1660.000       0.000    0.0002    6.029  759.438    6.169  317.058    1.407
  10920.00 0.146     653.656       8.748    1460.000       0.000    0.0002    6.153  829.973    7.187  317.123    1.552
  10980.00 0.145     656.824       8.345    1620.000       0.000    0.0002    6.265  961.646    8.122  317.781    1.674
  11040.00 0.149     648.459       2.984    1500.000       0.000    0.0002    6.366 1177.545    6.768  320.264    1.815
  11100.00 0.147     651.215       5.291    1940.000       0.000    0.0002    6.373 1010.716    6.017  323.266    1.443
  11160.00 0.146     660.201       6.421    1420.000       0.000    0.0002    6.371  884.098    6.631  326.719    1.791
  11220.00 0.143     662.726      13.629    1500.000       0.000    0.0002    6.420  705.560    5.078  328.405    1.442
  11280.00 0.145     672.095       5.777    1540.000       0.000    0.0002    6.551  681.541    5.036  328.301    1.306
  11340.00 0.142     676.386       8.055    1540.000       0.000    0.0002    6.779  566.230    5.557  329.236    1.500
  11400.00 0.139     677.474      12.140    1420.000       0.000    0.0002    7.087  646.568    6.020  332.956    1.710
  11460.00 0.140     689.110       9.319    1420.000       0.000    0.0002    7.291  729.996    6.499  335.640    1.803
  11520.00 0.134     677.455       8.000    1460.000       0.000    0.0002    7.304  785.634    5.709  335.599    1.673
  11580.00 0.136     672.567       2.370    1540.000       0.000    0.0002    7.236  892.753    5.675  337.067    1.646
  11640.00 0.140     677.552       7.098    1580.000       0.000    0.0002    7.199 1028.761    6.818  338.984    1.741
  11700.00 0.138     670.478      13.522    1420.000       0.000    0.0002    7.007 1073.017    6.807  338.443    1.913
  11760.00 0.138     670.389       6.078    1540.000       0.000    0.0002    6.662  915.095    5.993  337.583    1.788
  11820.00 0.139     664.273       6.620    1540.000       0.000    0.0002    6.271  831.440    5.662  335.031    1.737
  11880.00 0.132     665.333       7.444    1540.000       0.000    0.0002    5.925  641.978    5.599  331.400    1.272
  11940.00 0.132     669.185       4.481    1500.000       0.000    0.0002    5.770  591.358    6.230  329.861    1.276
  12000.00 0.134     672.263       4.380    1500.000       0.000    0.0002    5.778  686.262    6.927  329.660    1.518
  12060.00 0.129     666.427       3.743    1500.000       0.000    0.0002    5.975  741.293    5.872  328.934    1.433
  12120.00 0.128     672.137      10.954    1500.000       0.000    0.0002    6.246  767.858    5.444  328.640    1.628
  12180.00 0.128     671.450       4.885    1540.000       0.000    0.0002    6.471  720.450    5.523  330.087    1.571
  12240.00 0.126     674.595      13.282    1540.000       0.000    0.0002    6.602  740.039    6.002  332.860    1.650
  12300.00 0.126     693.191       5.880    1500.000       0.000    0.0002    6.572  869.134    6.261  333.872    1.581
  12360.00 0.124     684.773       2.998    1500.000       0.000    0.0002    6.379  932.095    5.596  333.454    1.686
  12420.00 0.130     691.745       9.381    1580.000       0.000    0.0002    6.089  813.541    5.062  333.316    1.571
  12480.00 0.128     691.238      14.248    1620.000       0.000    0.0002    5.507  667.224    5.753  332.055    1.551
  12540.00 0.131     691.343       4.627    1540.000       0.000    0.0002    4.903  767.460    6.633  332.058    1.394
  12600.00 0.125     676.732      10.311    1580.000       0.000    0.0002    4.364  849.371    7.174  331.625    1.389
  12660.00 0.130     674.109      12.233    1540.000       0.000    0.0002    3.990  923.474    5.955  327.933    1.733
  12720.00 0.129     660.832       5.709    1420.000       0.000    0.0002    3.788  842.124    5.466  322.511    1.461
  12780.00 0.123     643.175       6.389    1380.000       0.000    0.0002    3.703  629.490    4.957  319.626    1.439
  12840.00 0.124     648.740       3.583    1420.000       0.000    0.0002    3.753  528.417    4.816  318.695    1.083
  12900.00 0.128     646.362       2.514    1420.000       0.000    0.0002    3.862  423.317    4.631  318.330    1.156
  12960.00 0.129     656.509      12.486    1380.000       0.000    0.0002    3.940  516.477    4.882  318.279    1.205
  13020.00 0.136     655.063       5.009    1460.000       0.000    0.0002    4.038  550.641    5.008  318.389    1.208
  13080.00 0.136     660.932       3.333    1500.000       0.000    0.0002    4.153  525.377    4.976  319.496    1.273
  13140.00 0.138     651.675       8.325    1380.000       0.000    0.0002    4.355  516.422    5.214  321.385    1.234
  13200.00 0.140     655.965       3.235    1460.000       0.000    0.0002    4.511  433.503    4.964  322.467    1.181
  13260.00 0.141     657.917       8.194    1500.000       0.000    0.0002    4.599  460.971    5.584  322.592    1.195
  13320.00 0.143     650.375       5.734    1380.000       0.000    0.0002    4.682  398.954    5.699  323.422    1.113
  13380.00 0.143     651.521      10.325    1460.000       0.000    0.0002    4.781  395.779    5.159  324.933    1.263
  13440.00 0.147     653.974       7.219    1460.000       0.000    0.0002    4.895  459.132    5.410  325.791    1.247
  13500.00 0.152     654.936       2.917    1460.000       0.000    0.0002    4.921  476.962    5.911  326.627    1.363
  13560.00 0.145     654.555       4.303    1460.000       0.000    0.0002    4.904  537.609    6.069  327.495    1.376
  13620.00 0.144     640.748       3.163    1460.000       0.000    0.0002    4.859  619.832    6.755  327.854    1.739
  13680.00 0.146     650.821       3.384    1380.000       0.000    0.0002    4.740  606.907    5.443  328.521    1.274
  13740.00 0.147     655.099       5.397    1460.000       0.000    0.0002    4.596  501.371    5.928  329.089    1.283
  13800.00 0.141     654.197       8.428    1420.000       0.000    0.0002    4.484  509.061    6.254  328.035    1.464
  13860.00 0.144     661.701       5.952    1460.000       0.000    0.0002    4.261  549.362    5.365  325.859    1.467
  13920.00 0.145     662.084      16.504    1420.000       0.000    0.0002    4.076  533.877    5.723  323.988    1.279
  13980.00 0.147     659.867       8.686    1500.000       0.000    0.0002    3.870  430.187    4.991  323.273    1.065
  14040.00 0.146     655.772       7.349    1460.000       0.000    0.0002    3.737  354.248    4.385  322.940    1.050
  14100.00 0.143     649.658       6.370    1500.000       0.000    0.0002    3.757  422.267    5.179  322.575    1.311
  14160.00 0.141     647.565       7.254    1420.000       0.000    0.0002    3.847  512.408    5.944  322.892    1.367
  14220.00 0.139     651.664       7.110    1500.000       0.000    0.0002    4.001  547.803    5.484  323.276    1.339
  14280.00 0.146     658.121       9.362    1380.000       0.000    0.0002    4.129  463.423    4.454  323.705    1.209
  14340.00 0.147     659.536       2.056    1460.000       0.000    0.0002    4.284  340.238    4.813  325.654    1.081
  14400.00 0.154     662.658       8.038    1460.000       0.000    0.0002    4.456  397.736    5.051  328.326    1.191
  14460.00 0.156     662.320       6.928    1500.000       0.000    0.0002    4.656  429.909    5.033  330.013    1.176
  14520.00 0.158     658.333       7.315    1460.000       0.000    0.0002    4.886  475.056    5.324  331.198    1.215
  14580.00 0.158     656.543      11.358    1460.000       0.000    0.0002    5.108  481.870    5.447  332.516    1.177
  14640.00 0.161     658.541       4.012    1460.000       0.000    0.0002    5.289  431.386    5.314  333.611    1.066
  14700.00 0.165     662.785       9.007    1460.000       0.000    0.0002    5.317  597.335    5.698  335.069    1.147
  14760.00 0.167     666.365       7.007    1420.000       0.000    0.0002    5.382  780.247    6.162  338.285    1.393
  14820.00 0.167     670.117      10.936    1540.000       0.000    0.0002    5.485  959.563    6.372  342.552    1.767
  14880.00 0.166     671.059       6.794    1420.000       0.000    0.0002    5.643  968.117    6.008  346.182    1.875
  14940.00 0.166     666.294       5.706    1460.000       0.000    0.0002    5.797  915.596    6.751  349.271    1.893
  15000.00 0.161     658.848      10.788    1940.000       0.000    0.0002    5.827  871.942    5.660  350.544    1.762
  15060.00 0.166     661.591      13.461    1940.000       0.000    0.0002    5.712  901.036    5.804  351.433    1.871
  15120.00 0.162     667.903       8.265    1460.000       0.000    0.0002    5.514  921.578    6.249  352.751    2.254
  15180.00 0.166     669.353       5.471    1940.000       0.000    0.0002    5.318  829.956    4.902  352.097    1.452
  15240.00 0.159     660.061       6.677    1460.000       0.000    0.0002    5.247  625.752    4.952  351.676    1.367
  15300.00 0.157     660.930       9.395    1500.000       0.000    0.0002    5.222  498.221    5.314  351.815    1.361
  15360.00 0.157     672.399       4.829    1420.000       0.000    0.0002    5.133  411.333    5.944  351.060    1.248
  15420.00 0.158     675.285       2.928    1420.000       0.000    0.0002    5.032  467.338    5.422  350.276    1.333
  15480.00 0.155     669.716       3.975    1420.000       0.000    0.0002    5.112  464.904    5.144  350.265    1.270
  15540.00 0.153     676.486       4.473    1580.000       0.000    0.0002    5.236  469.137    5.760  352.065    1.239
  15600.00 0.160     676.621       8.737    1420.000       0.000    0.0002    5.411  426.466    5.101  354.836    1.126
  15660.00 0.156     683.526      10.328    1540.000       0.000    0.0002    5.436  402.838    5.339  356.481    1.237
  15720.00 0.161     682.276       8.983    1540.000       0.000    0.0002    5.405  439.937    5.335  357.317    1.240
  15780.00 0.157     677.516      11.739    1420.000       0.000    0.0002    5.538  475.399    6.349  359.280    1.215
  15840.00 0.157     672.919      10.528    1420.000       0.000    0.0002    5.774  499.538    6.230  362.708    1.432
  15900.00 0.156     677.598       3.089    1420.000       0.000    0.0002    6.088  472.929    6.766  366.525    1.403
  15960.00 0.159     680.492       8.369    1420.000       0.000    0.0002    6.466  596.074    6.170  370.036    1.452
  16020.00 0.161     673.333       8.333    1500.000       0.000    0.0002    6.955  664.874    6.753  374.381    1.449
  16080.00 0.160     677.744       5.671    1380.000       0.000    0.0002    7.522  692.369    5.651  380.308    1.463
  16140.00 0.166     681.647       3.559    1460.000       0.000    0.0002    8.008  839.076    6.355  386.804    1.689
  16200.00 0.171     680.486       8.412    1540.000       0.000    0.0002    8.353  869.286    6.224  392.543    1.501
  16260.00 0.174     677.031       8.459    1500.000       0.000    0.0002    8.537  744.443    6.811  398.952    1.619
  16320.00 0.174     682.135       4.972    1540.000       0.000    0.0002    8.626  813.336    6.012  405.555    1.546
  16380.00 0.181     690.404       8.275    1580.000       0.000    0.0002    8.603  964.140    6.685  411.010    1.593
  16440.00 0.181     688.757       4.622    1540.000       0.000    0.0002    8.539 1135.278    7.264  413.218    1.969
  16500.00 0.181     682.919       9.027    1940.000       0.000    0.0002    8.319  928.919    6.536  412.651    1.899
  16560.00 0.189     684.155       6.219    1500.000       0.000    0.0002    8.042  864.067    7.105  413.269    1.761
  16620.00 0.185     684.506       4.664    1500.000       0.000    0.0002    7.697  780.394    7.061  415.152    1.503
  16680.00 0.180     680.870       5.543    1500.000       0.000    0.0002    7.346  680.638    6.579  415.613    1.452
  16740.00 0.178     680.658       7.507    1460.000       0.000    0.0002    7.265  656.334    6.513  414.080    1.742
  16800.00 0.175     677.151       5.475    1500.000       0.000    0.0002    7.332  658.185    6.431  413.664    1.607
  16860.00 0.170     675.424      10.302    1540.000       0.000    0.0002    7.653  680.344    6.101  417.432    1.328
  16920.00 0.167     676.584       9.197    1500.000       0.000    0.0002    8.310  724.252    6.481  423.696    1.526
  16980.00 0.168     672.965       8.866    1500.000       0.000    0.0002    9.311  671.652    6.212  430.647    1.492
  17040.00 0.173     675.311       4.718    1500.000       0.000    0.0002   10.484  834.133    7.067  441.910    1.730
  17100.00 0.177     684.420       3.453    1500.000       0.000    0.0002   11.613 1057.749    8.057  457.902    2.246
  17160.00 0.177     701.547       7.541    1580.000       0.000    0.0002   12.659 1224.130    9.017  471.994    2.157
  17220.00 0.177     700.996       5.615    1500.000       0.000    0.0002   13.374 1446.002    8.997  484.468    2.532
  17280.00 0.174     707.518      11.809    1980.000       0.000    0.0002   13.719 1353.364    8.109  492.708    2.009
  17340.00 0.175     712.646       4.624    1940.000       0.000    0.0002   13.710 1172.772    7.798  499.798    1.958
  17400.00 0.180     718.696       4.592    1940.000       0.000    0.0002   13.401 1091.107    8.053  505.577    2.184
  17460.00 0.177     724.717       7.476    1940.000       0.000    0.0002   12.585  934.820    7.153  503.528    2.321
  17520.00 0.172     735.807      17.677    1940.000       0.000    0.0002   11.382  948.924    8.094  500.188    1.702
  17580.00 0.162     731.916       7.360    1620.000       0.000    0.0002   10.238  943.460    6.779  497.866    1.516
  17640.00 0.156     721.505       9.122    1580.000       0.000    0.0002    9.316  816.684    7.853  490.875    1.706
  17700.00 0.152     725.425       5.490    1620.000       0.000    0.0002    8.752  797.471    7.672  479.209    1.752
  17760.00 0.145     720.504      15.193    1660.000       0.000    0.0002    8.222  948.991    7.302  468.864    1.726
  17820.00 0.145     719.092      15.193    1660.000       0.000    0.0002    7.879  864.850    7.580  466.361    1.644
  17880.00 0.143     714.651       8.143    1580.000       0.000    0.0002    7.753  887.401    8.728  465.749    1.847
  17940.00 0.143     729.880      12.376    1620.000       0.000    0.0002    7.556  968.126    8.787  461.383    2.166
  18000.00 0.140     741.742       6.098    1940.000       0.000    0.0002    7.140  993.900    8.655  453.163    2.369
  18060.00 0.146     735.117       3.110    1940.000       0.000    0.0002    6.685  772.362    6.024  447.053    1.501
  18120.00 0.143     736.116       8.211    1620.000       0.000    0.0002    6.498  523.034    6.224  446.555    1.423
  18180.00 0.143     741.911      10.068    1620.000       0.000    0.0002    6.500  611.675    7.292  444.878    1.676
  18240.00 0.141     732.193      13.195    1580.000       0.000    0.0002    6.470  670.194    7.049  437.525    1.611
  18300.00 0.136     728.265       6.118    1540.000       0.000    0.0002    6.522  719.246    7.035  434.545    1.788
  18360.00 0.135     719.099       6.414    1540.000       0.000    0.0002    6.458  727.431    5.864  436.080    1.761
  18420.00 0.137     706.892      15.027    1500.000       0.000    0.0002    6.197  691.987    6.691  435.345    1.581
  18480.00 0.135     725.802       2.234    1580.000       0.000    0.0002    5.845  709.898    7.956  432.544    1.688
  18540.00 0.140     709.983       6.597    1540.000       0.000    0.0002    5.342  957.310    7.917  429.387    2.268
  18600.00 0.136     712.760      11.290    1940.000       0.000    0.0002    4.881  937.810    7.302  422.483    1.787
  18660.00 0.139     707.465       9.437    1500.000       0.000    0.0002    4.395  909.321    6.115  414.992    1.507
  18720.00 0.139     711.620       5.599    1500.000       0.000    0.0002    4.010  685.153    6.016  411.231    1.395
  18780.00 0.136     711.470      10.179    1660.000       0.000    0.0002    3.724  597.709    5.360  407.470    1.388
  18840.00 0.130     688.271       9.962    1580.000       0.000    0.0002    3.590  578.959    5.066  403.206    1.319
  18900.00 0.131     696.276       0.000    1500.000       0.000    0.0002    3.587  425.574    5.201  400.280    1.277
  18960.00 0.130     699.476      15.581    1500.000       0.000    0.0002    3.639  353.785    5.168  398.296    1.144
  19020.00 0.132     685.083      10.538    1460.000       0.000    0.0002    3.843  457.047    5.563  397.648    1.241
  19080.00 0.131     695.829       2.533    1460.000       0.000    0.0002    4.108  485.473    5.693  398.812    1.296
  19140.00 0.130     689.888       8.165    1420.000       0.000    0.0002    4.475  515.552    5.957  400.071    1.454
  19200.00 0.130     695.789       8.008    1500.000       0.000    0.0002    4.800  506.972    6.141  400.539    1.480
  19260.00 0.132     701.855      13.321    1460.000       0.000    0.0002    5.009  493.022    6.245  401.518    1.418
  19320.00 0.135     716.739      12.391    1420.000       0.000    0.0002    5.046  423.139    5.886  403.102    1.233
  19380.00 0.131     717.761      12.276    1420.000       0.000    0.0002    4.913  432.533    5.770  406.177    1.327
  19440.00 0.132     718.593       2.444    1500.000       0.000    0.0002    4.836  503.937    6.230  408.620    1.386
  19500.00 0.129     714.340       7.170    1500.000       0.000    0.0002    4.957  521.418    6.432  408.728    1.309
  19560.00 0.130     709.023       8.534    1580.000       0.000    0.0002    5.176  491.312    5.715  410.380    1.282
  19620.00 0.132     703.985      13.395    1460.000       0.000    0.0002    5.440  491.945    5.981  414.506    1.370
  19680.00 0.131     709.869       5.869    1420.000       0.000    0.0002    5.743  610.545    6.869  420.144    1.703
  19740.00 0.137     712.692       8.627    1460.000       0.000    0.0002    5.976  774.910    8.363  426.658    1.979
  19800.00 0.134     699.416       6.387    1500.000       0.000    0.0002    6.232 1006.533    9.843  431.292    2.124
  19860.00 0.135     690.870       7.138    1940.000       0.000    0.0002    6.477 1229.579    7.904  432.699    2.060
  19920.00 0.140     700.557      10.922    1940.000       0.000    0.0002    6.438  917.955    6.928  433.080    1.929
  19980.00 0.137     693.523      11.068    1940.000       0.000    0.0002    6.218  760.758    7.211  436.787    1.897
  20040.00 0.141     697.993       7.751    1580.000       0.000    0.0002    5.741  574.207    6.854  437.245    1.517
  20100.00 0.146     694.600       4.067    1540.000       0.000    0.0002    5.308  636.901    5.142  432.781    1.336
  20160.00 0.147     701.531       9.318    1500.000       0.000    0.0002    5.145  585.036    5.428  426.934    1.340
  20220.00 0.151     695.656       6.613    1620.000       0.000    0.0002    5.066  482.915    6.576  425.033    1.573
  20280.00 0.148     700.000       9.208    1500.000       0.000    0.0002    5.073  608.776    6.757  426.670    1.655
  20340.00 0.146     701.469       5.042    1540.000       0.000    0.0002    5.108  768.957    6.511  425.651    1.782
  20400.00 0.155     700.629       5.252    1500.000       0.000    0.0002    5.090  704.343    6.348  423.550    1.555
  20460.00 0.152     688.764       2.921    1420.000       0.000    0.0002    5.107  641.752    5.459  425.478    1.294
  20520.00 0.156     703.568       9.233    1540.000       0.000    0.0002    5.087  566.111    5.313  426.581    1.678
  20580.00 0.165     705.926       7.259    1580.000       0.000    0.0002    5.018  497.927    5.158  424.928    1.523
  20640.00 0.155     708.580       5.521    1460.000       0.000    0.0002    5.091  429.212    5.126  424.535    1.379
  20700.00 0.152     690.577       8.942    1420.000       0.000    0.0002    5.187  476.041    5.348  425.933    1.621
  20760.00 0.145     683.514      10.270    1500.000       0.000    0.0002    5.343  485.528    5.307  426.722    1.703
  20820.00 0.149     695.490      14.706    1500.000       0.000    0.0002    5.479  585.077    5.740  427.634    1.427
  20880.00 0.146     696.522      10.468    1660.000       0.000    0.0002    5.614  721.103    6.634  431.504    1.559
  20940.00 0.146     706.846       3.591    1500.000       0.000    0.0002    5.774  843.494    8.109  438.507    2.176
  21000.00 0.144     702.445       9.779    1420.000       0.000    0.0002    5.920 1172.739    8.960  445.087    2.509
  21060.00 0.144     708.460      10.558    1940.000       0.000    0.0002    5.929 1281.310    8.096  445.645    2.471
  21120.00 0.135     695.362       6.486    1940.000       0.000    0.0002    5.702 1265.486    7.079  441.925    2.010
  21180.00 0.129     685.579       7.552    1940.000       0.000    0.0002    5.276  882.734    6.895  442.504    1.797
  21240.00 0.122     699.599       8.176    1500.000       0.000    0.0002    4.826  563.436    5.206  446.349    1.552
  21300.00 0.126     687.984      17.442    1540.000       0.000    0.0002    4.573  579.826    5.885  444.111    1.443
  21360.00 0.126     692.432       7.297    1500.000       0.000    0.0002    4.446  492.758    5.457  435.120    1.547
  21420.00 0.127     693.704       4.914    1500.000       0.000    0.0002    4.350  488.998    5.941  427.823    1.290
  21480.00 0.133     695.359       7.808    1540.000       0.000    0.0002    4.350  545.563    5.723  425.806    1.248
  21540.00 0.133     693.174       2.569    1420.000       0.000    0.0002    4.351  524.421    4.856  424.507    1.406
  21600.00 0.143     692.232       7.291    1500.000       0.000    0.0002    4.362  573.221    4.390  422.672    1.362
  21660.00 0.145     701.686       7.487    1540.000       0.000    0.0002    4.342  379.047    4.604  421.758    1.179
  21720.00 0.147     709.568       5.183    1620.000       0.000    0.0002    4.344  353.884    4.384  421.513    1.106
  21780.00 0.141     706.839       3.696    1540.000       0.000    0.0002    4.370  308.193    4.555  421.671    1.180
  21840.00 0.144     701.963       6.599    1500.000       0.000    0.0002    4.504  302.869    4.499  422.366    1.158
  21900.00 0.143     703.151       7.089    1500.000       0.000    0.0002    4.721  303.122    4.872  423.604    1.176
  21960.00 0.141     704.236       6.007    1540.000       0.000    0.0002    4.988  272.338    5.003  426.254    1.143
  22020.00 0.138     701.129       7.478    1500.000       0.000    0.0002    5.330  318.419    4.722  430.152    1.181
  22080.00 0.137     702.700       2.984    1500.000       0.000    0.0002    5.758  365.290    5.224  433.587    1.331
  22140.00 0.135     716.058       4.702    1380.000       0.000    0.0002    6.197  351.801    5.413  436.485    1.265
  22200.00 0.139     723.761       8.366    1500.000       0.000    0.0002    6.497  416.507    6.729  439.465    1.409
  22260.00 0.148     743.306       2.314    1500.000       0.000    0.0002    6.639  468.786    6.433  442.664    1.581
  22320.00 0.149     748.998      15.567    1540.000       0.000    0.0002    6.562  532.540    6.038  446.325    1.616
  22380.00 0.146     754.740       1.575    1500.000       0.000    0.0002    6.532  671.128    7.183  451.623    1.799
  22440.00 0.141     741.799       6.159    1460.000       0.000    0.0002    6.520  731.892    6.914  456.541    1.913
  22500.00 0.142     733.402      10.000    1940.000       0.000    0.0002    6.566  659.793    7.354  458.243    1.709
  22560.00 0.140     722.091       4.808    1500.000       0.000    0.0002    6.618  761.736    7.170  458.140    1.861
  22620.00 0.136     722.612      10.483    1500.000       0.000    0.0002    6.630  820.968    6.429  457.416    2.069
  22680.00 0.136     722.437      14.624    1940.000       0.000    0.0002    6.537  609.857    5.279  456.591    1.552
  22740.00 0.137     713.048       6.239    1700.000       0.000    0.0002    6.365  525.078    6.058  457.617    1.614
  22800.00 0.143     708.601       4.198    1580.000       0.000    0.0002    6.391  567.469    7.552  461.276    1.502
  22860.00 0.140     713.240       7.596    1500.000       0.000    0.0002    6.731  625.495    7.676  466.304    1.647
  22920.00 0.141     701.589       5.320    1540.000       0.000    0.0002    7.356  702.876    7.746  472.986    1.875
  22980.00 0.144     718.305       5.390    1500.000       0.000    0.0002    8.111  893.807    8.734  482.584    2.378
  23040.00 0.144     718.342      11.066    1940.000       0.000    0.0002    8.812  933.709    8.310  490.533    1.916
  23100.00 0.142     727.103      14.379    1940.000       0.000    0.0002    9.316  915.330    9.005  496.889    2.035
  23160.00 0.149     732.512      12.315    1940.000       0.000    0.0002    9.561 1057.728    9.400  504.025    2.187
  23220.00 0.153     720.480      10.848    1940.000       0.000    0.0002    9.490 1054.643    8.307  508.232    2.132
  23280.00 0.154     732.532      11.076    1940.000       0.000    0.0002    9.091  962.929    8.443  506.716    2.224
  23340.00 0.156     721.654       7.114    1940.000       0.000    0.0002    8.611  737.301    5.864  502.364    1.628
  23400.00 0.159     727.975       7.270    1940.000       0.000    0.0002    8.173  659.595    5.834  501.781    1.717
  23460.00 0.155     726.983       5.403    1740.000       0.000    0.0002    7.726  548.785    6.969  500.121    1.728
  23520.00 0.161     720.547      12.158    1700.000       0.000    0.0002    7.372  620.211    7.938  494.193    1.615
  23580.00 0.153     723.987       6.443    1660.000       0.000    0.0002    7.294  899.379    8.077  491.768    1.875
  23640.00 0.153     728.772       7.400    1580.000       0.000    0.0002    7.530 1015.015    8.333  495.610    2.042
  23700.00 0.158     740.124       7.059    1740.000       0.000    0.0002    7.764  875.713    6.949  498.206    1.767
  23760.00 0.158     748.642      12.346    1620.000       0.000    0.0002    7.816  654.989    7.582  497.311    2.061
  23820.00 0.155     755.355      14.945    1660.000       0.000    0.0002    7.780  810.103    7.967  497.647    2.061
  23880.00 0.150     763.844       7.557    1660.000       0.000    0.0002    8.022 1007.635    8.677  502.163    2.006
  23940.00 0.147     763.694       9.118    1940.000       0.000    0.0002    8.533 1239.148    9.842  510.226    2.578
  24000.00 0.146     762.408       6.622    1940.000       0.000    0.0002    9.087 1269.370    9.971  516.786    2.227
  24060.00 0.141     739.516       3.218    1940.000       0.000    0.0002    9.461 1168.564    8.377  520.213    2.471
  24120.00 0.147     738.538       3.289    1940.000       0.000    0.0002    9.486  839.032    7.735  525.404    2.193
  24180.00 0.148     749.307       4.620    1940.000       0.000    0.0002    9.043  807.685    7.117  528.682    2.154
  24240.00 0.144     751.100      11.438    1940.000       0.000    0.0002    8.494  899.358    5.899  526.313    1.777
  24300.00 0.145     738.716      11.216    1620.000       0.000    0.0002    7.925  617.824    5.390  518.001    1.546
  24360.00 0.147     739.933       6.522    1540.000       0.000    0.0002    7.557  640.499    6.045  512.677    1.502
  24420.00 0.146     754.758       6.511    1580.000       0.000    0.0002    7.523  762.592    7.735  513.884    1.935
  24480.00 0.148     740.527       7.941    1540.000       0.000    0.0002    7.794  919.225    9.191  519.870    2.247
  24540.00 0.146     744.207       6.811    1580.000       0.000    0.0002    8.282  998.523    8.131  525.026    2.217
  24600.00 0.147     738.935       6.190    1940.000       0.000    0.0002    8.508 1124.355    7.979  521.572    2.888
  24660.00 0.148     729.539       7.763    1940.000       0.000    0.0002    8.093 1285.316    8.529  517.779    2.455
  24720.00 0.145     729.680      11.265    1940.000       0.000    0.0002    7.337 1189.699    7.510  520.997    2.335
  24780.00 0.141     732.746       6.874    1940.000       0.000    0.0002    6.483 1042.558    6.583  522.907    2.341
  24840.00 0.146     712.953      11.007    1940.000       0.000    0.0002    5.685  668.515    5.292  516.729    1.906
  24900.00 0.143     709.521       4.247    1500.000       0.000    0.0002    5.155  390.116    5.414  509.373    1.347
  24960.00 0.144     718.477       6.125    1460.000       0.000    0.0002    5.020  441.775    6.591  505.486    1.405
  25020.00 0.144     715.212       6.452    1580.000       0.000    0.0002    5.113  482.040    6.304  501.624    1.385
  25080.00 0.145     726.284       8.818    1620.000       0.000    0.0002    5.414  538.793    6.276  500.633    1.448
  25140.00 0.147     732.715       5.795    1660.000       0.000    0.0002    6.031  668.851    6.989  506.537    1.668
  25200.00 0.156     737.806       9.969    1660.000       0.000    0.0002    6.784  731.128    6.641  513.018    1.602
  25260.00 0.158     745.944       7.276    1580.000       0.000    0.0002    7.618  710.354    7.675  515.367    1.797
  25320.00 0.163     743.238       4.138    1540.000       0.000    0.0002    8.329  667.011    6.422  519.676    1.662
  25380.00 0.163     745.800       4.694    1940.000       0.000    0.0002    8.965  581.665    7.386  530.739    1.698
  25440.00 0.164     743.388       6.657    1540.000       0.000    0.0002    9.583  720.763    8.237  545.346    1.937
  25500.00 0.163     740.961       5.255    1580.000       0.000    0.0002   10.298  898.860    8.160  557.404    1.824
  25560.00 0.156     744.898      10.863    1940.000       0.000    0.0002   11.123  798.027    8.097  568.058    1.960
  25620.00 0.159     750.720       8.025    1940.000       0.000    0.0002   11.634  982.742    8.897  583.216    1.994
  25680.00 0.159     750.323       5.038    1940.000       0.000    0.0002   11.885 1212.684   10.152  601.042    2.415
  25740.00 0.155     763.774       9.025    1940.000       0.000    0.0002   11.987 1435.420   10.791  612.604    3.090
  25800.00 0.152     762.315       7.235    1980.000       0.000    0.0002   11.599 1439.283   10.362  609.244    2.996
  25860.00 0.152     747.653      11.318    1940.000       0.000    0.0002   10.997 1441.890    8.340  605.967    2.069
  25920.00 0.152     748.333       8.718    1940.000       0.000    0.0002   10.415 1020.262    8.400  615.575    1.943
  25980.00 0.143     740.822       9.658    1940.000       0.000    0.0002   10.122  909.619    8.447  629.815    1.950
  26040.00 0.136     737.989      11.957    1940.000       0.000    0.0002   10.003  903.515    8.601  624.928    1.820
  26100.00 0.137     740.856       7.594    1940.000       0.000    0.0002    9.961  825.413    7.214  609.212    1.867
  26160.00 0.142     749.034      10.414    1940.000       0.000    0.0002   10.076  723.220    8.211  601.665    1.692
  26220.00 0.142     764.425       4.803    1580.000       0.000    0.0002   10.267  891.030    8.885  602.434    1.779
  26280.00 0.142     768.748      12.041    1580.000       0.000    0.0002   10.633 1127.553    9.526  607.559    2.133
  26340.00 0.144     761.997      11.201    1940.000       0.000    0.0002   10.942 1446.456   10.457  610.238    2.502
  26400.00 0.148     755.008       8.793    1940.000       0.000    0.0002   10.840 1590.075   10.696  605.261    2.914
  26460.00 0.152     763.666       6.238    1940.000       0.000    0.0002   10.134 1643.352    7.991  597.241    2.717
  26520.00 0.148     749.455       4.959    1940.000       0.000    0.0002    9.047 1168.615    7.461  596.752    1.989
  26580.00 0.144     737.157       4.738    1940.000       0.000    0.0002    8.135  915.953    6.475  599.851    1.757
  26640.00 0.144     733.570       8.122    1940.000       0.000    0.0002    7.347  824.585    6.835  591.592    1.786
  26700.00 0.142     728.345       6.828    1940.000       0.000    0.0002    6.782  776.152    7.125  575.140    1.590
  26760.00 0.140     729.129       5.819    1620.000       0.000    0.0002    6.293  714.859    8.260  564.798    1.640
  26820.00 0.138     736.325       6.113    1620.000       0.000    0.0002    5.724  589.604    5.413  557.290    1.257
  26880.00 0.137     744.777      10.374    1700.000       0.000    0.0002    5.349  520.389    6.305  545.884    1.369
  26940.00 0.137     741.492       8.242    1580.000       0.000    0.0002    5.186  562.572    5.992  536.209    1.240
  27000.00 0.137     760.533       4.689    1580.000       0.000    0.0002    5.249  506.871    5.492  530.694    1.441
  27060.00 0.133     755.780       6.899    1580.000       0.000    0.0002    5.494  450.243    5.737  526.064    1.433
  27120.00 0.131     755.390       7.844    1620.000       0.000    0.0002    5.716  509.723    4.709  520.538    1.209
  27180.00 0.132     755.453       8.540    1540.000       0.000    0.0002    5.752  492.809    6.191  517.126    1.312
  27240.00 0.135     774.338      12.668    1580.000       0.000    0.0002    5.703  669.379    8.068  518.862    1.843
  27300.00 0.127     762.649       7.025    1540.000       0.000    0.0002    5.800  843.256    9.368  522.122    2.103
  27360.00 0.127     770.326       6.871    1580.000       0.000    0.0002    5.893 1085.185   10.313  522.148    2.773
  27420.00 0.125     768.706       3.725    1940.000       0.000    0.0002    5.815 1294.189    7.419  516.475    2.337
  27480.00 0.124     767.905       9.249    1940.000       0.000    0.0002    5.457 1019.464    5.961  512.399    2.341
  27540.00 0.118     765.979       7.464    1940.000       0.000    0.0002    4.940  560.898    6.798  513.139    1.558
  27600.00 0.120     765.224       8.408    1660.000       0.000    0.0002    4.440  458.753    5.921  512.689    1.544
  27660.00 0.119     763.901       4.723    1580.000       0.000    0.0002    4.102  418.043    5.758  502.283    1.517
  27720.00 0.120     760.163      14.228    1580.000       0.000    0.0002    3.821  402.601    5.189  490.615    1.258
  27780.00 0.116     758.281      11.195    1620.000       0.000    0.0002    3.469  385.378    5.706  486.690    1.771
  27840.00 0.118     744.472      17.723    1740.000       0.000    0.0002    3.154  348.915    3.869  484.729    1.189
  27900.00 0.119     752.213       9.959    1660.000       0.000    0.0002    2.871  380.482    4.805  478.693    1.307
  27960.00 0.119     752.074       3.203    1620.000       0.000    0.0002    2.550  372.477    4.995  472.081    1.436
  28020.00 0.111     737.263       7.947    1660.000       0.000    0.0002    2.324  333.325    4.589  468.149    1.422
  28080.00 0.108     733.228       6.321    1660.000       0.000    0.0002    2.119  238.415    4.222  465.465    0.967
  28140.00 0.102     727.971       7.685    1540.000       0.000    0.0002    1.990  210.307    3.839  462.754    1.028
  28200.00 0.101     720.920      13.608    1580.000       0.000    0.0002    1.965  223.845    3.703  459.055    1.025
  28260.00 0.100     736.204       9.051    1580.000       0.000    0.0002    1.970  307.307    3.954  454.004    1.186
  28320.00 0.093     732.147       7.749    1540.000       0.000    0.0002    1.975  315.705    5.034  450.637    1.289
  28380.00 0.095     715.321      14.910    1420.000       0.000    0.0002    1.953  375.963    6.140  450.201    1.504
  28440.00 0.094     710.646       9.871    1420.000       0.000    0.0002    1.992  345.696    5.695  449.301    1.366
  28500.00 0.090     721.680      11.599    1660.000       0.000    0.0002    1.987  330.172    5.440  446.326    1.249
  28560.00 0.095     726.186       5.000    1540.000       0.000    0.0002    1.936  363.848    5.901  443.756    1.361
  28620.00 0.093     724.063       6.596    1540.000       0.000    0.0002    1.921  416.869    5.620  442.480    1.571
  28680.00 0.095     712.474       7.216    1540.000       0.000    0.0002    1.883  425.701    4.768  440.371    1.361
  28740.00 0.097     707.920       4.962    1540.000       0.000    0.0002    1.874  293.273    4.052  437.177    1.162
  28800.00 0.095     703.599       8.123    1500.000       0.000    0.0002    1.905  196.709    3.546  435.932    1.041
