#  time      cc     z_cbase    z_ctop_avg  z_ctop_max      zi         we   <<ql>>  <<ql>>_max   w_max   tke     ql_max
     60.00 0.000       0.000       0.000       0.000       0.000    0.0002    0.000    0.000    0.191  616.601    0.000
    120.00 0.000       0.000       0.000       0.000       0.000    0.0002    0.000    0.000    0.305  417.078    0.000
    180.00 0.000       0.000       0.000       0.000       0.000    0.0002    0.000    0.000    0.351  300.129    0.000
    240.00 0.000       0.000       0.000       0.000       0.000    0.0002    0.000    0.000    0.302  225.789    0.000
    300.00 0.000       0.000       0.000       0.000       0.000    0.0002    0.000    0.000    0.247  176.553    0.000
    360.00 0.000       0.000       0.000       0.000       0.000    0.0002    0.000    0.000    0.274  143.385    0.000
    420.00 0.000       0.000       0.000       0.000       0.000    0.0002    0.000    0.000    0.288  121.141    0.000
    480.00 0.000       0.000       0.000       0.000       0.000    0.0002    0.000    0.000    0.326  105.738    0.000
    540.00 0.000       0.000       0.000       0.000       0.000    0.0002    0.000    0.000    0.343   93.902    0.000
    600.00 0.000       0.000       0.000       0.000       0.000    0.0002    0.000    0.000    0.366   84.615    0.000
    660.00 0.000       0.000       0.000       0.000       0.000    0.0002    0.000    0.000    0.415   78.053    0.000
    720.00 0.000       0.000       0.000       0.000       0.000    0.0002    0.000    0.000    0.436   73.748    0.000
    780.00 0.000       0.000       0.000       0.000       0.000    0.0002    0.000    0.000    0.484   70.966    0.000
    840.00 0.000       0.000       0.000       0.000       0.000    0.0002    0.000    0.000    0.518   69.193    0.000
    900.00 0.000       0.000       0.000       0.000       0.000    0.0002    0.000    0.000    0.527   67.953    0.000
    960.00 0.000       0.000       0.000       0.000       0.000    0.0002    0.000    0.000    0.575   67.304    0.000
   1020.00 0.000       0.000       0.000       0.000       0.000    0.0002    0.000    0.000    0.664   67.757    0.000
   1080.00 0.000       0.000       0.000       0.000       0.000    0.0002    0.000    0.000    0.705   69.298    0.000
   1140.00 0.000       0.000       0.000       0.000       0.000    0.0002    0.000    0.000    0.742   71.532    0.000
   1200.00 0.000       0.000       0.000       0.000       0.000    0.0002    0.000    0.000    0.856   74.437    0.000
   1260.00 0.000       0.000       0.000       0.000       0.000    0.0002    0.000    0.000    0.947   78.176    0.000
   1320.00 0.000     580.000       0.000     580.000       0.000    0.0002    0.000    0.596    0.981   82.866    0.013
   1380.00 0.005     564.000       0.000     580.000       0.000    0.0002    0.005    2.282    1.039   88.740    0.051
   1440.00 0.012     562.500      12.083     580.000       0.000    0.0002    0.020    5.826    1.120   95.896    0.105
   1500.00 0.023     562.128      18.085     580.000       0.000    0.0002    0.060   10.367    1.217  104.185    0.157
   1560.00 0.037     564.052      11.373     660.000       0.000    0.0002    0.138   19.360    1.363  113.588    0.228
   1620.00 0.052     567.867       8.436     660.000       0.000    0.0002    0.262   31.737    1.546  124.181    0.329
   1680.00 0.068     568.159       4.043     660.000       0.000    0.0002    0.461   48.702    2.002  135.881    0.452
   1740.00 0.087     568.169       3.493     660.000       0.000    0.0002    0.754   79.640    2.591  148.586    0.615
   1800.00 0.105     568.837       5.581     700.000       0.000    0.0002    1.159  113.542    2.669  162.141    0.705
   1860.00 0.125     568.984       6.719     820.000       0.000    0.0002    1.692  143.417    3.348  176.240    0.874
   1920.00 0.137     569.181       6.406     780.000       0.000    0.0002    2.374  199.243    3.822  190.577    0.963
   1980.00 0.153     570.494       8.581     780.000       0.000    0.0002    3.161  273.971    4.054  204.896    1.132
   2040.00 0.163     572.754       6.497     860.000       0.000    0.0002    4.024  347.768    4.230  218.628    1.084
   2100.00 0.174     575.668       7.426     900.000       0.000    0.0002    4.910  372.489    4.721  231.409    1.311
   2160.00 0.183     579.467       5.113     940.000       0.000    0.0002    5.782  381.740    4.820  242.698    1.132
   2220.00 0.189     582.173       6.960    1340.000       0.000    0.0002    6.572  359.824    4.167  252.249    1.016
   2280.00 0.190     588.689       8.149    1420.000       0.000    0.0002    7.212  312.884    4.226  259.770    1.232
   2340.00 0.195     593.367      11.289    1340.000       0.000    0.0002    7.699  390.883    4.974  264.898    1.314
   2400.00 0.199     596.314      12.285    1380.000       0.000    0.0002    7.992  461.595    4.954  267.924    1.264
   2460.00 0.203     607.774      10.566    1300.000       0.000    0.0002    8.109  486.659    4.461  268.926    1.404
   2520.00 0.206     613.397       8.907    1340.000       0.000    0.0002    8.075  503.209    4.635  268.012    1.313
   2580.00 0.202     616.755       7.845    1420.000       0.000    0.0002    7.887  484.383    4.611  265.185    1.110
   2640.00 0.199     623.096       7.740    1460.000       0.000    0.0002    7.581  475.564    4.575  260.763    1.220
   2700.00 0.194     623.166       4.899    1380.000       0.000    0.0002    7.159  444.922    4.853  255.205    1.346
   2760.00 0.187     624.660       4.267    1460.000       0.000    0.0002    6.647  517.697    4.769  248.441    1.271
   2820.00 0.177     630.799       1.653    1540.000       0.000    0.0002    6.013  521.629    5.092  241.148    1.271
   2880.00 0.171     644.549       9.900    1380.000       0.000    0.0002    5.364  419.143    4.085  233.989    1.048
   2940.00 0.155     637.512       7.748    1540.000       0.000    0.0002    4.879  472.710    4.050  227.155    1.145
   3000.00 0.149     641.675      15.041    1460.000       0.000    0.0002    4.433  537.564    4.578  220.244    1.286
   3060.00 0.140     636.503       7.937    1460.000       0.000    0.0002    4.152  563.879    4.799  213.685    1.198
   3120.00 0.132     639.705       5.314    1300.000       0.000    0.0002    3.944  563.529    4.967  208.133    1.314
   3180.00 0.124     634.016      12.795    1340.000       0.000    0.0002    3.723  616.265    5.018  203.844    1.345
   3240.00 0.119     640.000       8.689    1340.000       0.000    0.0002    3.491  624.376    4.163  199.784    1.166
   3300.00 0.116     641.635       9.392    1380.000       0.000    0.0002    3.226  573.748    4.375  195.534    1.196
   3360.00 0.115     641.864       9.237    1300.000       0.000    0.0002    3.020  495.521    3.467  191.718    0.899
   3420.00 0.114     642.661       5.665    1380.000       0.000    0.0002    2.852  406.908    4.013  188.096    0.961
   3480.00 0.110     645.809       1.463    1460.000       0.000    0.0002    2.676  368.298    4.284  184.524    1.016
   3540.00 0.113     648.286       3.948    1300.000       0.000    0.0002    2.484  339.228    3.895  181.432    1.015
   3600.00 0.112     649.130       5.565    1340.000       0.000    0.0002    2.283  309.848    3.251  178.728    0.960
   3660.00 0.111     646.286       4.967    1460.000       0.000    0.0002    2.106  294.568    3.404  176.323    0.951
   3720.00 0.111     652.088       8.308    1460.000       0.000    0.0002    1.890  220.908    3.200  174.607    0.907
   3780.00 0.108     653.379       4.490    1420.000       0.000    0.0002    1.725  270.927    3.392  173.527    0.868
   3840.00 0.102     646.062       4.726    1420.000       0.000    0.0002    1.633  317.615    3.666  172.829    0.856
   3900.00 0.095     632.648       5.193    1420.000       0.000    0.0002    1.653  349.465    3.560  172.792    0.942
   3960.00 0.094     629.295       6.580    1300.000       0.000    0.0002    1.716  369.906    3.830  173.111    1.073
   4020.00 0.092     627.040       5.067    1300.000       0.000    0.0002    1.787  379.428    3.987  173.438    0.938
   4080.00 0.098     626.484       4.638    1300.000       0.000    0.0002    1.884  427.055    3.629  174.045    0.977
   4140.00 0.103     625.226       6.271    1300.000       0.000    0.0002    1.957  488.668    4.014  175.223    1.342
   4200.00 0.104     625.647       7.294    1300.000       0.000    0.0002    2.014  468.643    4.895  176.859    1.284
   4260.00 0.103     625.714       5.000    1300.000       0.000    0.0002    2.111  469.912    3.668  178.723    0.980
   4320.00 0.101     621.932       9.082    1380.000       0.000    0.0002    2.224  378.330    3.668  180.701    0.977
   4380.00 0.101     612.833       9.395    1420.000       0.000    0.0002    2.332  323.462    3.723  182.779    1.026
   4440.00 0.103     614.218       4.408    1300.000       0.000    0.0002    2.445  316.963    3.349  184.731    1.044
   4500.00 0.107     615.423      10.343    1300.000       0.000    0.0002    2.548  290.274    3.590  186.426    0.991
   4560.00 0.111     617.004       5.639    1380.000       0.000    0.0002    2.618  287.572    3.353  187.880    0.962
   4620.00 0.117     620.083       8.792    1380.000       0.000    0.0002    2.665  330.940    3.800  189.351    1.010
   4680.00 0.120     619.837       5.051    1340.000       0.000    0.0002    2.716  374.542    3.786  191.029    1.058
   4740.00 0.115     616.588       8.145    1340.000       0.000    0.0002    2.757  411.198    3.632  192.621    1.141
   4800.00 0.115     609.680       9.552    1420.000       0.000    0.0002    2.772  447.812    4.036  194.019    0.948
   4860.00 0.118     611.222       6.832    1340.000       0.000    0.0002    2.817  487.705    4.712  195.683    1.074
   4920.00 0.116     611.814      10.970    1300.000       0.000    0.0002    2.919  464.579    4.997  197.569    1.113
   4980.00 0.120     616.349       8.073    1300.000       0.000    0.0002    3.018  508.239    4.602  199.212    1.045
   5040.00 0.125     613.996       5.068    1300.000       0.000    0.0002    3.077  555.244    4.512  200.744    1.261
   5100.00 0.124     610.394       1.063    1300.000       0.000    0.0002    3.105  530.030    4.527  202.270    1.128
   5160.00 0.122     617.114       9.018    1340.000       0.000    0.0002    3.163  419.187    3.961  203.759    1.160
   5220.00 0.124     620.945       8.543    1300.000       0.000    0.0002    3.251  372.874    4.456  205.481    1.222
   5280.00 0.126     622.085       9.266    1300.000       0.000    0.0002    3.414  462.649    4.938  207.384    1.256
   5340.00 0.126     624.101       5.764    1380.000       0.000    0.0002    3.607  525.765    5.342  209.192    1.355
   5400.00 0.124     618.189       4.291    1300.000       0.000    0.0002    3.831  682.504    5.734  211.601    1.549
   5460.00 0.125     611.719       4.297    1420.000       0.000    0.0002    4.042  855.903    5.749  214.611    1.634
   5520.00 0.132     616.067       7.050    1500.000       0.000    0.0002    4.195  895.279    4.943  217.064    1.693
   5580.00 0.129     614.340       7.245    1540.000       0.000    0.0002    4.180  832.091    4.905  219.224    1.539
   5640.00 0.129     611.651       9.260    1380.000       0.000    0.0002    4.056  746.285    4.370  221.480    1.565
   5700.00 0.129     614.340       3.736    1300.000       0.000    0.0002    3.921  667.933    3.758  222.437    1.335
   5760.00 0.133     620.074       5.341    1340.000       0.000    0.0002    3.725  572.243    3.638  222.583    1.037
   5820.00 0.137     621.857      10.071    1340.000       0.000    0.0002    3.518  409.748    4.289  222.391    0.977
   5880.00 0.133     619.485       7.353    1380.000       0.000    0.0002    3.455  409.436    4.252  222.894    1.103
   5940.00 0.135     615.588       9.331    1380.000       0.000    0.0002    3.458  478.167    4.137  223.841    1.115
   6000.00 0.134     618.327      11.964    1380.000       0.000    0.0002    3.547  519.265    4.411  224.174    1.216
   6060.00 0.135     622.029       3.370    1420.000       0.000    0.0002    3.666  519.628    4.659  224.518    1.116
   6120.00 0.140     623.566       9.545    1300.000       0.000    0.0002    3.789  457.975    5.234  225.042    1.300
   6180.00 0.139     626.095       7.811    1300.000       0.000    0.0002    3.965  487.604    6.028  226.273    1.290
   6240.00 0.139     623.158       4.351    1300.000       0.000    0.0002    4.168  566.951    5.608  228.424    1.234
   6300.00 0.143     625.265       5.778    1340.000       0.000    0.0002    4.440  623.073    4.434  230.694    1.356
   6360.00 0.145     628.027       8.331    1500.000       0.000    0.0002    4.674  530.320    4.809  232.918    1.305
   6420.00 0.146     629.267       6.867    1540.000       0.000    0.0002    4.963  521.750    4.508  235.627    1.074
   6480.00 0.148     633.752       6.083    1500.000       0.000    0.0002    5.231  501.534    4.497  237.683    1.182
   6540.00 0.154     635.492      12.603    1460.000       0.000    0.0002    5.434  526.754    5.252  239.302    1.307
   6600.00 0.157     631.242       7.329    1500.000       0.000    0.0002    5.642  571.140    5.502  241.692    1.370
   6660.00 0.161     632.526       8.865    1380.000       0.000    0.0002    5.837  620.897    5.413  244.524    1.363
   6720.00 0.165     631.893       7.308    1460.000       0.000    0.0002    6.000  642.085    5.120  246.912    1.334
   6780.00 0.163     636.132      13.103    1340.000       0.000    0.0002    6.185  605.992    4.658  249.086    1.230
   6840.00 0.154     641.519      10.854    1380.000       0.000    0.0002    6.348  571.453    5.103  251.699    1.254
   6900.00 0.153     639.554       8.981    1420.000       0.000    0.0002    6.516  720.312    5.202  255.291    1.431
   6960.00 0.152     644.348       3.188    1420.000       0.000    0.0002    6.644  845.145    5.794  258.664    1.562
   7020.00 0.148     645.058       9.190    1460.000       0.000    0.0002    6.792  905.063    5.700  260.554    1.486
   7080.00 0.147     636.439       5.624    1540.000       0.000    0.0002    6.970  845.546    5.494  261.843    1.359
   7140.00 0.148     636.331       7.868    1500.000       0.000    0.0002    7.086  642.160    5.252  264.009    1.555
   7200.00 0.148     637.322       3.405    1460.000       0.000    0.0002    7.205  549.507    4.777  266.945    1.371
   7260.00 0.151     642.395      11.003    1420.000       0.000    0.0002    7.419  592.306    5.331  269.231    1.689
   7320.00 0.148     645.502       8.402    1460.000       0.000    0.0002    7.658  583.562    5.290  270.426    1.703
   7380.00 0.149     653.595       2.712    1500.000       0.000    0.0002    7.934  593.954    6.498  272.129    1.345
   7440.00 0.150     652.378       4.072    1380.000       0.000    0.0002    8.248  755.722    6.421  275.573    1.444
   7500.00 0.152     658.006       9.711    1340.000       0.000    0.0002    8.557  830.829    4.959  278.919    1.208
   7560.00 0.148     660.987       6.480    1540.000       0.000    0.0002    8.652  734.870    5.171  280.437    1.406
   7620.00 0.148     668.567       6.590    1500.000       0.000    0.0002    8.617  678.726    5.880  281.711    1.451
   7680.00 0.141     677.993      13.529    1460.000       0.000    0.0002    8.482  665.846    5.469  282.655    1.313
   7740.00 0.140     677.033      14.939    1460.000       0.000    0.0002    8.268  707.905    4.935  282.496    1.255
   7800.00 0.144     668.122       8.156    1420.000       0.000    0.0002    8.094  688.218    5.206  283.846    1.466
   7860.00 0.140     683.217       8.741    1460.000       0.000    0.0002    8.039  693.030    5.661  285.530    1.463
   7920.00 0.134     683.607      10.128    1460.000       0.000    0.0002    7.978  804.567    5.426  286.007    1.546
   7980.00 0.134     688.873       1.273    1420.000       0.000    0.0002    7.795  980.942    6.590  286.619    1.759
   8040.00 0.134     694.442      12.651    1460.000       0.000    0.0002    7.410 1042.851    6.740  285.908    1.938
   8100.00 0.125     679.259       6.394    1580.000       0.000    0.0002    6.947  968.917    5.299  284.856    1.733
   8160.00 0.125     671.641       7.305    1580.000       0.000    0.0002    6.455  806.083    5.633  285.764    1.533
   8220.00 0.121     672.713       5.263    1580.000       0.000    0.0002    6.037  784.817    5.513  286.365    1.363
   8280.00 0.116     670.588       2.773    1460.000       0.000    0.0002    5.544  691.967    4.930  282.840    1.385
   8340.00 0.117     673.888      11.476    1540.000       0.000    0.0002    4.958  584.902    4.643  277.696    1.203
   8400.00 0.119     675.410       9.221    1500.000       0.000    0.0002    4.362  538.326    4.906  273.337    1.231
   8460.00 0.119     671.687      12.140    1420.000       0.000    0.0002    3.869  527.422    5.187  269.484    1.206
   8520.00 0.123     679.723       9.267    1460.000       0.000    0.0002    3.587  621.346    5.236  266.263    1.283
   8580.00 0.123     672.485      10.219    1500.000       0.000    0.0002    3.532  752.079    5.011  263.555    1.634
   8640.00 0.122     666.104      11.406    1620.000       0.000    0.0002    3.545  685.173    4.045  261.327    1.440
   8700.00 0.119     658.439       3.121    1580.000       0.000    0.0002    3.646  602.349    3.957  261.139    1.214
   8760.00 0.120     656.748      12.927    1420.000       0.000    0.0002    3.811  469.048    4.462  263.156    1.201
   8820.00 0.125     659.844       7.432    1340.000       0.000    0.0002    3.938  537.734    4.505  265.020    1.370
   8880.00 0.123     654.513      10.815    1460.000       0.000    0.0002    4.001  528.178    4.777  265.933    1.299
   8940.00 0.122     652.705       1.323    1460.000       0.000    0.0002    3.985  481.291    5.529  266.692    1.373
   9000.00 0.126     656.039       8.155    1500.000       0.000    0.0002    3.834  529.651    5.647  267.239    1.324
   9060.00 0.128     664.190       5.714    1460.000       0.000    0.0002    3.719  620.232    5.222  267.101    1.294
   9120.00 0.126     661.243      11.029    1460.000       0.000    0.0002    3.724  660.884    4.147  266.338    1.126
   9180.00 0.125     644.280       8.521    1460.000       0.000    0.0002    3.792  663.477    4.254  266.587    1.206
   9240.00 0.126     645.251       2.548    1460.000       0.000    0.0002    3.862  507.279    5.292  268.394    1.128
   9300.00 0.129     650.624       9.263    1500.000       0.000    0.0002    3.958  494.768    5.103  270.529    1.155
   9360.00 0.129     648.830       4.453    1460.000       0.000    0.0002    4.061  521.064    4.559  272.283    1.282
   9420.00 0.133     642.564       8.425    1420.000       0.000    0.0002    4.184  506.594    5.087  274.107    1.275
   9480.00 0.133     643.573       4.420    1340.000       0.000    0.0002    4.348  540.946    4.455  276.398    1.240
   9540.00 0.137     654.662       6.014    1420.000       0.000    0.0002    4.545  617.254    4.932  278.991    1.100
   9600.00 0.145     650.946       7.466    1420.000       0.000    0.0002    4.753  635.692    5.008  281.638    1.313
   9660.00 0.141     649.827       6.505    1340.000       0.000    0.0002    4.973  580.131    4.755  284.381    1.242
   9720.00 0.145     647.744       2.862    1500.000       0.000    0.0002    5.145  572.213    5.469  286.846    1.287
   9780.00 0.143     646.303       5.963    1580.000       0.000    0.0002    5.231  506.761    5.201  288.819    1.213
   9840.00 0.140     651.832       3.106    1380.000       0.000    0.0002    5.266  525.720    4.875  290.114    1.293
   9900.00 0.146     655.326       9.349    1420.000       0.000    0.0002    5.311  541.453    5.125  290.937    1.248
   9960.00 0.140     663.002       6.387    1460.000       0.000    0.0002    5.431  570.686    5.467  292.898    1.391
  10020.00 0.140     664.258       6.038    1460.000       0.000    0.0002    5.625  683.755    5.698  295.436    1.326
  10080.00 0.146     656.461       4.207    1540.000       0.000    0.0002    5.853  800.959    6.042  297.321    1.466
  10140.00 0.146     662.081       3.960    1540.000       0.000    0.0002    6.001  785.728    7.218  299.015    1.446
  10200.00 0.149     664.248       5.327    1540.000       0.000    0.0002    6.073  644.263    5.419  300.507    1.334
  10260.00 0.152     652.424       7.030    1500.000       0.000    0.0002    6.137  632.387    5.350  302.280    1.436
  10320.00 0.152     661.479      10.836    1500.000       0.000    0.0002    6.056  604.572    5.641  304.066    1.346
  10380.00 0.155     668.693       4.031    1500.000       0.000    0.0002    5.877  677.182    5.651  305.406    1.368
  10440.00 0.154     660.063       7.373    1460.000       0.000    0.0002    5.657  714.841    5.360  304.967    1.292
  10500.00 0.154     663.752       7.599    1500.000       0.000    0.0002    5.361  702.455    5.147  302.522    1.271
  10560.00 0.155     662.642       5.503    1540.000       0.000    0.0002    4.985  570.846    5.589  299.609    1.201
  10620.00 0.153     658.784       7.232    1580.000       0.000    0.0002    4.677  481.781    5.320  297.125    1.187
  10680.00 0.159     667.351       6.524    1540.000       0.000    0.0002    4.407  579.447    5.663  295.692    1.170
  10740.00 0.153     653.930       1.725    1460.000       0.000    0.0002    4.242  663.435    5.247  294.292    1.185
  10800.00 0.146     658.928       2.781    1500.000       0.000    0.0002    4.127  635.704    5.520  292.034    1.308
  10860.00 0.139     654.526       4.281    1500.000       0.000    0.0002    3.911  468.652    5.376  289.101    1.331
  10920.00 0.140     652.474       8.502    1540.000       0.000    0.0002    3.658  438.501    4.809  286.910    1.139
  10980.00 0.143     649.506       7.257    1500.000       0.000    0.0002    3.440  361.244    4.780  285.245    1.116
  11040.00 0.144     661.760       6.701    1460.000       0.000    0.0002    3.289  269.398    3.737  283.509    0.926
  11100.00 0.146     658.591       4.698    1460.000       0.000    0.0002    3.229  234.832    4.072  282.043    0.993
  11160.00 0.137     662.852       4.848    1460.000       0.000    0.0002    3.248  254.151    4.066  281.919    1.024
  11220.00 0.131     656.059       6.840    1380.000       0.000    0.0002    3.424  272.111    3.956  282.405    0.978
  11280.00 0.138     658.513       9.239    1420.000       0.000    0.0002    3.753  306.952    4.384  283.844    1.255
  11340.00 0.134     654.745       6.460    1380.000       0.000    0.0002    4.273  520.480    5.766  287.442    1.504
  11400.00 0.132     665.407       4.741    1460.000       0.000    0.0002    4.967  785.176    7.156  293.462    1.949
  11460.00 0.130     661.053      11.617    1300.000       0.000    0.0002    5.691  983.440    6.530  300.985    1.867
  11520.00 0.131     676.716       6.007    1500.000       0.000    0.0002    6.401  957.373    6.812  308.509    2.025
  11580.00 0.128     681.065       3.612    1420.000       0.000    0.0002    7.082 1126.997    8.016  316.858    2.154
  11640.00 0.126     680.618       5.714    1460.000       0.000    0.0002    7.603 1248.157    7.592  324.524    2.397
  11700.00 0.126     669.884       6.448    1940.000       0.000    0.0002    7.771 1299.407    6.254  329.575    2.016
  11760.00 0.127     680.613      13.333    1940.000       0.000    0.0002    7.663 1067.397    6.530  334.019    2.582
  11820.00 0.127     678.273       7.063    1940.000       0.000    0.0002    7.354  888.606    7.098  338.003    2.247
  11880.00 0.132     668.757       5.046    1940.000       0.000    0.0002    7.064 1004.034    7.525  342.311    1.910
  11940.00 0.132     679.593       7.098    1540.000       0.000    0.0002    6.978 1171.754    7.397  345.624    2.016
  12000.00 0.133     680.700      15.359    1940.000       0.000    0.0002    6.911 1211.995    5.978  344.494    1.950
  12060.00 0.133     678.785      10.203    1940.000       0.000    0.0002    6.858  995.027    6.157  341.941    1.653
  12120.00 0.131     666.853       4.693    1620.000       0.000    0.0002    6.733  855.035    6.393  342.826    1.568
  12180.00 0.128     666.616       7.909    1500.000       0.000    0.0002    6.702  776.727    6.229  343.512    1.535
  12240.00 0.129     665.076       5.720    1540.000       0.000    0.0002    6.816  802.267    7.253  342.833    1.592
  12300.00 0.132     663.340      12.096    1580.000       0.000    0.0002    7.076  907.588    6.215  346.412    1.631
  12360.00 0.133     678.202       2.642    1620.000       0.000    0.0002    7.508  854.065    7.443  353.594    2.124
  12420.00 0.133     661.326      12.965    1940.000       0.000    0.0002    8.150  891.238    7.707  360.956    1.940
  12480.00 0.132     673.087       9.057    1940.000       0.000    0.0002    8.804 1037.747    8.232  367.358    2.080
  12540.00 0.133     675.028       6.556    1620.000       0.000    0.0002    9.312 1173.427    9.679  376.088    2.314
  12600.00 0.143     670.221       4.770    1940.000       0.000    0.0002    9.588 1229.083    8.371  383.939    2.748
  12660.00 0.146     675.276       2.211    1940.000       0.000    0.0002    9.864 1202.300    6.387  387.238    2.386
  12720.00 0.143     685.411       9.110    1940.000       0.000    0.0002   10.061 1157.621    6.734  390.581    2.487
  12780.00 0.144     694.024       6.520    1940.000       0.000    0.0002    9.961  867.805    6.935  398.609    1.995
  12840.00 0.141     695.833      11.042    1580.000       0.000    0.0002    9.961 1020.694    6.771  412.478    2.043
  12900.00 0.148     696.964       8.614    1540.000       0.000    0.0002   10.391 1228.921    6.954  421.753    2.108
  12960.00 0.149     694.154       2.923    1940.000       0.000    0.0002   10.987 1205.183    7.034  420.965    2.110
  13020.00 0.153     696.619      10.909    1620.000       0.000    0.0002   11.323  925.615    6.495  421.552    1.802
  13080.00 0.155     700.315       9.180    1700.000       0.000    0.0002   11.422  960.572    7.203  430.031    2.109
  13140.00 0.162     707.048       8.825    1620.000       0.000    0.0002   11.504  904.244    6.454  439.237    2.294
  13200.00 0.158     709.122       3.606    1940.000       0.000    0.0002   11.462  911.084    7.167  441.051    2.452
  13260.00 0.157     711.073      10.233    1940.000       0.000    0.0002   11.330  767.378    6.761  440.870    1.637
  13320.00 0.159     700.307       7.988    1620.000       0.000    0.0002   11.298  995.552    7.153  446.879    1.771
  13380.00 0.156     695.611       4.859    1500.000       0.000    0.0002   11.497 1155.184    8.312  451.949    2.156
  13440.00 0.160     697.134       3.750    1940.000       0.000    0.0002   11.708 1159.355    7.874  451.099    1.911
  13500.00 0.159     693.374       4.509    1940.000       0.000    0.0002   11.900 1029.106    8.558  450.823    2.290
  13560.00 0.161     684.024       5.658    1940.000       0.000    0.0002   11.958  908.174    7.719  454.062    2.304
  13620.00 0.161     691.259       2.944    1940.000       0.000    0.0002   11.669 1054.247    7.687  457.629    2.095
  13680.00 0.161     695.258      10.182    1700.000       0.000    0.0002   11.082  972.571    6.682  458.347    1.816
  13740.00 0.164     701.369      10.446    1660.000       0.000    0.0002   10.255  709.988    7.102  454.430    1.576
  13800.00 0.163     706.886       8.413    1700.000       0.000    0.0002    9.522  631.938    7.534  450.032    1.615
  13860.00 0.161     691.854       7.143    1660.000       0.000    0.0002    9.016  713.702    7.278  447.150    1.625
  13920.00 0.158     681.728       5.617    1540.000       0.000    0.0002    8.806  653.221    7.653  443.790    1.534
  13980.00 0.155     669.748       9.528    1540.000       0.000    0.0002    8.995  660.593    7.416  439.379    1.753
  14040.00 0.156     659.064       8.768    1460.000       0.000    0.0002    9.469  600.734    6.999  437.637    1.495
  14100.00 0.155     671.339      11.024    1500.000       0.000    0.0002    9.914  886.557    6.187  439.961    1.630
  14160.00 0.147     672.736       4.942    1500.000       0.000    0.0002   10.415 1136.585    6.949  447.614    1.952
  14220.00 0.147     679.603      13.675    1540.000       0.000    0.0002   11.016 1294.977    8.653  457.017    1.996
  14280.00 0.148     686.248       4.231    1940.000       0.000    0.0002   11.420 1415.203    7.340  463.297    2.115
  14340.00 0.147     697.608       6.246    1940.000       0.000    0.0002   11.540 1383.751    7.959  467.859    2.317
  14400.00 0.148     711.137       4.514    1940.000       0.000    0.0002   11.081 1155.931    9.426  469.033    2.169
  14460.00 0.149     725.443       6.033    1940.000       0.000    0.0002   10.226 1129.158    6.292  464.675    2.156
  14520.00 0.144     714.873      14.703    1940.000       0.000    0.0002    9.395 1149.555    6.285  459.993    1.813
  14580.00 0.150     718.602       7.415    1940.000       0.000    0.0002    8.859  949.780    6.496  456.927    1.590
  14640.00 0.146     709.514      12.228    1620.000       0.000    0.0002    8.634  830.574    7.645  455.121    1.721
  14700.00 0.138     716.566       7.681    1620.000       0.000    0.0002    8.696 1040.868    8.689  453.726    1.926
  14760.00 0.135     712.708      11.769    1500.000       0.000    0.0002    8.869 1226.953    7.410  451.264    2.107
  14820.00 0.136     719.496       7.698    1940.000       0.000    0.0002    8.771 1209.226    6.860  448.490    2.338
  14880.00 0.131     711.343      18.284    2020.000       0.000    0.0002    8.349  873.955    7.093  448.331    1.877
  14940.00 0.129     720.417       5.882    1940.000       0.000    0.0002    7.764  956.731    7.172  448.178    1.798
  15000.00 0.123     703.825       7.131    1620.000       0.000    0.0002    7.004  874.408    6.594  442.725    1.797
  15060.00 0.124     716.424       7.741    1740.000       0.000    0.0002    6.348  706.533    6.192  434.783    1.432
  15120.00 0.125     720.078      10.588    1540.000       0.000    0.0002    5.719  651.356    7.152  430.907    1.618
  15180.00 0.125     704.471       6.863    1540.000       0.000    0.0002    5.376  611.294    6.461  426.217    1.662
  15240.00 0.126     709.010      10.524    1540.000       0.000    0.0002    5.367  592.535    6.590  419.465    1.589
  15300.00 0.118     701.826       5.228    1500.000       0.000    0.0002    5.539  661.468    7.216  420.191    1.919
  15360.00 0.117     684.802       8.351    1540.000       0.000    0.0002    5.780  801.423    8.061  425.285    1.936
  15420.00 0.114     683.162       9.786    1940.000       0.000    0.0002    6.062  858.397    7.150  424.785    1.797
  15480.00 0.112     676.018       7.221    1500.000       0.000    0.0002    6.315 1066.126    8.572  422.369    2.088
  15540.00 0.111     685.934       6.813    1660.000       0.000    0.0002    6.519 1195.203    9.153  427.431    2.232
  15600.00 0.113     692.294       3.939    1940.000       0.000    0.0002    6.674 1405.418    8.660  431.021    2.470
  15660.00 0.114     683.298      15.760    1940.000       0.000    0.0002    6.638 1153.676    7.736  428.062    2.174
  15720.00 0.111     679.249       5.872    1940.000       0.000    0.0002    6.497  837.832    8.116  430.192    1.776
  15780.00 0.113     693.103      11.552    1620.000       0.000    0.0002    6.419  788.859    7.760  437.871    2.152
  15840.00 0.112     688.009       3.720    1540.000       0.000    0.0002    6.226  754.984    7.565  436.820    1.741
  15900.00 0.117     689.205       3.891    1660.000       0.000    0.0002    5.843  813.594    8.039  429.356    1.905
  15960.00 0.109     676.555       8.412    1580.000       0.000    0.0002    5.407  897.104    7.757  429.158    1.728
  16020.00 0.109     690.382       5.213    1580.000       0.000    0.0002    4.845  985.970    7.371  429.521    1.981
  16080.00 0.108     678.330       9.977    1580.000       0.000    0.0002    4.219  835.337    6.171  419.246    1.836
  16140.00 0.104     672.300      10.235    1940.000       0.000    0.0002    3.552  765.821    5.988  407.571    1.832
  16200.00 0.104     672.897       7.991    1940.000       0.000    0.0002    2.923  469.310    4.100  403.213    1.154
  16260.00 0.098     658.803       8.229    1580.000       0.000    0.0002    2.572  456.138    5.077  400.099    1.195
  16320.00 0.102     667.733       8.974    1540.000       0.000    0.0002    2.394  365.269    4.964  393.710    1.283
  16380.00 0.098     669.429      10.323    1660.000       0.000    0.0002    2.288  276.788    4.840  390.402    1.083
  16440.00 0.103     657.619      12.524    1580.000       0.000    0.0002    2.287  303.617    4.779  389.943    1.209
  16500.00 0.101     652.174       7.826    1460.000       0.000    0.0002    2.406  396.238    6.109  387.481    1.410
  16560.00 0.104     657.089       2.629    1460.000       0.000    0.0002    2.583  507.609    6.047  384.587    1.423
  16620.00 0.105     649.744       7.179    1460.000       0.000    0.0002    2.742  556.353    5.665  384.487    1.478
  16680.00 0.108     650.360       2.973    1500.000       0.000    0.0002    2.881  492.212    5.401  385.979    1.371
  16740.00 0.115     649.021      11.787    1500.000       0.000    0.0002    2.921  439.433    5.320  386.509    1.198
  16800.00 0.115     645.478       6.752    1500.000       0.000    0.0002    2.970  342.920    4.823  386.739    1.152
  16860.00 0.124     658.110       7.283    1580.000       0.000    0.0002    3.093  401.578    4.961  386.899    1.148
  16920.00 0.123     662.535       5.069    1460.000       0.000    0.0002    3.249  396.740    5.626  387.197    1.420
  16980.00 0.127     655.615      14.269    1380.000       0.000    0.0002    3.581  468.378    6.217  390.501    1.264
  17040.00 0.133     659.046      11.560    1420.000       0.000    0.0002    4.086  556.194    6.538  395.813    1.401
  17100.00 0.136     660.288       8.561    1460.000       0.000    0.0002    4.681  614.824    6.130  399.932    1.356
  17160.00 0.141     652.872       4.706    1420.000       0.000    0.0002    5.298  614.909    6.538  403.653    1.566
  17220.00 0.145     662.095       5.574    1500.000       0.000    0.0002    5.799  787.854    6.945  408.045    1.889
  17280.00 0.146     670.903      14.649    1540.000       0.000    0.0002    6.021  759.502    6.435  410.005    1.417
  17340.00 0.148     673.091       5.785    1420.000       0.000    0.0002    6.011  658.923    5.610  410.541    1.532
  17400.00 0.145     677.815       7.429    1460.000       0.000    0.0002    5.932  549.101    5.244  411.393    1.326
  17460.00 0.143     681.670      11.175    1540.000       0.000    0.0002    5.873  547.015    6.131  413.531    1.371
  17520.00 0.150     682.447       3.817    1540.000       0.000    0.0002    5.913  559.486    6.009  416.133    1.344
  17580.00 0.152     681.029      11.061    1500.000       0.000    0.0002    6.040  462.546    5.646  416.597    1.277
  17640.00 0.154     690.111       6.973    1580.000       0.000    0.0002    6.127  492.435    5.769  416.335    1.339
  17700.00 0.153     691.592       2.102    1460.000       0.000    0.0002    6.303  596.664    6.074  418.799    1.433
  17760.00 0.153     695.911       7.508    1460.000       0.000    0.0002    6.464  605.605    6.278  422.556    1.505
  17820.00 0.155     695.387       4.423    1540.000       0.000    0.0002    6.535  820.228    7.281  424.872    1.698
  17880.00 0.155     708.504       5.512    1540.000       0.000    0.0002    6.549  842.833    7.200  427.225    1.664
  17940.00 0.149     701.309       8.151    1500.000       0.000    0.0002    6.577  881.552    7.654  429.394    1.832
  18000.00 0.148     693.993       4.224    1460.000       0.000    0.0002    6.638  757.803    6.561  432.033    1.386
  18060.00 0.152     706.090       2.115    1660.000       0.000    0.0002    6.855  772.562    7.828  436.581    1.811
  18120.00 0.148     694.785       4.851    1580.000       0.000    0.0002    7.161 1065.737    8.136  443.458    1.853
  18180.00 0.151     690.258       7.323    1460.000       0.000    0.0002    7.609 1332.280    8.885  452.071    2.358
  18240.00 0.144     689.509       5.719    1540.000       0.000    0.0002    7.982 1635.858    9.649  456.945    2.660
  18300.00 0.143     685.548       3.493    1940.000       0.000    0.0002    8.039 1728.554    9.083  457.510    2.838
  18360.00 0.145     681.149       6.351    1940.000       0.000    0.0002    7.865 1434.299    6.584  459.457    2.046
  18420.00 0.146     673.177      12.308    1980.000       0.000    0.0002    7.725  740.090    7.597  468.433    2.037
  18480.00 0.146     683.200      10.367    1500.000       0.000    0.0002    7.808  670.271    7.050  474.998    1.559
  18540.00 0.143     680.887      13.072    1540.000       0.000    0.0002    8.031  701.180    7.533  471.890    1.942
  18600.00 0.148     684.026       8.482    1540.000       0.000    0.0002    8.345 1086.932    8.194  470.652    2.080
  18660.00 0.142     692.358       3.821    1540.000       0.000    0.0002    8.524 1380.956    9.709  476.206    2.301
  18720.00 0.142     692.483       6.448    1940.000       0.000    0.0002    8.443 1406.794    8.941  478.686    2.403
  18780.00 0.141     702.561       9.723    1940.000       0.000    0.0002    8.295 1485.503    7.763  477.770    1.895
  18840.00 0.140     702.443       6.597    1940.000       0.000    0.0002    8.232 1329.767    7.122  484.385    1.716
  18900.00 0.139     706.456       5.789    1660.000       0.000    0.0002    8.584 1044.433    8.416  494.481    1.669
  18960.00 0.142     714.690       5.414    1580.000       0.000    0.0002    9.035  991.859    7.514  495.772    1.832
  19020.00 0.144     709.763       6.373    1740.000       0.000    0.0002    9.588  956.900    9.130  496.196    2.383
  19080.00 0.133     700.147       5.714    1940.000       0.000    0.0002   10.317 1071.275    7.990  501.419    2.616
  19140.00 0.139     714.507       4.824    1940.000       0.000    0.0002   10.906 1053.855    7.815  509.757    2.464
  19200.00 0.139     733.135       6.970    1980.000       0.000    0.0002   11.165 1282.732    8.643  518.785    2.108
  19260.00 0.135     731.928       4.649    1940.000       0.000    0.0002   10.942 1448.449    7.827  526.119    2.325
  19320.00 0.136     732.590       7.806    1940.000       0.000    0.0002   10.499 1344.380    7.510  526.965    2.340
  19380.00 0.140     728.881       9.196    1940.000       0.000    0.0002    9.798 1177.577    8.577  523.271    2.165
  19440.00 0.141     722.917      10.486    1940.000       0.000    0.0002    8.830  940.686    8.131  522.912    1.857
  19500.00 0.141     719.064       3.050    1940.000       0.000    0.0002    7.955 1010.219    7.111  524.694    1.879
  19560.00 0.140     704.321      10.174    1580.000       0.000    0.0002    7.495  968.671    7.177  515.459    1.810
  19620.00 0.139     698.596       6.772    1620.000       0.000    0.0002    7.368  946.652    6.445  501.153    1.899
  19680.00 0.134     699.708       4.781    1660.000       0.000    0.0002    7.302  744.217    6.376  498.893    1.714
  19740.00 0.137     715.133       4.369    1700.000       0.000    0.0002    7.512  777.938    7.171  508.218    1.946
  19800.00 0.136     719.249       6.154    1540.000       0.000    0.0002    7.985 1056.713    9.220  515.676    2.627
  19860.00 0.137     728.541       7.722    1940.000       0.000    0.0002    8.565 1190.708    9.752  517.612    2.648
  19920.00 0.143     725.349       4.361    1940.000       0.000    0.0002    8.949 1242.148    9.267  515.636    2.943
  19980.00 0.140     728.202      10.297    1940.000       0.000    0.0002    8.866 1002.964    7.658  513.311    2.840
  20040.00 0.139     719.051       9.244    2020.000       0.000    0.0002    8.410  993.929    8.259  517.458    1.981
  20100.00 0.139     721.996      11.278    1940.000       0.000    0.0002    7.931  914.715    7.719  523.686    2.053
  20160.00 0.138     719.824       8.289    1940.000       0.000    0.0002    7.682  917.764    7.786  518.286    2.062
  20220.00 0.131     710.279       5.289    1940.000       0.000    0.0002    7.281  951.083    7.475  506.340    1.843
  20280.00 0.130     708.914       6.142    1940.000       0.000    0.0002    6.684  707.360    6.131  502.455    1.799
  20340.00 0.127     700.307       2.226    1660.000       0.000    0.0002    6.111  616.015    6.188  502.667    1.874
  20400.00 0.125     707.358       3.875    1580.000       0.000    0.0002    5.617  490.064    6.178  497.165    1.422
  20460.00 0.131     709.888       6.208    1780.000       0.000    0.0002    5.249  552.643    6.675  486.698    1.443
  20520.00 0.139     716.982       5.193    1620.000       0.000    0.0002    5.090  633.652    6.163  478.468    1.356
  20580.00 0.134     713.358       6.022    1660.000       0.000    0.0002    4.999  530.238    6.267  474.213    1.503
  20640.00 0.134     719.745       5.501    1660.000       0.000    0.0002    4.863  574.364    5.919  471.687    1.527
  20700.00 0.133     716.410       5.788    1500.000       0.000    0.0002    4.638  509.245    5.353  469.056    1.459
  20760.00 0.131     700.446       7.323    1620.000       0.000    0.0002    4.440  642.626    5.024  467.476    1.308
  20820.00 0.136     702.504       6.404    1580.000       0.000    0.0002    4.256  633.997    4.866  465.123    1.285
  20880.00 0.134     693.455       9.855    1580.000       0.000    0.0002    4.056  526.136    4.795  460.481    1.356
  20940.00 0.133     695.956       5.515    1540.000       0.000    0.0002    3.977  471.323    4.617  456.296    1.264
  21000.00 0.130     684.060       8.008    1580.000       0.000    0.0002    3.933  368.633    5.141  454.471    1.326
  21060.00 0.132     688.794      10.798    1580.000       0.000    0.0002    3.904  347.794    5.777  453.114    1.254
  21120.00 0.130     687.820      10.150    1460.000       0.000    0.0002    3.917  387.286    5.413  451.840    1.194
  21180.00 0.127     693.154       8.038    1500.000       0.000    0.0002    3.960  418.799    6.168  450.391    1.313
  21240.00 0.131     692.491       9.888    1460.000       0.000    0.0002    4.013  471.146    5.946  449.148    1.300
  21300.00 0.138     697.522       6.655    1580.000       0.000    0.0002    4.097  401.010    6.263  449.298    1.279
  21360.00 0.137     693.950       8.114    1500.000       0.000    0.0002    4.201  414.854    5.817  449.816    1.286
  21420.00 0.138     686.903      10.053    1500.000       0.000    0.0002    4.369  387.550    4.991  448.703    1.187
  21480.00 0.141     685.278       5.139    1500.000       0.000    0.0002    4.476  440.607    5.306  447.288    1.304
  21540.00 0.143     673.288       4.361    1460.000       0.000    0.0002    4.746  534.016    5.270  448.041    1.313
  21600.00 0.142     667.204      10.257    1500.000       0.000    0.0002    5.013  555.583    5.511  449.874    1.416
  21660.00 0.145     680.404       5.421    1540.000       0.000    0.0002    5.276  634.026    5.740  451.942    1.268
  21720.00 0.147     681.095       8.756    1500.000       0.000    0.0002    5.548  717.183    6.422  453.911    1.347
  21780.00 0.142     681.343       7.263    1500.000       0.000    0.0002    5.773  742.663    8.346  455.035    1.603
  21840.00 0.142     681.517       2.276    1460.000       0.000    0.0002    5.940  724.469    6.451  455.278    1.522
  21900.00 0.145     686.622       4.235    1940.000       0.000    0.0002    6.288  523.561    5.442  457.822    1.321
  21960.00 0.144     699.051       8.339    1500.000       0.000    0.0002    6.738  432.673    5.820  462.834    1.415
  22020.00 0.148     697.957       7.743    1500.000       0.000    0.0002    7.083  424.710    6.297  466.107    1.464
  22080.00 0.151     711.097       5.548    1540.000       0.000    0.0002    7.232  602.535    6.218  468.105    1.521
  22140.00 0.152     714.295      10.833    1500.000       0.000    0.0002    7.286  726.959    5.831  470.748    1.388
  22200.00 0.155     703.728      13.207    1540.000       0.000    0.0002    7.121  780.931    5.670  471.976    1.475
  22260.00 0.148     700.066       5.554    1620.000       0.000    0.0002    6.875  651.047    6.001  470.877    1.523
  22320.00 0.146     703.612       8.495    1620.000       0.000    0.0002    6.561  539.532    6.817  469.940    1.486
  22380.00 0.146     698.067       8.367    1620.000       0.000    0.0002    6.352  571.639    5.977  470.320    1.572
  22440.00 0.143     687.304      10.478    1540.000       0.000    0.0002    6.303  691.941    6.757  470.345    1.363
  22500.00 0.143     689.812       4.034    1500.000       0.000    0.0002    6.336  703.072    7.440  471.305    1.479
  22560.00 0.144     687.029       9.881    1460.000       0.000    0.0002    6.488  669.264    8.187  473.118    1.575
  22620.00 0.147     689.369       7.940    1580.000       0.000    0.0002    6.685  850.757    8.428  475.442    1.690
  22680.00 0.139     689.807       4.710    1540.000       0.000    0.0002    7.025  996.400   10.105  478.919    2.006
  22740.00 0.138     691.915      11.064    1940.000       0.000    0.0002    7.452  961.708    8.520  482.765    2.091
  22800.00 0.136     702.294       5.663    1940.000       0.000    0.0002    7.838 1014.199    8.537  489.003    2.158
  22860.00 0.132     701.033       9.557    1940.000       0.000    0.0002    8.194  912.478    8.630  497.363    2.093
  22920.00 0.132     719.926       5.720    1940.000       0.000    0.0002    8.282 1041.619    8.707  503.974    2.353
  22980.00 0.128     716.260       5.687    1940.000       0.000    0.0002    8.117 1085.165    8.199  504.962    2.444
  23040.00 0.122     725.600       5.920    1980.000       0.000    0.0002    7.704 1159.203    7.758  502.108    2.461
  23100.00 0.122     723.968       9.980    2060.000       0.000    0.0002    7.069 1183.699    9.399  500.114    2.311
  23160.00 0.132     724.341       1.521    1940.000       0.000    0.0002    6.676 1143.231    7.089  500.942    2.253
  23220.00 0.133     727.919      10.276    1940.000       0.000    0.0002    5.982  956.725    7.439  496.886    2.480
  23280.00 0.131     718.026      10.466    1940.000       0.000    0.0002    5.083  766.247    6.703  486.711    2.061
  23340.00 0.134     717.632       9.763    1940.000       0.000    0.0002    4.181  734.203    5.466  478.152    1.627
  23400.00 0.143     717.534      10.411    1740.000       0.000    0.0002    3.432  635.492    4.122  472.239    1.348
  23460.00 0.145     706.195      10.370    1500.000       0.000    0.0002    3.025  584.304    3.863  464.006    1.054
  23520.00 0.144     703.661       4.475    1580.000       0.000    0.0002    2.833  314.371    4.516  456.415    1.004
  23580.00 0.146     702.148       8.121    1580.000       0.000    0.0002    2.782  176.038    3.418  452.244    0.894
  23640.00 0.145     702.500       3.412    1620.000       0.000    0.0002    2.909  211.874    3.914  448.495    0.931
  23700.00 0.150     705.546       8.287    1660.000       0.000    0.0002    3.083  205.926    3.619  444.958    0.961
  23760.00 0.146     705.609       4.741    1700.000       0.000    0.0002    3.305  193.190    3.335  444.521    1.129
  23820.00 0.148     699.868       3.328    1660.000       0.000    0.0002    3.567  222.884    3.928  445.069    1.299
  23880.00 0.148     701.516       4.415    1540.000       0.000    0.0002    3.879  254.711    4.468  446.044    1.349
  23940.00 0.151     701.297       5.348    1500.000       0.000    0.0002    4.147  314.363    4.907  448.080    1.280
  24000.00 0.157     697.508       7.819    1460.000       0.000    0.0002    4.330  379.892    5.288  450.351    1.301
  24060.00 0.157     708.087       6.781    1380.000       0.000    0.0002    4.438  453.475    5.774  451.724    1.257
  24120.00 0.158     707.678       8.421    1620.000       0.000    0.0002    4.537  465.104    5.441  452.134    1.378
  24180.00 0.159     699.448       9.755    1500.000       0.000    0.0002    4.625  548.700    5.174  451.690    1.423
  24240.00 0.161     709.833       2.701    1540.000       0.000    0.0002    4.562  543.700    5.522  452.414    1.399
  24300.00 0.161     714.347       6.140    1540.000       0.000    0.0002    4.504  488.050    5.486  454.993    1.357
  24360.00 0.158     709.245      10.139    1540.000       0.000    0.0002    4.442  481.588    6.614  455.509    1.318
  24420.00 0.153     704.089       4.601    1540.000       0.000    0.0002    4.401  541.212    6.232  454.827    1.202
  24480.00 0.153     707.424       9.120    1540.000       0.000    0.0002    4.478  473.689    5.462  456.165    1.504
  24540.00 0.156     709.423       2.777    1500.000       0.000    0.0002    4.576  459.212    6.180  458.028    1.824
  24600.00 0.155     704.606      10.852    1540.000       0.000    0.0002    4.736  544.303    6.523  459.873    2.101
  24660.00 0.142     704.207       8.345    1500.000       0.000    0.0002    4.929  607.840    5.858  461.573    1.444
  24720.00 0.144     701.497      11.293    1620.000       0.000    0.0002    5.162  657.034    6.251  463.943    1.524
  24780.00 0.142     695.334       5.866    1580.000       0.000    0.0002    5.484  626.463    6.380  468.079    1.766
  24840.00 0.145     692.027       7.027    1500.000       0.000    0.0002    5.830  752.029    7.656  473.573    1.951
  24900.00 0.141     687.292       6.771    1460.000       0.000    0.0002    6.285  886.868    7.266  480.483    2.083
  24960.00 0.143     690.359       3.179    1940.000       0.000    0.0002    6.794  832.420    7.684  489.511    1.998
  25020.00 0.144     690.915      11.288    1700.000       0.000    0.0002    7.404  979.915    8.910  499.949    2.113
  25080.00 0.149     688.440       7.291    1940.000       0.000    0.0002    7.832 1217.031    9.768  506.807    2.228
  25140.00 0.149     699.673      10.229    1940.000       0.000    0.0002    7.922 1177.996    9.243  508.150    2.676
  25200.00 0.153     707.656       6.826    1940.000       0.000    0.0002    7.704  931.023    6.573  508.861    1.903
  25260.00 0.153     708.179       2.045    1980.000       0.000    0.0002    7.389  710.152    7.084  513.600    1.887
  25320.00 0.154     712.846       6.677    1940.000       0.000    0.0002    7.284  610.717    7.153  516.065    1.424
  25380.00 0.156     713.063      14.344    1540.000       0.000    0.0002    7.495  433.685    5.688  516.068    1.424
  25440.00 0.162     710.226      10.045    1460.000       0.000    0.0002    8.006  549.686    7.057  520.778    1.789
  25500.00 0.160     711.750       8.737    1540.000       0.000    0.0002    8.830  658.303    7.883  530.103    1.785
  25560.00 0.168     723.115       4.687    1580.000       0.000    0.0002    9.747  930.391    8.258  539.734    1.992
  25620.00 0.175     722.570       8.827    1940.000       0.000    0.0002   10.426  977.492    7.949  546.491    2.058
  25680.00 0.169     737.287       9.206    1940.000       0.000    0.0002   10.824  989.662    7.692  550.366    1.925
  25740.00 0.168     736.739       6.201    1940.000       0.000    0.0002   10.804  816.092    8.398  556.241    1.904
  25800.00 0.170     738.680      13.458    1940.000       0.000    0.0002   10.550 1003.899    7.685  565.024    2.096
  25860.00 0.174     742.917      11.136    1940.000       0.000    0.0002   10.173 1092.984    7.968  570.889    2.172
  25920.00 0.172     739.716       6.071    1940.000       0.000    0.0002    9.856 1102.871    8.615  570.066    2.155
  25980.00 0.169     735.094       7.128    1940.000       0.000    0.0002    9.728  824.600    7.833  569.436    1.965
  26040.00 0.169     733.517       9.465    1940.000       0.000    0.0002    9.791  732.948    8.481  574.440    1.690
  26100.00 0.168     742.554       6.851    1620.000       0.000    0.0002   10.078  705.533    8.116  579.138    2.189
  26160.00 0.175     745.969       7.169    1540.000       0.000    0.0002   10.393  748.460    8.806  579.248    1.991
  26220.00 0.172     751.121       8.142    1580.000       0.000    0.0002   10.426  744.300    8.107  579.681    1.962
  26280.00 0.167     749.474       7.544    1620.000       0.000    0.0002    9.937  780.128    7.883  578.514    2.046
  26340.00 0.175     756.112       4.979    1940.000       0.000    0.0002    9.186  712.740    7.508  571.849    1.831
  26400.00 0.181     764.065       7.376    1940.000       0.000    0.0002    8.462  537.688    6.125  564.419    1.481
  26460.00 0.177     766.979       8.469    1660.000       0.000    0.0002    7.468  439.229    5.487  560.884    1.486
  26520.00 0.176     761.551       5.180    1540.000       0.000    0.0002    6.638  397.209    4.952  553.966    1.338
  26580.00 0.169     755.065       8.023    1540.000       0.000    0.0002    6.204  341.308    4.889  544.491    1.305
  26640.00 0.165     747.101       6.627    1540.000       0.000    0.0002    6.103  357.879    5.233  539.870    1.227
  26700.00 0.157     751.776       6.075    1620.000       0.000    0.0002    6.403  482.469    6.121  540.096    1.430
  26760.00 0.155     738.614      14.992    1460.000       0.000    0.0002    6.858  564.192    6.850  541.000    1.459
  26820.00 0.152     740.769       6.731    1580.000       0.000    0.0002    7.417  651.036    6.436  543.067    1.677
  26880.00 0.149     749.261       7.619    1580.000       0.000    0.0002    8.105  679.280    7.405  548.803    2.073
  26940.00 0.157     746.646       6.988    1660.000       0.000    0.0002    8.640  829.537    8.430  556.445    2.091
  27000.00 0.152     747.564       4.038    1940.000       0.000    0.0002    8.965  963.338    8.643  558.917    2.669
  27060.00 0.147     747.720       7.155    1940.000       0.000    0.0002    8.838  996.389    8.856  555.563    2.181
  27120.00 0.153     751.274       8.057    1940.000       0.000    0.0002    8.205  898.842    5.989  554.684    1.858
  27180.00 0.151     744.013       2.136    1940.000       0.000    0.0002    7.294  488.160    6.328  557.502    1.504
  27240.00 0.149     743.738       9.344    1700.000       0.000    0.0002    6.519  613.791    5.740  556.325    1.336
  27300.00 0.148     753.487       7.961    1580.000       0.000    0.0002    6.057  570.493    5.850  547.156    1.670
  27360.00 0.152     747.279      10.081    1580.000       0.000    0.0002    5.808  521.768    5.825  537.556    1.576
  27420.00 0.156     740.690       5.016    1700.000       0.000    0.0002    5.611  592.564    6.725  532.881    1.685
  27480.00 0.148     728.893      11.967    1620.000       0.000    0.0002    5.458  649.517    6.096  528.647    1.510
  27540.00 0.146     740.467       8.715    1620.000       0.000    0.0002    5.203  553.491    5.149  521.760    1.689
  27600.00 0.148     752.961      10.164    1620.000       0.000    0.0002    4.787  359.902    6.235  515.562    1.289
  27660.00 0.143     758.671       7.019    1580.000       0.000    0.0002    4.252  324.482    6.179  512.330    1.268
  27720.00 0.144     755.525       4.847    1460.000       0.000    0.0002    3.745  313.914    4.806  508.234    1.393
  27780.00 0.135     739.782       6.534    1460.000       0.000    0.0002    3.404  313.697    4.757  501.177    1.263
  27840.00 0.127     743.776       4.894    1420.000       0.000    0.0002    3.180  296.673    4.160  495.131    1.078
  27900.00 0.125     751.462      10.331    1500.000       0.000    0.0002    3.024  371.154    4.960  493.169    1.315
  27960.00 0.126     750.425       9.112    1580.000       0.000    0.0002    2.970  508.925    7.433  492.077    1.652
  28020.00 0.127     746.154       8.538    1460.000       0.000    0.0002    3.042  485.460    6.995  489.759    1.747
  28080.00 0.124     740.079      12.411    1540.000       0.000    0.0002    3.142  541.945    6.667  487.707    1.789
  28140.00 0.118     733.471      12.562    1620.000       0.000    0.0002    3.259  550.412    5.892  485.641    1.511
  28200.00 0.118     717.190       9.835    1500.000       0.000    0.0002    3.349  581.840    5.915  483.792    1.956
  28260.00 0.111     727.982      11.711    1620.000       0.000    0.0002    3.309  374.618    5.173  482.836    1.235
  28320.00 0.117     732.401       7.307    1620.000       0.000    0.0002    3.144  310.357    4.864  482.929    1.190
  28380.00 0.120     724.163       7.265    1540.000       0.000    0.0002    2.977  263.046    4.562  480.895    1.220
  28440.00 0.118     720.124       3.299    1540.000       0.000    0.0002    2.855  284.107    5.233  477.589    1.318
  28500.00 0.121     710.747       5.737    1540.000       0.000    0.0002    2.805  330.033    5.308  477.137    1.361
  28560.00 0.119     708.770       6.721    1500.000       0.000    0.0002    2.817  409.209    5.079  476.403    1.304
  28620.00 0.115     698.983       8.898    1540.000       0.000    0.0002    2.828  473.171    5.028  472.754    1.251
  28680.00 0.115     704.264       1.407    1500.000       0.000    0.0002    2.855  407.299    4.800  469.837    1.172
  28740.00 0.121     705.473      14.004    1540.000       0.000    0.0002    2.883  360.369    4.200  468.797    1.172
  28800.00 0.122     708.942      11.457    1540.000       0.000    0.0002    2.832  306.025    3.805  466.763    1.077
