#  time      cc     z_cbase    z_ctop_avg  z_ctop_max      zi         we   <<ql>>  <<ql>>_max   w_max   tke     ql_max
     60.00 0.000       0.000       0.000       0.000       0.000    0.0002    0.000    0.000    0.192  616.619    0.000
    120.00 0.000       0.000       0.000       0.000       0.000    0.0002    0.000    0.000    0.278  417.090    0.000
    180.00 0.000       0.000       0.000       0.000       0.000    0.0002    0.000    0.000    0.337  300.132    0.000
    240.00 0.000       0.000       0.000       0.000       0.000    0.0002    0.000    0.000    0.301  225.811    0.000
    300.00 0.000       0.000       0.000       0.000       0.000    0.0002    0.000    0.000    0.271  176.602    0.000
    360.00 0.000       0.000       0.000       0.000       0.000    0.0002    0.000    0.000    0.316  143.425    0.000
    420.00 0.000       0.000       0.000       0.000       0.000    0.0002    0.000    0.000    0.343  121.149    0.000
    480.00 0.000       0.000       0.000       0.000       0.000    0.0002    0.000    0.000    0.348  105.739    0.000
    540.00 0.000       0.000       0.000       0.000       0.000    0.0002    0.000    0.000    0.395   93.914    0.000
    600.00 0.000       0.000       0.000       0.000       0.000    0.0002    0.000    0.000    0.417   84.637    0.000
    660.00 0.000       0.000       0.000       0.000       0.000    0.0002    0.000    0.000    0.532   78.075    0.000
    720.00 0.000       0.000       0.000       0.000       0.000    0.0002    0.000    0.000    0.607   73.747    0.000
    780.00 0.000       0.000       0.000       0.000       0.000    0.0002    0.000    0.000    0.633   70.937    0.000
    840.00 0.000       0.000       0.000       0.000       0.000    0.0002    0.000    0.000    0.602   69.163    0.000
    900.00 0.000       0.000       0.000       0.000       0.000    0.0002    0.000    0.000    0.697   67.949    0.000
    960.00 0.000       0.000       0.000       0.000       0.000    0.0002    0.000    0.000    0.751   67.325    0.000
   1020.00 0.000       0.000       0.000       0.000       0.000    0.0002    0.000    0.000    0.736   67.767    0.000
   1080.00 0.000       0.000       0.000       0.000       0.000    0.0002    0.000    0.000    0.699   69.258    0.000
   1140.00 0.000       0.000       0.000       0.000       0.000    0.0002    0.000    0.000    0.733   71.441    0.000
   1200.00 0.001     580.000       0.000     580.000       0.000    0.0002    0.000    0.542    0.777   74.295    0.012
   1260.00 0.002     580.000       0.000     580.000       0.000    0.0002    0.002    3.493    0.887   77.943    0.078
   1320.00 0.003     571.429       0.000     580.000       0.000    0.0002    0.005    4.650    0.942   82.508    0.070
   1380.00 0.007     574.483      20.000     580.000       0.000    0.0002    0.011    5.324    1.050   88.197    0.086
   1440.00 0.013     569.630       0.000     620.000       0.000    0.0002    0.023    6.877    1.113   95.051    0.123
   1500.00 0.021     565.747       0.000     660.000       0.000    0.0002    0.052   10.264    1.230  102.925    0.140
   1560.00 0.038     566.753       3.506     660.000       0.000    0.0002    0.109   20.371    1.526  111.797    0.264
   1620.00 0.051     565.700      13.623     660.000       0.000    0.0002    0.209   37.419    1.856  121.672    0.396
   1680.00 0.072     566.212       3.686     660.000       0.000    0.0002    0.375   56.697    2.052  132.492    0.479
   1740.00 0.093     567.330       6.387     660.000       0.000    0.0002    0.624   77.294    2.514  144.206    0.582
   1800.00 0.107     568.727       4.045     660.000       0.000    0.0002    0.985  106.415    3.010  156.654    0.695
   1860.00 0.126     570.930      12.519     700.000       0.000    0.0002    1.452  129.618    2.899  169.598    0.804
   1920.00 0.141     571.612       5.962     700.000       0.000    0.0002    2.038  166.747    3.354  182.908    0.964
   1980.00 0.151     569.919       5.816     740.000       0.000    0.0002    2.760  216.462    3.725  196.386    1.035
   2040.00 0.161     572.980       7.625     780.000       0.000    0.0002    3.532  254.922    4.485  209.551    1.112
   2100.00 0.171     576.114      12.029     860.000       0.000    0.0002    4.295  328.670    4.710  221.853    1.118
   2160.00 0.184     580.213       5.824    1300.000       0.000    0.0002    5.040  331.502    4.395  232.955    1.128
   2220.00 0.189     583.969       4.742    1300.000       0.000    0.0002    5.665  442.478    4.306  242.728    1.154
   2280.00 0.190     588.443      12.716    1420.000       0.000    0.0002    6.202  424.277    4.145  250.544    1.107
   2340.00 0.193     593.772       6.380    1380.000       0.000    0.0002    6.610  464.955    3.890  256.242    1.133
   2400.00 0.195     597.700       6.625    1380.000       0.000    0.0002    6.921  468.962    4.103  260.040    1.176
   2460.00 0.198     600.370      12.454    1420.000       0.000    0.0002    7.091  452.380    4.252  262.050    1.173
   2520.00 0.193     607.782       6.692    1460.000       0.000    0.0002    7.226  471.389    4.897  262.820    1.318
   2580.00 0.188     606.649       5.247    1500.000       0.000    0.0002    7.416  446.154    4.726  262.695    1.129
   2640.00 0.183     610.253       6.099    1300.000       0.000    0.0002    7.643  386.460    5.174  261.689    1.275
   2700.00 0.178     610.082       4.904    1300.000       0.000    0.0002    7.892  510.059    5.386  260.001    1.186
   2760.00 0.176     615.167       5.722    1300.000       0.000    0.0002    8.091  610.915    5.934  258.597    1.676
   2820.00 0.173     625.819       7.373    1340.000       0.000    0.0002    8.191  781.378    6.645  257.493    1.644
   2880.00 0.168     634.148       8.879    1380.000       0.000    0.0002    8.262 1018.253    6.432  256.756    1.816
   2940.00 0.162     636.133       7.402    1420.000       0.000    0.0002    8.201 1259.566    7.255  255.736    2.133
   3000.00 0.159     645.215       8.221    1580.000       0.000    0.0002    7.896 1343.094    6.166  251.981    2.220
   3060.00 0.152     645.595       4.887    1940.000       0.000    0.0002    7.400 1167.250    6.300  247.166    1.876
   3120.00 0.146     646.577       7.987    1940.000       0.000    0.0002    6.683  914.110    6.240  244.544    1.523
   3180.00 0.141     640.761       9.100    1540.000       0.000    0.0002    5.941  766.403    4.828  239.943    1.425
   3240.00 0.134     644.380       5.438    1460.000       0.000    0.0002    5.131  657.836    5.208  231.912    1.293
   3300.00 0.130     648.625       7.985    1420.000       0.000    0.0002    4.559  587.888    5.823  224.021    1.589
   3360.00 0.126     642.747       7.002    1460.000       0.000    0.0002    4.148  732.762    5.875  217.013    1.741
   3420.00 0.118     646.556       9.378    1420.000       0.000    0.0002    3.895  703.135    5.071  210.434    1.372
   3480.00 0.113     644.536       8.423    1500.000       0.000    0.0002    3.616  609.194    4.190  205.375    1.133
   3540.00 0.104     648.571       9.087    1420.000       0.000    0.0002    3.356  540.339    3.527  202.068    0.986
   3600.00 0.102     652.998       9.113    1420.000       0.000    0.0002    3.102  460.697    3.402  198.466    1.023
   3660.00 0.098     655.920       8.706    1580.000       0.000    0.0002    2.862  456.330    3.595  194.793    1.041
   3720.00 0.101     656.048       4.771    1540.000       0.000    0.0002    2.638  474.988    4.013  192.169    1.132
   3780.00 0.096     650.481       4.304    1420.000       0.000    0.0002    2.449  437.836    4.177  189.751    1.285
   3840.00 0.095     647.969       7.918    1500.000       0.000    0.0002    2.300  440.941    4.120  186.833    1.285
   3900.00 0.092     649.814      10.292    1420.000       0.000    0.0002    2.128  368.025    3.758  184.250    1.203
   3960.00 0.098     645.806       4.814    1420.000       0.000    0.0002    1.860  363.732    3.150  182.298    1.033
   4020.00 0.099     643.960      11.485    1460.000       0.000    0.0002    1.580  312.512    2.681  180.568    0.781
   4080.00 0.101     637.240       8.281    1500.000       0.000    0.0002    1.408  204.877    2.762  179.233    0.898
   4140.00 0.100     628.998      20.880    1420.000       0.000    0.0002    1.383  220.900    3.176  178.826    0.926
   4200.00 0.101     633.495      12.961    1300.000       0.000    0.0002    1.402  225.091    3.076  178.514    0.869
   4260.00 0.099     628.119      10.644    1300.000       0.000    0.0002    1.477  209.753    2.895  177.906    0.810
   4320.00 0.097     629.572       8.514    1300.000       0.000    0.0002    1.563  185.319    3.125  178.004    0.962
   4380.00 0.100     626.667       6.176    1380.000       0.000    0.0002    1.677  225.631    3.402  179.139    1.144
   4440.00 0.100     624.118      10.392    1300.000       0.000    0.0002    1.856  291.754    3.605  180.291    1.110
   4500.00 0.102     617.410       5.420    1300.000       0.000    0.0002    2.043  348.067    3.445  181.172    0.870
   4560.00 0.103     620.855       5.178    1300.000       0.000    0.0002    2.238  389.224    3.605  182.812    1.013
   4620.00 0.106     616.514       7.110    1460.000       0.000    0.0002    2.473  435.578    4.398  185.612    1.234
   4680.00 0.109     611.696       7.277    1300.000       0.000    0.0002    2.718  573.259    5.100  189.089    1.320
   4740.00 0.110     610.973      10.487    1300.000       0.000    0.0002    2.948  721.794    5.815  192.740    1.489
   4800.00 0.114     612.876       5.064    1300.000       0.000    0.0002    3.125  839.655    5.772  196.027    1.740
   4860.00 0.116     615.807       9.853    1340.000       0.000    0.0002    3.238  888.745    6.310  198.310    1.861
   4920.00 0.117     606.889       9.812    1380.000       0.000    0.0002    3.233  779.814    4.845  199.035    1.486
   4980.00 0.119     607.572       6.379    1500.000       0.000    0.0002    3.006  486.467    4.142  199.298    1.326
   5040.00 0.115     609.237       7.712    1460.000       0.000    0.0002    2.726  341.846    4.004  200.605    1.083
   5100.00 0.115     607.034      11.780    1460.000       0.000    0.0002    2.472  233.382    3.459  201.107    1.033
   5160.00 0.118     613.306       7.934    1420.000       0.000    0.0002    2.292  201.016    3.315  200.420    0.868
   5220.00 0.124     616.450       7.653    1460.000       0.000    0.0002    2.290  222.616    3.519  200.365    0.917
   5280.00 0.129     610.057      10.702    1300.000       0.000    0.0002    2.375  264.650    3.746  200.707    0.952
   5340.00 0.131     612.822       9.495    1300.000       0.000    0.0002    2.511  288.511    3.502  201.157    0.893
   5400.00 0.131     614.562      13.073    1300.000       0.000    0.0002    2.712  298.071    3.246  202.640    1.003
   5460.00 0.125     614.353       7.608    1380.000       0.000    0.0002    2.993  289.096    3.917  205.389    1.047
   5520.00 0.123     606.587       7.698    1300.000       0.000    0.0002    3.361  346.804    4.631  208.817    1.153
   5580.00 0.128     607.763       7.075    1300.000       0.000    0.0002    3.749  423.351    4.541  212.333    1.151
   5640.00 0.134     611.810       9.214    1300.000       0.000    0.0002    4.080  446.093    4.313  215.361    1.193
   5700.00 0.132     616.531       6.089    1380.000       0.000    0.0002    4.374  495.284    4.167  217.995    1.016
   5760.00 0.134     619.709       4.727    1380.000       0.000    0.0002    4.603  582.804    4.669  221.392    1.173
   5820.00 0.134     627.505      10.164    1340.000       0.000    0.0002    4.689  589.666    4.834  224.913    1.161
   5880.00 0.140     622.583       4.747    1380.000       0.000    0.0002    4.700  538.765    5.094  227.484    1.375
   5940.00 0.141     622.639       5.556    1380.000       0.000    0.0002    4.630  474.415    5.355  229.136    1.328
   6000.00 0.145     624.722       7.150    1300.000       0.000    0.0002    4.447  395.371    4.337  229.655    1.149
   6060.00 0.146     620.267       3.900    1460.000       0.000    0.0002    4.272  384.349    3.758  229.947    1.069
   6120.00 0.147     625.648       6.246    1500.000       0.000    0.0002    4.136  340.191    3.675  230.791    0.957
   6180.00 0.151     624.903       6.774    1460.000       0.000    0.0002    4.077  355.120    3.988  231.664    1.061
   6240.00 0.147     620.728      12.417    1460.000       0.000    0.0002    4.101  368.375    4.289  232.153    1.098
   6300.00 0.147     613.090       5.482    1300.000       0.000    0.0002    4.182  417.312    4.394  232.607    1.139
   6360.00 0.149     624.118      13.758    1340.000       0.000    0.0002    4.288  449.598    4.186  233.355    1.081
   6420.00 0.148     624.686       4.092    1380.000       0.000    0.0002    4.450  464.715    4.531  234.610    1.217
   6480.00 0.149     626.502       5.353    1300.000       0.000    0.0002    4.557  468.238    4.704  236.218    1.249
   6540.00 0.146     633.980       7.224    1380.000       0.000    0.0002    4.670  429.979    4.101  237.662    1.114
   6600.00 0.149     636.732       7.026    1300.000       0.000    0.0002    4.849  410.927    4.770  238.776    1.065
   6660.00 0.146     643.067       7.433    1380.000       0.000    0.0002    5.106  509.473    5.123  240.412    1.244
   6720.00 0.146     641.000       9.667    1420.000       0.000    0.0002    5.351  615.173    5.382  242.666    1.275
   6780.00 0.150     642.699       5.171    1340.000       0.000    0.0002    5.566  697.956    4.680  244.305    1.318
   6840.00 0.152     647.436       1.058    1380.000       0.000    0.0002    5.690  723.430    5.940  245.610    1.504
   6900.00 0.145     645.068       5.777    1460.000       0.000    0.0002    5.757  815.986    5.648  247.361    1.618
   6960.00 0.141     642.798       5.976    1420.000       0.000    0.0002    5.712  718.152    4.925  248.568    1.348
   7020.00 0.144     652.758       3.959    1460.000       0.000    0.0002    5.499  636.284    5.253  249.500    1.377
   7080.00 0.140     656.643       2.273    1460.000       0.000    0.0002    5.214  545.486    4.743  249.441    1.418
   7140.00 0.134     651.184       9.290    1420.000       0.000    0.0002    4.870  412.172    5.025  247.692    1.336
   7200.00 0.134     659.634       7.934    1380.000       0.000    0.0002    4.576  439.120    5.103  246.534    1.344
   7260.00 0.125     655.234       4.414    1460.000       0.000    0.0002    4.391  535.766    5.904  246.955    1.300
   7320.00 0.128     658.248       4.876    1340.000       0.000    0.0002    4.401  628.131    6.397  248.037    1.503
   7380.00 0.126     654.961       5.581    1420.000       0.000    0.0002    4.510  656.761    6.782  248.566    1.399
   7440.00 0.125     655.331       9.261    1340.000       0.000    0.0002    4.652  712.462    5.138  249.648    1.334
   7500.00 0.127     648.868       5.144    1420.000       0.000    0.0002    4.801  757.773    4.606  251.641    1.632
   7560.00 0.128     646.996      10.000    1420.000       0.000    0.0002    4.906  692.968    4.382  254.100    1.664
   7620.00 0.134     651.403      12.277    1340.000       0.000    0.0002    4.854  578.731    4.395  255.862    1.331
   7680.00 0.139     654.947       4.421    1380.000       0.000    0.0002    4.764  513.059    3.838  256.396    1.007
   7740.00 0.137     654.742       7.922    1420.000       0.000    0.0002    4.700  463.134    4.095  256.261    1.060
   7800.00 0.141     649.740       5.373    1460.000       0.000    0.0002    4.610  395.453    3.785  255.891    1.015
   7860.00 0.144     648.900       5.550    1500.000       0.000    0.0002    4.586  332.073    3.630  255.769    0.977
   7920.00 0.146     646.000       5.167    1340.000       0.000    0.0002    4.631  367.062    4.213  256.052    1.044
   7980.00 0.144     653.356       9.288    1500.000       0.000    0.0002    4.689  426.647    4.647  257.284    1.120
   8040.00 0.146     647.940       7.303    1420.000       0.000    0.0002    4.817  466.535    5.313  259.071    1.166
   8100.00 0.145     641.351       9.459    1380.000       0.000    0.0002    4.981  438.433    4.990  260.698    1.158
   8160.00 0.136     642.047       8.043    1380.000       0.000    0.0002    5.131  515.808    4.622  262.322    1.148
   8220.00 0.135     646.449       3.333    1420.000       0.000    0.0002    5.203  606.282    5.894  264.475    1.331
   8280.00 0.139     651.313       8.126    1380.000       0.000    0.0002    5.229  658.331    6.122  267.330    1.369
   8340.00 0.134     638.394      10.219    1380.000       0.000    0.0002    5.203  590.751    5.791  270.627    1.368
   8400.00 0.135     640.325       3.508    1420.000       0.000    0.0002    5.130  665.667    5.536  272.343    1.633
   8460.00 0.141     636.528      10.938    1460.000       0.000    0.0002    4.908  643.025    4.881  271.982    1.622
   8520.00 0.140     641.888       3.252    1500.000       0.000    0.0002    4.666  561.249    4.764  271.304    1.283
   8580.00 0.141     636.886      11.003    1500.000       0.000    0.0002    4.459  516.619    5.610  271.810    1.220
   8640.00 0.140     635.594       7.832    1500.000       0.000    0.0002    4.380  583.462    6.384  271.985    1.280
   8700.00 0.143     626.427       7.658    1460.000       0.000    0.0002    4.481  692.062    5.920  270.958    1.407
   8760.00 0.142     625.763      11.252    1420.000       0.000    0.0002    4.690  651.392    4.356  270.673    1.249
   8820.00 0.144     628.271       4.814    1380.000       0.000    0.0002    4.905  537.391    5.105  272.443    1.038
   8880.00 0.144     637.589       7.572    1380.000       0.000    0.0002    5.165  606.130    5.457  275.127    1.090
   8940.00 0.148     633.575      11.236    1420.000       0.000    0.0002    5.546  711.092    5.526  278.168    1.306
   9000.00 0.150     634.569       7.772    1420.000       0.000    0.0002    6.079  799.959    5.767  282.383    1.465
   9060.00 0.156     645.204       1.034    1660.000       0.000    0.0002    6.726  863.335    5.516  288.301    1.455
   9120.00 0.150     640.455       9.870    1380.000       0.000    0.0002    7.405  896.384    6.199  295.055    1.567
   9180.00 0.149     646.798       7.488    1380.000       0.000    0.0002    7.900  939.506    6.629  301.285    1.708
   9240.00 0.148     653.927       6.271    1460.000       0.000    0.0002    8.049  951.444    6.437  305.999    1.736
   9300.00 0.143     657.192       4.144    1580.000       0.000    0.0002    7.828  922.746    5.449  307.921    1.696
   9360.00 0.144     654.762       7.619    1540.000       0.000    0.0002    7.292  849.324    4.773  306.715    1.879
   9420.00 0.146     661.733       7.867    1580.000       0.000    0.0002    6.528  692.316    4.589  304.216    1.346
   9480.00 0.143     661.638       2.048    1500.000       0.000    0.0002    5.770  592.453    4.430  301.134    1.209
   9540.00 0.141     670.556       7.813    1460.000       0.000    0.0002    5.139  478.470    4.311  295.071    1.068
   9600.00 0.138     667.845      10.212    1500.000       0.000    0.0002    4.555  395.066    4.508  288.945    1.112
   9660.00 0.131     674.451       3.054    1500.000       0.000    0.0002    4.115  405.465    4.309  285.455    1.049
   9720.00 0.128     663.650       5.095    1420.000       0.000    0.0002    3.875  425.942    4.855  283.575    1.181
   9780.00 0.127     655.692       5.885    1380.000       0.000    0.0002    3.905  542.654    4.828  282.638    1.149
   9840.00 0.127     645.977       6.552    1540.000       0.000    0.0002    4.077  652.345    4.904  283.137    1.244
   9900.00 0.131     656.201      12.849    1420.000       0.000    0.0002    4.349  675.199    4.883  284.098    1.240
   9960.00 0.134     651.782       6.073    1460.000       0.000    0.0002    4.726  670.392    4.570  284.536    1.329
  10020.00 0.135     649.584       7.089    1380.000       0.000    0.0002    5.088  655.606    5.456  285.650    1.263
  10080.00 0.136     655.412       6.380    1380.000       0.000    0.0002    5.322  584.098    5.512  288.344    1.179
  10140.00 0.140     650.244       5.610    1380.000       0.000    0.0002    5.477  560.122    4.687  291.232    1.413
  10200.00 0.143     654.344       3.169    1500.000       0.000    0.0002    5.657  573.818    4.788  292.845    1.566
  10260.00 0.135     646.354       5.668    1460.000       0.000    0.0002    5.860  515.859    6.031  294.796    1.432
  10320.00 0.135     654.991       9.837    1500.000       0.000    0.0002    6.089  689.648    6.403  298.256    1.517
  10380.00 0.133     659.412       8.529    1540.000       0.000    0.0002    6.404  897.841    6.803  302.018    1.651
  10440.00 0.140     661.461       6.713    1460.000       0.000    0.0002    6.703 1080.059    7.647  305.731    2.084
  10500.00 0.137     656.500       3.607    1500.000       0.000    0.0002    7.030 1057.169    6.252  309.662    2.172
  10560.00 0.135     653.874       7.063    1940.000       0.000    0.0002    7.251 1030.004    6.800  314.166    1.640
  10620.00 0.135     653.635      10.524    1660.000       0.000    0.0002    7.478  918.819    7.368  320.315    1.714
  10680.00 0.141     655.579      11.330    1460.000       0.000    0.0002    7.820  921.906    6.734  326.477    1.390
  10740.00 0.141     659.444       6.736    1380.000       0.000    0.0002    8.131  892.802    6.162  330.817    1.383
  10800.00 0.144     668.731      13.706    1460.000       0.000    0.0002    8.479  832.570    6.729  335.396    1.587
  10860.00 0.151     673.657      12.524    1500.000       0.000    0.0002    8.797  976.839    7.110  339.640    1.854
  10920.00 0.148     670.675       5.041    1460.000       0.000    0.0002    9.051  950.407    7.269  342.127    2.106
  10980.00 0.146     679.600       8.867    1540.000       0.000    0.0002    9.043  993.879    6.047  342.443    2.125
  11040.00 0.152     681.029      10.032    1580.000       0.000    0.0002    8.745  789.869    5.790  341.131    1.760
  11100.00 0.147     694.229       5.340    1540.000       0.000    0.0002    8.298  755.921    5.364  342.715    1.572
  11160.00 0.146     690.903      12.943    1580.000       0.000    0.0002    7.695  639.937    4.800  343.361    1.366
  11220.00 0.150     690.879       5.537    1540.000       0.000    0.0002    7.038  573.840    4.799  341.268    1.601
  11280.00 0.148     684.884       8.053    1580.000       0.000    0.0002    6.489  454.119    5.426  338.755    1.571
  11340.00 0.152     674.295       8.269    1620.000       0.000    0.0002    5.981  472.259    5.301  335.103    1.350
  11400.00 0.153     668.448       6.592    1460.000       0.000    0.0002    5.700  532.351    5.848  332.020    1.207
  11460.00 0.153     685.263       8.708    1540.000       0.000    0.0002    5.765  603.899    5.535  331.018    1.337
  11520.00 0.151     661.165       7.605    1460.000       0.000    0.0002    6.176  607.353    5.279  332.350    1.497
  11580.00 0.153     653.482      11.278    1420.000       0.000    0.0002    6.600  649.610    5.580  334.903    1.582
  11640.00 0.155     648.942       8.689    1460.000       0.000    0.0002    6.893  659.036    5.550  337.504    1.547
  11700.00 0.158     667.273       4.869    1380.000       0.000    0.0002    6.986  600.430    5.320  339.187    1.548
  11760.00 0.154     674.494       7.247    1420.000       0.000    0.0002    6.883  579.762    6.003  340.148    1.581
  11820.00 0.154     685.230       5.705    1460.000       0.000    0.0002    6.741  550.555    6.048  341.174    1.536
  11880.00 0.155     690.852       7.287    1500.000       0.000    0.0002    6.593  626.164    7.051  343.355    1.637
  11940.00 0.158     687.920      10.786    1540.000       0.000    0.0002    6.474  758.337    6.586  344.130    1.433
  12000.00 0.161     684.316       3.131    1500.000       0.000    0.0002    6.463  720.084    5.923  342.860    1.498
  12060.00 0.157     678.725       8.989    1500.000       0.000    0.0002    6.397  767.970    7.255  342.033    1.764
  12120.00 0.158     675.170      15.944    1580.000       0.000    0.0002    6.266  760.387    6.377  341.415    1.442
  12180.00 0.156     680.125       4.859    1620.000       0.000    0.0002    6.187  721.104    6.114  340.671    1.518
  12240.00 0.155     691.761       7.704    1540.000       0.000    0.0002    6.183  691.703    5.137  340.245    1.380
  12300.00 0.155     699.685       4.472    1460.000       0.000    0.0002    6.207  491.348    5.236  341.195    1.244
  12360.00 0.150     690.358       6.189    1460.000       0.000    0.0002    6.346  461.150    5.232  343.606    1.510
  12420.00 0.152     693.752      12.335    1500.000       0.000    0.0002    6.653  565.389    6.298  346.368    1.420
  12480.00 0.146     697.651      10.134    1500.000       0.000    0.0002    7.057  656.502    6.393  349.263    1.403
  12540.00 0.146     691.223       7.471    1500.000       0.000    0.0002    7.466  692.268    6.779  352.945    1.654
  12600.00 0.145     685.613       3.597    1500.000       0.000    0.0002    7.786  755.402    7.620  357.802    1.735
  12660.00 0.149     677.180       6.754    1460.000       0.000    0.0002    7.912  925.294    8.836  361.271    2.049
  12720.00 0.147     684.120       7.309    1580.000       0.000    0.0002    7.964  895.435    5.641  362.952    1.363
  12780.00 0.146     678.725       8.356    1460.000       0.000    0.0002    8.065  679.109    6.387  366.412    1.732
  12840.00 0.148     685.653      16.066    1540.000       0.000    0.0002    8.103  679.668    8.071  370.232    1.541
  12900.00 0.148     684.250      10.511    1500.000       0.000    0.0002    8.179  941.941    8.435  374.362    1.882
  12960.00 0.143     690.392       7.019    1500.000       0.000    0.0002    8.419 1091.293    7.998  375.629    2.166
  13020.00 0.148     694.596      10.016    1500.000       0.000    0.0002    8.558 1171.818    7.359  375.994    2.000
  13080.00 0.143     706.370      13.801    1940.000       0.000    0.0002    8.257 1199.065    8.727  377.871    2.302
  13140.00 0.144     713.198       6.125    1940.000       0.000    0.0002    7.414 1005.171    6.051  375.713    1.898
  13200.00 0.135     709.874       9.658    1940.000       0.000    0.0002    6.343  957.344    5.361  372.767    2.137
  13260.00 0.130     702.172       7.004    1500.000       0.000    0.0002    5.528  708.526    5.467  371.524    1.485
  13320.00 0.127     700.231       4.846    1540.000       0.000    0.0002    4.930  509.261    6.275  366.880    1.384
  13380.00 0.120     700.568       6.856    1420.000       0.000    0.0002    4.814  717.842    6.369  361.798    1.465
  13440.00 0.118     687.909       3.602    1420.000       0.000    0.0002    5.062  885.855    7.023  361.708    1.627
  13500.00 0.116     675.949       2.447    1420.000       0.000    0.0002    5.370  951.190    7.501  362.957    1.946
  13560.00 0.122     685.731       5.251    1500.000       0.000    0.0002    5.431 1052.879    6.967  360.746    2.124
  13620.00 0.122     694.731      13.054    1940.000       0.000    0.0002    5.202 1006.655    6.055  357.985    1.606
  13680.00 0.117     695.177      14.262    1940.000       0.000    0.0002    4.844  831.519    6.477  358.968    1.718
  13740.00 0.124     699.763       5.049    1540.000       0.000    0.0002    4.329  629.049    4.858  358.909    1.203
  13800.00 0.130     699.398      12.068    1540.000       0.000    0.0002    3.905  473.827    4.834  353.146    1.192
  13860.00 0.127     692.937       8.023    1500.000       0.000    0.0002    3.550  370.923    4.886  345.752    1.124
  13920.00 0.131     682.910       7.052    1540.000       0.000    0.0002    3.299  312.146    5.341  342.537    1.256
  13980.00 0.127     674.615       2.500    1500.000       0.000    0.0002    3.193  344.165    5.036  342.581    1.244
  14040.00 0.123     659.127       3.929    1540.000       0.000    0.0002    3.290  375.052    5.593  342.406    1.225
  14100.00 0.122     654.880       5.680    1460.000       0.000    0.0002    3.518  427.664    5.608  341.910    1.267
  14160.00 0.124     660.316      13.953    1500.000       0.000    0.0002    3.881  590.500    5.986  343.461    1.342
  14220.00 0.124     666.719       5.613    1460.000       0.000    0.0002    4.267  704.204    5.827  346.720    1.444
  14280.00 0.126     674.054      10.772    1500.000       0.000    0.0002    4.687  828.802    5.235  348.986    1.561
  14340.00 0.125     663.451      18.039    1500.000       0.000    0.0002    5.057  776.694    6.592  350.395    1.488
  14400.00 0.122     660.161       3.976    1420.000       0.000    0.0002    5.272  590.852    5.387  353.417    1.401
  14460.00 0.126     653.114       4.487    1580.000       0.000    0.0002    5.484  539.519    5.565  358.092    1.250
  14520.00 0.131     660.297      12.900    1580.000       0.000    0.0002    5.869  662.463    6.904  362.982    1.643
  14580.00 0.137     666.465       6.643    1540.000       0.000    0.0002    6.413  834.321    6.618  367.381    1.578
  14640.00 0.136     658.564       5.135    1420.000       0.000    0.0002    7.148  792.593    7.585  372.893    1.681
  14700.00 0.142     666.966       9.759    1580.000       0.000    0.0002    7.862  973.111    8.110  380.448    1.732
  14760.00 0.144     684.881      10.542    1660.000       0.000    0.0002    8.300 1137.013    6.936  386.759    2.031
  14820.00 0.144     686.531       6.224    1940.000       0.000    0.0002    8.217 1080.156    6.666  389.875    2.231
  14880.00 0.146     689.664      11.376    1940.000       0.000    0.0002    7.775  878.379    6.674  390.952    2.079
  14940.00 0.146     689.079       2.915    1940.000       0.000    0.0002    7.019  716.806    6.228  392.177    1.530
  15000.00 0.143     698.635       7.918    1460.000       0.000    0.0002    6.180  632.051    7.175  391.671    1.615
  15060.00 0.147     700.133       9.420    1620.000       0.000    0.0002    5.519  516.624    4.704  387.974    1.334
  15120.00 0.147     698.136       5.191    1460.000       0.000    0.0002    5.215  504.041    5.060  380.220    1.232
  15180.00 0.148     688.119       3.300    1460.000       0.000    0.0002    5.170  447.779    5.370  374.925    1.258
  15240.00 0.149     684.575       4.281    1460.000       0.000    0.0002    5.239  394.209    5.005  376.472    1.231
  15300.00 0.142     670.223       6.449    1420.000       0.000    0.0002    5.393  480.986    6.080  378.117    1.376
  15360.00 0.151     686.947       9.305    1540.000       0.000    0.0002    5.554  616.408    5.687  377.980    1.365
  15420.00 0.149     708.066      10.820    1540.000       0.000    0.0002    5.763  717.769    6.497  380.187    1.621
  15480.00 0.148     703.289       7.237    1660.000       0.000    0.0002    6.029  735.442    6.269  385.055    1.740
  15540.00 0.148     683.789       6.227    1500.000       0.000    0.0002    6.417  711.321    7.417  388.640    2.010
  15600.00 0.143     677.329       4.658    1380.000       0.000    0.0002    6.802  872.987    6.953  390.063    1.578
  15660.00 0.131     671.716       6.418    1460.000       0.000    0.0002    7.181 1066.806    7.038  396.094    1.675
  15720.00 0.139     667.958       7.042    1620.000       0.000    0.0002    7.632 1185.873    9.559  405.309    2.294
  15780.00 0.140     673.240       3.798    1940.000       0.000    0.0002    7.979 1298.657    8.516  410.010    2.128
  15840.00 0.143     673.379       9.488    1940.000       0.000    0.0002    8.101 1293.021    9.078  411.562    2.391
  15900.00 0.141     682.083       6.493    1940.000       0.000    0.0002    8.106 1228.094    6.864  416.186    2.111
  15960.00 0.143     682.496      12.103    1940.000       0.000    0.0002    8.004 1045.715    7.702  421.222    1.976
  16020.00 0.146     691.237       3.579    1940.000       0.000    0.0002    7.883  765.101    6.586  420.476    1.909
  16080.00 0.144     695.458       9.424    1620.000       0.000    0.0002    7.716  597.021    6.409  418.105    1.776
  16140.00 0.145     691.731       9.815    1540.000       0.000    0.0002    7.723  719.795    7.334  421.780    1.998
  16200.00 0.151     685.737       8.590    1540.000       0.000    0.0002    8.165  847.000    7.422  428.686    2.170
  16260.00 0.151     689.161       2.871    1940.000       0.000    0.0002    8.700  976.793    7.835  433.681    1.835
  16320.00 0.152     685.769       4.487    1940.000       0.000    0.0002    9.174 1230.650    8.869  441.965    2.373
  16380.00 0.154     686.392       5.759    1940.000       0.000    0.0002    9.532 1592.280    9.197  453.501    2.880
  16440.00 0.147     689.435       4.219    1940.000       0.000    0.0002    9.445 1699.307    9.388  458.022    2.696
  16500.00 0.148     687.657      14.389    2020.000       0.000    0.0002    8.996 1688.407    9.019  455.283    2.644
  16560.00 0.147     680.797       6.445    1980.000       0.000    0.0002    8.152 1793.139    9.759  454.044    2.238
  16620.00 0.147     685.225       2.829    1940.000       0.000    0.0002    7.340 1319.166    8.437  457.653    2.420
  16680.00 0.147     681.395      10.233    1940.000       0.000    0.0002    6.623 1160.278    6.181  457.332    1.793
  16740.00 0.146     683.758       8.993    1940.000       0.000    0.0002    6.209 1037.710    6.703  453.078    1.552
  16800.00 0.148     690.049       7.216    1540.000       0.000    0.0002    6.004  613.947    7.485  446.484    1.544
  16860.00 0.151     689.173       8.298    1500.000       0.000    0.0002    5.895  714.780    7.446  440.360    1.611
  16920.00 0.150     688.182      11.299    1460.000       0.000    0.0002    5.891  873.044    7.249  436.834    1.872
  16980.00 0.148     685.832       6.458    1660.000       0.000    0.0002    6.076  754.364    7.298  433.772    1.897
  17040.00 0.149     699.869       1.938    1780.000       0.000    0.0002    6.454  752.313    6.449  432.591    2.077
  17100.00 0.153     717.325      10.987    1940.000       0.000    0.0002    6.946  857.224    7.981  434.110    1.785
  17160.00 0.156     720.469      10.078    1540.000       0.000    0.0002    7.356  881.877    7.714  437.659    1.742
  17220.00 0.155     707.319       9.306    1540.000       0.000    0.0002    7.674 1002.771    7.153  440.669    1.807
  17280.00 0.157     696.012       4.268    1940.000       0.000    0.0002    7.941  968.705    5.615  441.388    1.919
  17340.00 0.151     705.935      10.097    1940.000       0.000    0.0002    7.972  656.998    5.649  442.312    1.671
  17400.00 0.146     703.612      10.268    1660.000       0.000    0.0002    8.179  643.337    6.556  449.902    1.603
  17460.00 0.149     697.311       6.262    1500.000       0.000    0.0002    8.465  730.925    6.705  458.378    1.895
  17520.00 0.150     706.906       9.511    1620.000       0.000    0.0002    8.903  802.229    7.446  459.819    1.908
  17580.00 0.144     711.633       5.238    1940.000       0.000    0.0002    9.292  983.449    8.764  460.021    2.160
  17640.00 0.144     713.266      10.355    1940.000       0.000    0.0002    9.566 1099.917    8.146  466.774    1.982
  17700.00 0.145     702.162       8.041    1940.000       0.000    0.0002    9.833 1247.540   10.081  476.170    2.410
  17760.00 0.152     708.502      12.110    1940.000       0.000    0.0002    9.926 1557.122    8.022  480.957    2.382
  17820.00 0.147     704.437      10.099    1940.000       0.000    0.0002    9.989 1288.313    7.298  483.662    2.085
  17880.00 0.149     695.882       7.582    2020.000       0.000    0.0002   10.082 1046.754    7.429  490.462    2.053
  17940.00 0.146     700.667       8.133    1940.000       0.000    0.0002    9.763  881.393    8.833  492.136    1.958
  18000.00 0.150     703.062       4.919    1940.000       0.000    0.0002    9.144  888.946    7.254  485.721    2.379
  18060.00 0.149     694.548      10.213    1940.000       0.000    0.0002    8.464  693.466    6.278  480.617    1.452
  18120.00 0.152     700.193       5.338    1940.000       0.000    0.0002    7.939  952.916    7.684  479.799    1.696
  18180.00 0.153     705.614       9.952    1580.000       0.000    0.0002    7.594  876.659    6.105  476.808    1.619
  18240.00 0.149     692.275      11.718    1540.000       0.000    0.0002    7.610  885.845    7.602  469.857    1.747
  18300.00 0.146     702.685      10.839    1660.000       0.000    0.0002    7.828  946.889    6.785  462.055    1.681
  18360.00 0.144     701.559      11.390    1620.000       0.000    0.0002    7.855  913.607    7.818  459.657    2.038
  18420.00 0.143     711.263      12.901    1940.000       0.000    0.0002    7.636 1121.127    7.263  459.565    2.121
  18480.00 0.143     715.685       3.904    1940.000       0.000    0.0002    7.242 1056.286    6.161  457.206    1.991
  18540.00 0.144     717.279      10.000    1940.000       0.000    0.0002    6.675  743.439    5.946  454.899    1.540
  18600.00 0.148     716.926       8.595    1700.000       0.000    0.0002    6.331  551.847    5.022  452.930    1.192
  18660.00 0.151     728.479       8.511    1540.000       0.000    0.0002    5.964  459.427    4.726  446.455    1.468
  18720.00 0.152     737.756      11.827    1580.000       0.000    0.0002    5.667  398.043    6.006  438.643    1.400
  18780.00 0.148     732.883       7.249    1500.000       0.000    0.0002    5.512  469.508    6.408  435.563    1.293
  18840.00 0.149     734.483       8.539    1540.000       0.000    0.0002    5.369  520.744    5.529  437.060    1.291
  18900.00 0.156     732.375      10.688    1420.000       0.000    0.0002    5.163  512.328    5.633  437.193    1.483
  18960.00 0.160     732.866       7.439    1500.000       0.000    0.0002    4.858  451.603    5.320  433.023    1.325
  19020.00 0.151     732.674      12.285    1500.000       0.000    0.0002    4.636  398.073    4.898  428.497    1.111
  19080.00 0.144     720.575       7.242    1580.000       0.000    0.0002    4.426  370.846    5.515  427.333    1.252
  19140.00 0.144     723.350      11.100    1540.000       0.000    0.0002    4.304  421.553    6.096  428.186    1.400
  19200.00 0.143     716.519       7.372    1540.000       0.000    0.0002    4.193  514.891    6.139  428.039    1.503
  19260.00 0.143     712.198       5.724    1580.000       0.000    0.0002    4.181  634.764    7.328  427.144    1.672
  19320.00 0.138     709.682       3.852    1540.000       0.000    0.0002    4.259  787.657    6.520  427.067    1.490
  19380.00 0.141     704.421       9.948    1500.000       0.000    0.0002    4.349  897.981    7.277  427.456    1.870
  19440.00 0.135     695.596       9.350    1940.000       0.000    0.0002    4.421  840.010    7.224  427.401    1.920
  19500.00 0.135     686.546       5.823    1940.000       0.000    0.0002    4.426  642.921    6.864  428.347    1.712
  19560.00 0.135     671.180       9.982    1700.000       0.000    0.0002    4.492  599.591    6.621  431.119    1.708
  19620.00 0.141     672.083       6.910    1660.000       0.000    0.0002    4.631  733.712    5.840  431.470    1.657
  19680.00 0.140     675.722       7.026    1460.000       0.000    0.0002    4.711  675.042    5.771  428.959    1.862
  19740.00 0.138     679.717       7.279    1660.000       0.000    0.0002    4.751  528.770    5.096  427.502    1.671
  19800.00 0.142     681.201       9.400    1540.000       0.000    0.0002    4.733  377.682    5.573  428.272    1.403
  19860.00 0.149     684.026       7.005    1580.000       0.000    0.0002    4.704  455.129    6.542  428.366    1.328
  19920.00 0.156     680.157       9.576    1460.000       0.000    0.0002    4.723  451.911    6.082  425.526    1.309
  19980.00 0.158     683.359       8.906    1540.000       0.000    0.0002    4.724  568.855    6.814  421.978    1.629
  20040.00 0.157     687.788       5.670    1500.000       0.000    0.0002    4.540  601.336    6.418  420.819    1.577
  20100.00 0.154     691.733       6.423    1660.000       0.000    0.0002    4.308  497.666    6.091  419.179    1.226
  20160.00 0.149     689.394       7.201    1500.000       0.000    0.0002    4.075  311.222    5.914  416.466    1.164
  20220.00 0.150     693.691      13.106    1540.000       0.000    0.0002    3.866  319.394    4.783  414.246    1.181
  20280.00 0.142     692.990      10.103    1460.000       0.000    0.0002    3.712  353.194    5.005  411.312    1.190
  20340.00 0.139     703.445       7.170    1580.000       0.000    0.0002    3.608  316.574    4.195  407.055    1.005
  20400.00 0.143     702.803       9.128    1500.000       0.000    0.0002    3.503  202.955    4.054  403.746    1.023
  20460.00 0.138     708.693      10.212    1500.000       0.000    0.0002    3.454  224.136    4.226  402.427    1.050
  20520.00 0.131     709.236       7.970    1460.000       0.000    0.0002    3.472  273.724    5.151  402.229    1.090
  20580.00 0.130     712.458       9.606    1460.000       0.000    0.0002    3.656  352.958    5.590  403.722    1.243
  20640.00 0.126     705.803       8.975    1460.000       0.000    0.0002    3.993  389.346    6.049  406.499    1.462
  20700.00 0.123     697.540      10.873    1500.000       0.000    0.0002    4.370  405.537    5.879  409.701    1.501
  20760.00 0.128     702.061       8.015    1460.000       0.000    0.0002    4.785  427.464    5.862  412.549    1.443
  20820.00 0.127     704.085       4.046    1540.000       0.000    0.0002    5.126  542.633    6.951  415.590    1.811
  20880.00 0.127     716.782       5.977    1500.000       0.000    0.0002    5.307  554.570    7.088  419.356    1.670
  20940.00 0.126     722.317       8.880    1460.000       0.000    0.0002    5.369  613.301    7.467  421.859    1.639
  21000.00 0.129     715.577       6.465    1540.000       0.000    0.0002    5.178  498.973    5.349  421.667    1.503
  21060.00 0.127     707.245      11.098    1540.000       0.000    0.0002    4.884  457.558    6.213  422.406    1.682
  21120.00 0.127     718.420       9.942    1540.000       0.000    0.0002    4.636  500.354    5.767  424.145    1.541
  21180.00 0.130     706.391       2.180    1500.000       0.000    0.0002    4.465  453.375    5.855  423.595    1.647
  21240.00 0.132     707.704       8.852    1380.000       0.000    0.0002    4.351  549.338    6.687  421.413    1.363
  21300.00 0.131     705.279      14.424    1460.000       0.000    0.0002    4.183  524.358    6.889  419.830    1.427
  21360.00 0.135     696.823       7.365    1460.000       0.000    0.0002    4.051  666.033    6.476  419.621    1.538
  21420.00 0.136     695.412       7.491    1420.000       0.000    0.0002    4.013  711.941    5.819  419.203    1.493
  21480.00 0.137     686.000       3.179    1500.000       0.000    0.0002    3.857  640.628    5.674  418.034    1.424
  21540.00 0.141     681.667       5.938    1660.000       0.000    0.0002    3.661  614.764    6.027  417.737    1.462
  21600.00 0.138     686.596       7.372    1580.000       0.000    0.0002    3.496  747.676    7.337  417.960    1.709
  21660.00 0.138     685.583       4.770    1580.000       0.000    0.0002    3.301  755.633    6.379  417.178    1.539
  21720.00 0.131     672.935      11.701    1740.000       0.000    0.0002    3.218  654.184    5.312  415.454    1.690
  21780.00 0.132     669.889       3.727    1580.000       0.000    0.0002    3.204  530.249    5.402  413.380    1.598
  21840.00 0.135     672.536       4.565    1580.000       0.000    0.0002    3.252  403.623    6.455  413.710    1.338
  21900.00 0.146     684.791      16.214    1540.000       0.000    0.0002    3.430  474.540    6.763  415.504    1.336
  21960.00 0.145     678.347       2.496    1540.000       0.000    0.0002    3.702  538.422    6.644  417.799    1.503
  22020.00 0.148     685.173       9.390    1420.000       0.000    0.0002    4.087  579.801    6.134  421.389    1.493
  22080.00 0.153     693.216       8.416    1380.000       0.000    0.0002    4.561  620.295    6.045  424.705    1.661
  22140.00 0.147     698.543       8.046    1460.000       0.000    0.0002    5.037  627.243    6.082  426.922    1.600
  22200.00 0.150     698.182       7.143    1580.000       0.000    0.0002    5.451  494.426    6.685  430.451    1.272
  22260.00 0.151     704.733       5.381    1540.000       0.000    0.0002    5.896  480.396    5.729  436.511    1.395
  22320.00 0.149     710.540      11.620    1500.000       0.000    0.0002    6.308  598.028    6.869  444.170    1.509
  22380.00 0.154     709.285       6.995    1460.000       0.000    0.0002    6.886  607.410    7.527  453.201    1.590
  22440.00 0.157     709.984       8.496    1460.000       0.000    0.0002    7.442  623.171    8.665  463.186    1.615
  22500.00 0.156     696.318       8.424    1460.000       0.000    0.0002    8.042  695.960    8.082  472.737    1.883
  22560.00 0.157     698.574       5.302    1500.000       0.000    0.0002    8.490  750.424    7.956  479.741    1.911
  22620.00 0.163     702.750      11.480    1500.000       0.000    0.0002    8.795  685.221    7.356  486.086    1.954
  22680.00 0.172     712.255       8.681    1540.000       0.000    0.0002    9.062  660.905    6.954  493.097    1.855
  22740.00 0.171     716.034       4.822    1620.000       0.000    0.0002    9.247  815.650    7.455  496.658    1.766
  22800.00 0.169     719.509       6.234    1580.000       0.000    0.0002    9.354  675.929    6.830  501.967    1.611
  22860.00 0.174     714.346       7.989    1580.000       0.000    0.0002    9.777  785.666    9.893  511.973    2.022
  22920.00 0.179     722.404       5.000    1540.000       0.000    0.0002   10.247 1010.391    9.437  521.063    1.883
  22980.00 0.181     723.266       6.478    1540.000       0.000    0.0002   10.816  993.818    8.886  527.768    2.234
  23040.00 0.185     726.508       3.042    1460.000       0.000    0.0002   11.578 1010.672    7.804  534.296    1.790
  23100.00 0.187     732.960       5.580    1500.000       0.000    0.0002   12.410  744.645    7.383  543.003    2.071
  23160.00 0.186     746.824       5.512    1940.000       0.000    0.0002   13.142  911.362    7.844  555.214    1.974
  23220.00 0.191     747.092       4.260    1740.000       0.000    0.0002   13.915 1148.623    8.610  570.895    2.281
  23280.00 0.188     753.542       6.432    1940.000       0.000    0.0002   14.495 1465.891    9.463  583.748    2.677
  23340.00 0.185     754.967       6.877    1940.000       0.000    0.0002   14.516 1647.088    9.458  584.715    2.880
  23400.00 0.188     762.124       9.119    1980.000       0.000    0.0002   13.728 1570.378    7.466  578.554    2.486
  23460.00 0.185     753.456       8.734    1940.000       0.000    0.0002   12.153 1127.086    6.983  576.434    1.897
  23520.00 0.189     760.129       6.546    1940.000       0.000    0.0002   10.438  618.571    6.046  579.491    1.701
  23580.00 0.187     763.948       5.333    1620.000       0.000    0.0002    8.757  473.005    6.844  570.742    1.582
  23640.00 0.182     757.403      11.138    1580.000       0.000    0.0002    7.486  486.849    6.584  547.784    1.419
  23700.00 0.174     747.640       8.399    1540.000       0.000    0.0002    6.858  435.080    5.675  529.238    1.424
  23760.00 0.170     749.182       8.436    1540.000       0.000    0.0002    6.532  533.017    5.318  523.087    1.388
  23820.00 0.163     740.658       7.803    1540.000       0.000    0.0002    6.434  563.037    5.827  520.604    1.433
  23880.00 0.160     750.626       4.000    1660.000       0.000    0.0002    6.523  641.470    6.230  516.103    1.584
  23940.00 0.154     748.013       6.614    1620.000       0.000    0.0002    6.774  667.617    7.237  512.399    1.885
  24000.00 0.160     749.466      12.183    1660.000       0.000    0.0002    7.083  747.592    7.515  511.927    1.807
  24060.00 0.158     749.274       2.473    1540.000       0.000    0.0002    7.229  753.320    7.662  512.304    1.518
  24120.00 0.156     751.357       8.799    1580.000       0.000    0.0002    7.252  765.938    6.108  510.381    1.500
  24180.00 0.152     745.089      18.357    1540.000       0.000    0.0002    7.112  770.184    6.851  507.547    1.640
  24240.00 0.155     752.050       4.038    1660.000       0.000    0.0002    6.671  617.682    7.016  505.116    1.832
  24300.00 0.158     744.383       6.759    1620.000       0.000    0.0002    6.109  642.702    7.516  501.230    1.729
  24360.00 0.156     748.313       6.094    1540.000       0.000    0.0002    5.449  579.659    6.371  494.691    1.738
  24420.00 0.151     741.032      14.419    1540.000       0.000    0.0002    4.786  502.210    6.184  486.886    1.738
  24480.00 0.149     734.173       2.979    1540.000       0.000    0.0002    4.203  446.928    4.539  479.187    1.355
  24540.00 0.143     723.973       0.000    1540.000       0.000    0.0002    3.561  358.324    4.694  473.611    1.119
  24600.00 0.141     720.347      11.042    1700.000       0.000    0.0002    3.051  332.240    4.654  469.533    0.998
  24660.00 0.134     716.945       3.418    1540.000       0.000    0.0002    2.768  297.965    4.635  464.872    1.149
  24720.00 0.137     728.734      14.545    1620.000       0.000    0.0002    2.692  376.749    5.695  459.719    1.205
  24780.00 0.130     729.043       7.317    1540.000       0.000    0.0002    2.752  388.583    5.954  455.566    1.194
  24840.00 0.128     721.977      11.255    1540.000       0.000    0.0002    2.812  368.575    5.333  453.225    1.194
  24900.00 0.126     725.320       6.408    1620.000       0.000    0.0002    2.801  282.811    5.388  451.094    1.253
  24960.00 0.139     733.239      11.479    1540.000       0.000    0.0002    2.767  258.961    4.308  447.820    1.182
  25020.00 0.139     728.893      10.826    1620.000       0.000    0.0002    2.742  262.816    4.337  444.672    1.107
  25080.00 0.134     715.082       9.872    1460.000       0.000    0.0002    2.893  308.716    4.504  443.579    1.142
  25140.00 0.128     701.065       9.392    1420.000       0.000    0.0002    3.150  328.091    5.573  443.926    1.340
  25200.00 0.125     695.851      12.055    1540.000       0.000    0.0002    3.579  408.159    6.224  446.120    1.366
  25260.00 0.120     696.253      10.876    1500.000       0.000    0.0002    4.059  468.428    6.146  450.744    1.490
  25320.00 0.122     709.120       5.920    1460.000       0.000    0.0002    4.524  495.003    6.213  455.771    1.574
  25380.00 0.129     713.788       1.250    1580.000       0.000    0.0002    4.902  601.909    5.708  457.780    1.459
  25440.00 0.127     716.200       7.601    1460.000       0.000    0.0002    5.089  566.227    5.475  458.819    1.389
  25500.00 0.130     726.867       3.565    1460.000       0.000    0.0002    5.210  447.719    5.358  461.587    1.401
  25560.00 0.131     722.197       2.607    1460.000       0.000    0.0002    5.348  465.121    6.488  463.690    1.461
  25620.00 0.133     733.114       7.546    1660.000       0.000    0.0002    5.510  553.490    7.096  463.830    1.634
  25680.00 0.138     742.624       2.199    1500.000       0.000    0.0002    5.676  652.336    6.936  464.785    1.720
  25740.00 0.137     740.142      10.302    1500.000       0.000    0.0002    5.733  793.541    8.353  467.344    1.827
  25800.00 0.132     753.704       8.556    1460.000       0.000    0.0002    5.702  893.657    6.715  469.074    2.061
  25860.00 0.127     743.154       7.500    1940.000       0.000    0.0002    5.574  771.649    6.403  468.784    2.035
  25920.00 0.128     743.817       4.008    1980.000       0.000    0.0002    5.348  576.898    7.130  469.423    1.696
  25980.00 0.129     741.358       8.038    1660.000       0.000    0.0002    5.162  607.372    6.173  472.137    1.526
  26040.00 0.128     740.837       7.490    1620.000       0.000    0.0002    4.908  620.205    6.735  470.115    1.727
  26100.00 0.125     727.160      14.981    1580.000       0.000    0.0002    4.587  648.567    6.879  462.926    1.604
  26160.00 0.131     726.194      10.336    1620.000       0.000    0.0002    4.280  568.779    6.112  456.958    1.466
  26220.00 0.139     722.277       8.967    1580.000       0.000    0.0002    3.967  470.305    4.370  453.872    1.397
  26280.00 0.136     726.619      12.379    1540.000       0.000    0.0002    3.667  368.546    4.479  451.733    1.178
  26340.00 0.135     708.881       6.859    1540.000       0.000    0.0002    3.410  436.458    5.206  448.734    1.217
  26400.00 0.145     708.202       9.950    1500.000       0.000    0.0002    3.188  397.788    5.333  446.135    1.278
  26460.00 0.140     708.237       7.260    1460.000       0.000    0.0002    3.137  329.369    5.413  443.181    1.404
  26520.00 0.142     710.447       6.289    1460.000       0.000    0.0002    3.128  311.984    4.860  439.658    1.191
  26580.00 0.141     711.806       3.368    1500.000       0.000    0.0002    3.166  278.175    3.612  438.374    1.001
  26640.00 0.144     703.333       9.932    1620.000       0.000    0.0002    3.324  322.130    5.131  439.263    1.368
  26700.00 0.145     706.936       1.953    1460.000       0.000    0.0002    3.585  432.900    5.989  440.604    1.446
  26760.00 0.145     700.743      11.385    1460.000       0.000    0.0002    4.003  545.550    6.849  442.591    1.616
  26820.00 0.136     706.297      10.411    1420.000       0.000    0.0002    4.522  613.478    7.170  445.150    1.717
  26880.00 0.139     712.750      11.664    1540.000       0.000    0.0002    4.916  513.497    6.116  446.813    1.586
  26940.00 0.140     722.718       8.188    1580.000       0.000    0.0002    5.168  444.327    5.850  449.767    1.490
  27000.00 0.151     731.456       8.252    1500.000       0.000    0.0002    5.455  490.582    6.874  457.076    1.519
  27060.00 0.142     732.027       8.351    1540.000       0.000    0.0002    5.793  725.333    8.069  466.906    1.747
  27120.00 0.138     725.795       7.208    1540.000       0.000    0.0002    6.368 1042.749    9.950  478.177    2.000
  27180.00 0.144     738.847       5.797    1500.000       0.000    0.0002    7.017 1532.428    9.837  491.004    2.603
  27240.00 0.140     732.765       5.739    1940.000       0.000    0.0002    7.363 1811.782    9.441  498.965    2.757
  27300.00 0.139     724.140       4.982    1940.000       0.000    0.0002    7.292 1746.645   10.453  498.068    2.814
  27360.00 0.143     729.949       4.855    1940.000       0.000    0.0002    6.800 1492.838    7.136  500.334    2.290
  27420.00 0.143     727.740       9.178    1940.000       0.000    0.0002    6.288  880.265    6.794  512.001    1.780
  27480.00 0.141     718.648       8.631    1940.000       0.000    0.0002    5.871  652.705    7.826  516.788    1.870
  27540.00 0.151     720.710       7.129    1620.000       0.000    0.0002    5.738  751.011    8.431  508.290    1.820
  27600.00 0.143     707.428       8.586    1940.000       0.000    0.0002    5.836  788.011    7.483  499.912    2.334
  27660.00 0.155     711.654       7.370    1940.000       0.000    0.0002    5.875  759.706    5.604  499.331    1.945
  27720.00 0.150     713.876       6.775    1940.000       0.000    0.0002    5.807  588.680    5.683  503.351    1.688
  27780.00 0.157     717.294       5.692    1660.000       0.000    0.0002    5.856  456.853    5.488  503.605    1.312
  27840.00 0.161     730.439       6.354    1580.000       0.000    0.0002    6.216  532.248    5.273  501.215    1.338
  27900.00 0.167     742.874       8.534    1700.000       0.000    0.0002    6.770  488.760    5.627  502.751    1.317
  27960.00 0.170     757.989      10.661    1580.000       0.000    0.0002    7.390  479.093    5.968  510.318    1.295
  28020.00 0.169     764.023       9.465    1580.000       0.000    0.0002    8.045  485.740    6.498  516.826    1.538
  28080.00 0.172     768.750      10.256    1660.000       0.000    0.0002    8.624  502.378    6.592  522.242    1.477
  28140.00 0.166     759.176       7.353    1540.000       0.000    0.0002    9.284  492.197    5.981  531.357    1.615
  28200.00 0.170     777.249       6.963    1660.000       0.000    0.0002    9.977  580.249    7.404  542.586    2.005
  28260.00 0.177     790.678       7.275    1540.000       0.000    0.0002   10.653  749.315    8.228  555.799    2.082
  28320.00 0.175     789.790       9.007    1540.000       0.000    0.0002   11.288  721.211    8.313  568.894    2.154
  28380.00 0.167     780.466      13.411    1580.000       0.000    0.0002   11.852  881.289    8.515  579.893    2.012
  28440.00 0.164     781.189       6.211    1540.000       0.000    0.0002   12.232  936.441    8.574  590.133    2.471
  28500.00 0.162     780.301       7.651    1940.000       0.000    0.0002   12.269 1034.216    8.360  596.615    2.064
  28560.00 0.158     768.889       5.833    1940.000       0.000    0.0002   12.013  971.582    8.436  601.823    1.950
  28620.00 0.154     783.797      14.051    1940.000       0.000    0.0002   11.296  976.499    8.251  606.024    1.863
  28680.00 0.148     785.592       5.428    1940.000       0.000    0.0002   10.471 1084.611    8.417  603.903    2.165
  28740.00 0.152     762.444       9.068    1940.000       0.000    0.0002    9.827 1039.902    7.967  594.194    2.335
  28800.00 0.159     755.791      19.140    1940.000       0.000    0.0002    9.404  754.855    6.366  587.234    2.024
