#  time      cc     z_cbase    z_ctop_avg  z_ctop_max      zi         we   <<ql>>  <<ql>>_max   w_max   tke     ql_max
     60.00 0.000       0.000       0.000       0.000       0.000    0.0002    0.000    0.000    0.187  616.597    0.000
    120.00 0.000       0.000       0.000       0.000       0.000    0.0002    0.000    0.000    0.284  417.062    0.000
    180.00 0.000       0.000       0.000       0.000       0.000    0.0002    0.000    0.000    0.353  300.112    0.000
    240.00 0.000       0.000       0.000       0.000       0.000    0.0002    0.000    0.000    0.289  225.784    0.000
    300.00 0.000       0.000       0.000       0.000       0.000    0.0002    0.000    0.000    0.239  176.549    0.000
    360.00 0.000       0.000       0.000       0.000       0.000    0.0002    0.000    0.000    0.258  143.365    0.000
    420.00 0.000       0.000       0.000       0.000       0.000    0.0002    0.000    0.000    0.301  121.115    0.000
    480.00 0.000       0.000       0.000       0.000       0.000    0.0002    0.000    0.000    0.335  105.721    0.000
    540.00 0.000       0.000       0.000       0.000       0.000    0.0002    0.000    0.000    0.361   93.882    0.000
    600.00 0.000       0.000       0.000       0.000       0.000    0.0002    0.000    0.000    0.391   84.577    0.000
    660.00 0.000       0.000       0.000       0.000       0.000    0.0002    0.000    0.000    0.425   77.992    0.000
    720.00 0.000       0.000       0.000       0.000       0.000    0.0002    0.000    0.000    0.452   73.658    0.000
    780.00 0.000       0.000       0.000       0.000       0.000    0.0002    0.000    0.000    0.520   70.850    0.000
    840.00 0.000       0.000       0.000       0.000       0.000    0.0002    0.000    0.000    0.559   69.066    0.000
    900.00 0.000       0.000       0.000       0.000       0.000    0.0002    0.000    0.000    0.626   67.818    0.000
    960.00 0.000       0.000       0.000       0.000       0.000    0.0002    0.000    0.000    0.719   67.146    0.000
   1020.00 0.000       0.000       0.000       0.000       0.000    0.0002    0.000    0.000    0.769   67.558    0.000
   1080.00 0.000       0.000       0.000       0.000       0.000    0.0002    0.000    0.000    0.776   69.054    0.000
   1140.00 0.000       0.000       0.000       0.000       0.000    0.0002    0.000    0.000    0.807   71.240    0.000
   1200.00 0.000       0.000       0.000       0.000       0.000    0.0002    0.000    0.000    0.852   74.080    0.000
   1260.00 0.001     566.667       0.000     580.000       0.000    0.0002    0.001    2.705    0.926   77.723    0.061
   1320.00 0.001     573.333       0.000     580.000       0.000    0.0002    0.003    6.227    0.976   82.288    0.081
   1380.00 0.004     564.444       0.000     580.000       0.000    0.0002    0.008    7.919    1.052   87.990    0.134
   1440.00 0.012     563.673       0.000     660.000       0.000    0.0002    0.024   12.106    1.086   94.918    0.180
   1500.00 0.024     566.800       0.000     660.000       0.000    0.0002    0.064   18.320    1.227  102.922    0.242
   1560.00 0.038     564.935      15.065     660.000       0.000    0.0002    0.136   26.309    1.461  111.960    0.245
   1620.00 0.051     566.794       7.943     660.000       0.000    0.0002    0.258   34.068    1.682  122.103    0.331
   1680.00 0.068     566.810      10.108     660.000       0.000    0.0002    0.443   52.368    1.805  133.294    0.449
   1740.00 0.090     567.751       5.962     740.000       0.000    0.0002    0.723   73.666    2.193  145.432    0.550
   1800.00 0.106     569.609       9.241     700.000       0.000    0.0002    1.113   88.849    2.494  158.363    0.687
   1860.00 0.121     569.597       7.419     740.000       0.000    0.0002    1.626  124.640    2.942  171.848    0.832
   1920.00 0.137     571.616       1.989     820.000       0.000    0.0002    2.281  184.567    3.192  185.709    0.923
   1980.00 0.151     570.759       8.627     820.000       0.000    0.0002    3.050  239.211    4.222  199.738    1.084
   2040.00 0.160     571.939      10.656     860.000       0.000    0.0002    3.906  276.417    4.558  213.457    1.067
   2100.00 0.168     573.333       8.145    1300.000       0.000    0.0002    4.818  325.717    4.447  226.528    1.206
   2160.00 0.172     580.624       8.142    1300.000       0.000    0.0002    5.705  396.969    4.800  238.599    1.221
   2220.00 0.181     585.553       6.226    1300.000       0.000    0.0002    6.553  493.324    4.411  249.362    1.248
   2280.00 0.184     589.402       6.799    1340.000       0.000    0.0002    7.309  578.590    4.760  258.483    1.215
   2340.00 0.187     594.863       4.042    1420.000       0.000    0.0002    7.828  594.046    4.640  265.734    1.445
   2400.00 0.188     599.298       4.681    1300.000       0.000    0.0002    8.127  614.225    5.594  270.728    1.544
   2460.00 0.193     604.000      10.709    1300.000       0.000    0.0002    8.155  678.835    5.802  273.047    1.630
   2520.00 0.194     614.509       5.819    1380.000       0.000    0.0002    7.936  685.767    5.707  272.597    1.559
   2580.00 0.190     619.075       8.612    1380.000       0.000    0.0002    7.597  579.382    4.150  270.187    1.457
   2640.00 0.186     621.684       8.289    1660.000       0.000    0.0002    7.078  386.841    3.880  266.449    1.464
   2700.00 0.185     623.162       7.773    1380.000       0.000    0.0002    6.540  402.621    4.351  262.593    1.195
   2760.00 0.173     625.134       8.491    1420.000       0.000    0.0002    6.062  453.199    4.643  257.208    1.341
   2820.00 0.174     621.348       6.236    1340.000       0.000    0.0002    5.673  457.893    3.848  249.296    1.020
   2880.00 0.177     624.127      10.646    1380.000       0.000    0.0002    5.342  414.875    3.864  241.563    1.036
   2940.00 0.170     623.391       5.632    1340.000       0.000    0.0002    5.050  340.923    4.121  235.023    1.153
   3000.00 0.164     625.714       7.887    1380.000       0.000    0.0002    4.738  343.238    4.620  228.762    1.247
   3060.00 0.157     635.752       5.426    1500.000       0.000    0.0002    4.562  434.775    4.782  223.106    1.207
   3120.00 0.157     633.645      10.592    1420.000       0.000    0.0002    4.443  489.865    4.718  217.971    1.252
   3180.00 0.148     633.684       4.342    1540.000       0.000    0.0002    4.300  445.511    4.013  212.082    1.160
   3240.00 0.147     640.299       9.420    1420.000       0.000    0.0002    4.125  329.878    4.024  205.979    1.113
   3300.00 0.142     648.522      11.375    1620.000       0.000    0.0002    3.940  324.072    3.618  201.633    1.124
   3360.00 0.136     647.050       8.921    1300.000       0.000    0.0002    3.737  436.702    4.737  198.737    1.453
   3420.00 0.123     654.513       2.942    1340.000       0.000    0.0002    3.543  532.495    4.977  196.430    1.535
   3480.00 0.115     650.828       4.204    1380.000       0.000    0.0002    3.285  581.700    5.251  194.405    1.618
   3540.00 0.109     650.224      12.556    1380.000       0.000    0.0002    2.972  600.020    5.176  192.025    1.818
   3600.00 0.110     654.655       5.434    1460.000       0.000    0.0002    2.638  551.341    4.805  188.744    1.423
   3660.00 0.100     667.317       3.707    1620.000       0.000    0.0002    2.241  500.688    4.549  185.679    1.128
   3720.00 0.096     660.000       1.574    1500.000       0.000    0.0002    1.885  490.859    4.523  184.100    1.134
   3780.00 0.094     657.818       1.714    1460.000       0.000    0.0002    1.622  410.405    3.970  181.802    1.079
   3840.00 0.095     648.866      12.990    1500.000       0.000    0.0002    1.373  297.927    3.264  178.641    0.868
   3900.00 0.096     638.524       8.601    1500.000       0.000    0.0002    1.174  206.255    2.840  176.683    0.861
   3960.00 0.091     633.801      10.889    1300.000       0.000    0.0002    1.043  155.916    2.639  175.657    0.790
   4020.00 0.093     629.921      14.459    1300.000       0.000    0.0002    0.994  160.517    2.510  175.175    0.745
   4080.00 0.096     624.388       5.561    1340.000       0.000    0.0002    1.013  212.348    3.349  175.071    0.991
   4140.00 0.095     615.703       7.468    1340.000       0.000    0.0002    1.141  246.195    3.842  175.133    1.028
   4200.00 0.099     611.901       8.346    1020.000       0.000    0.0002    1.362  277.099    3.441  175.483    0.925
   4260.00 0.103     617.441       3.033    1420.000       0.000    0.0002    1.597  286.164    3.400  176.396    0.808
   4320.00 0.104     613.694       5.835    1300.000       0.000    0.0002    1.849  290.527    3.235  177.972    0.892
   4380.00 0.103     609.693       4.681    1300.000       0.000    0.0002    2.120  304.287    3.477  180.389    1.013
   4440.00 0.104     608.478       2.810    1300.000       0.000    0.0002    2.414  355.146    3.949  183.444    1.101
   4500.00 0.105     613.007       5.874    1300.000       0.000    0.0002    2.729  418.897    3.833  186.521    1.037
   4560.00 0.111     615.232       4.106    1300.000       0.000    0.0002    3.034  442.267    4.435  189.364    1.171
   4620.00 0.114     609.807      10.064    1300.000       0.000    0.0002    3.279  486.746    4.424  192.044    1.164
   4680.00 0.113     608.855       7.862    1300.000       0.000    0.0002    3.447  509.918    4.521  194.726    1.137
   4740.00 0.115     615.915      11.149    1300.000       0.000    0.0002    3.549  556.214    4.340  197.484    1.128
   4800.00 0.116     617.736       4.780    1340.000       0.000    0.0002    3.630  563.249    3.918  200.418    1.200
   4860.00 0.116     620.840       7.983    1300.000       0.000    0.0002    3.685  560.754    3.810  203.533    1.230
   4920.00 0.115     620.846       0.000    1420.000       0.000    0.0002    3.763  516.915    4.408  206.673    1.290
   4980.00 0.118     614.392       9.897    1300.000       0.000    0.0002    3.857  502.115    5.156  210.062    1.326
   5040.00 0.121     610.707       5.495    1300.000       0.000    0.0002    4.033  555.944    5.516  213.159    1.596
   5100.00 0.118     615.537       5.289    1300.000       0.000    0.0002    4.188  611.215    6.073  215.430    1.921
   5160.00 0.115     618.220       4.703    1460.000       0.000    0.0002    4.224  691.092    5.387  216.764    1.583
   5220.00 0.114     614.176      11.991    1380.000       0.000    0.0002    4.160  649.092    4.383  217.877    1.414
   5280.00 0.117     614.000       5.667    1500.000       0.000    0.0002    3.960  610.502    4.381  219.608    1.109
   5340.00 0.121     618.381       6.437    1420.000       0.000    0.0002    3.693  628.496    4.470  221.607    1.149
   5400.00 0.123     627.287       9.822    1500.000       0.000    0.0002    3.533  604.738    4.461  222.254    1.069
   5460.00 0.127     625.912       9.674    1580.000       0.000    0.0002    3.486  555.867    3.715  222.017    1.045
   5520.00 0.132     615.490       8.614    1300.000       0.000    0.0002    3.526  517.863    4.417  222.287    1.138
   5580.00 0.137     619.217       2.278    1420.000       0.000    0.0002    3.531  610.587    4.852  223.029    1.228
   5640.00 0.136     621.795       6.750    1460.000       0.000    0.0002    3.532  634.721    4.297  223.442    1.180
   5700.00 0.143     623.630       6.507    1380.000       0.000    0.0002    3.545  590.636    3.897  223.562    1.170
   5760.00 0.139     624.014       6.549    1460.000       0.000    0.0002    3.600  532.713    3.871  224.533    1.130
   5820.00 0.140     628.182      11.399    1500.000       0.000    0.0002    3.741  469.707    4.273  226.569    1.169
   5880.00 0.142     626.392      14.399    1460.000       0.000    0.0002    3.946  474.208    3.946  228.135    0.958
   5940.00 0.137     625.409       7.722    1460.000       0.000    0.0002    4.210  387.495    3.829  229.112    1.124
   6000.00 0.140     627.260       8.621    1340.000       0.000    0.0002    4.465  397.892    4.296  230.634    1.145
   6060.00 0.139     630.648       7.075    1300.000       0.000    0.0002    4.640  463.798    4.531  232.726    1.212
   6120.00 0.137     631.439      13.499    1380.000       0.000    0.0002    4.757  576.145    4.760  234.990    1.262
   6180.00 0.140     634.660       5.759    1300.000       0.000    0.0002    4.844  587.834    4.303  236.934    1.198
   6240.00 0.140     640.420       8.392    1300.000       0.000    0.0002    4.933  532.541    4.169  238.893    1.096
   6300.00 0.143     635.590      10.564    1380.000       0.000    0.0002    5.037  513.030    4.615  240.754    1.121
   6360.00 0.143     639.110       9.932    1460.000       0.000    0.0002    5.111  526.054    4.646  241.855    1.179
   6420.00 0.142     632.419      10.292    1340.000       0.000    0.0002    5.195  491.644    4.379  242.349    1.134
   6480.00 0.141     640.139       7.118    1500.000       0.000    0.0002    5.285  508.306    4.308  243.024    1.102
   6540.00 0.137     633.191      11.907    1380.000       0.000    0.0002    5.441  619.564    5.072  244.274    1.329
   6600.00 0.135     637.143       8.210    1380.000       0.000    0.0002    5.555  664.963    5.249  246.181    1.208
   6660.00 0.139     642.627       3.257    1300.000       0.000    0.0002    5.634  621.467    4.410  247.983    1.223
   6720.00 0.139     639.895       6.410    1300.000       0.000    0.0002    5.701  608.614    6.259  249.278    1.580
   6780.00 0.141     640.867      10.295    1340.000       0.000    0.0002    5.790  738.245    6.116  251.027    1.379
   6840.00 0.146     645.267      13.700    1460.000       0.000    0.0002    5.821  752.093    6.240  252.430    1.713
   6900.00 0.145     646.622       8.547    1420.000       0.000    0.0002    5.833  868.113    5.468  252.967    1.641
   6960.00 0.144     644.558       7.449    1460.000       0.000    0.0002    5.837  836.165    5.013  253.507    1.440
   7020.00 0.145     655.946       5.304    1460.000       0.000    0.0002    5.795  657.657    5.234  254.458    1.251
   7080.00 0.142     643.436       6.220    1500.000       0.000    0.0002    5.696  504.886    5.118  255.077    1.243
   7140.00 0.146     648.533       2.533    1500.000       0.000    0.0002    5.614  614.897    5.707  255.343    1.398
   7200.00 0.146     655.042       7.739    1460.000       0.000    0.0002    5.569  691.519    5.073  255.793    1.409
   7260.00 0.141     646.875       6.528    1420.000       0.000    0.0002    5.537  636.283    4.856  256.358    1.282
   7320.00 0.142     650.069      12.379    1420.000       0.000    0.0002    5.380  548.787    5.283  257.136    1.299
   7380.00 0.142     654.276       8.414    1500.000       0.000    0.0002    5.148  625.146    5.191  257.577    1.263
   7440.00 0.136     650.483      10.519    1540.000       0.000    0.0002    4.991  676.984    5.020  256.643    1.399
   7500.00 0.130     645.393       3.783    1420.000       0.000    0.0002    4.918  681.983    4.679  256.492    1.373
   7560.00 0.128     641.985       1.183    1380.000       0.000    0.0002    4.801  688.664    5.881  257.809    1.470
   7620.00 0.125     642.724       8.794    1380.000       0.000    0.0002    4.666  634.301    6.038  258.381    1.604
   7680.00 0.123     640.994       8.231    1460.000       0.000    0.0002    4.608  640.788    5.953  258.625    1.299
   7740.00 0.123     648.413      11.230    1380.000       0.000    0.0002    4.632  699.664    6.111  258.915    1.366
   7800.00 0.125     654.074       8.070    1540.000       0.000    0.0002    4.767  780.516    5.911  259.639    1.500
   7860.00 0.128     657.410       5.181    1380.000       0.000    0.0002    5.010  947.381    5.657  261.169    1.906
   7920.00 0.126     642.524       8.233    1460.000       0.000    0.0002    5.231  905.540    4.920  263.378    1.643
   7980.00 0.129     645.806       5.693    1420.000       0.000    0.0002    5.340  824.855    5.115  266.574    1.362
   8040.00 0.136     645.760       7.513    1540.000       0.000    0.0002    5.299  804.942    5.049  269.808    1.496
   8100.00 0.136     654.676       6.439    1460.000       0.000    0.0002    5.221  689.412    5.646  270.572    1.411
   8160.00 0.136     655.484       2.007    1500.000       0.000    0.0002    5.127  496.870    5.646  269.853    1.431
   8220.00 0.138     653.721       8.078    1460.000       0.000    0.0002    5.066  552.602    5.214  270.075    1.217
   8280.00 0.140     660.280       8.147    1460.000       0.000    0.0002    5.038  667.285    5.277  271.521    1.434
   8340.00 0.140     659.442       6.876    1420.000       0.000    0.0002    5.086  704.626    6.319  273.647    1.552
   8400.00 0.139     663.937       6.608    1540.000       0.000    0.0002    5.073  757.736    6.550  275.253    1.633
   8460.00 0.135     653.441       3.495    1420.000       0.000    0.0002    4.981  769.817    5.905  275.950    1.619
   8520.00 0.131     644.776       3.172    1580.000       0.000    0.0002    4.843  639.857    5.073  276.614    1.792
   8580.00 0.126     653.668       4.517    1420.000       0.000    0.0002    4.863  664.924    5.866  279.483    1.413
   8640.00 0.128     652.076       3.467    1620.000       0.000    0.0002    5.064  886.030    6.225  284.148    1.586
   8700.00 0.128     647.075       4.742    1420.000       0.000    0.0002    5.379 1051.156    6.621  288.286    1.866
   8760.00 0.135     642.568       4.304    1500.000       0.000    0.0002    5.566 1011.110    6.553  290.262    1.815
   8820.00 0.134     641.712       5.537    1500.000       0.000    0.0002    5.588  944.266    5.543  291.109    1.851
   8880.00 0.136     643.542       3.614    1580.000       0.000    0.0002    5.488  882.178    5.181  292.021    1.479
   8940.00 0.131     642.528       6.580    1580.000       0.000    0.0002    5.241  717.432    5.723  292.638    1.396
   9000.00 0.135     658.478       2.029    1540.000       0.000    0.0002    4.936  555.154    5.171  292.015    1.254
   9060.00 0.134     657.891       8.545    1500.000       0.000    0.0002    4.881  471.842    5.730  292.584    1.201
   9120.00 0.135     648.603       7.187    1420.000       0.000    0.0002    5.180  586.962    5.539  293.439    1.203
   9180.00 0.136     649.084       5.278    1620.000       0.000    0.0002    5.769  578.798    5.306  295.619    1.478
   9240.00 0.131     648.752       5.065    1460.000       0.000    0.0002    6.589  611.102    5.683  302.100    1.356
   9300.00 0.133     655.670      15.193    1700.000       0.000    0.0002    7.656  740.971    6.161  312.801    1.599
   9360.00 0.134     653.891       5.236    1420.000       0.000    0.0002    8.942  809.358    7.766  326.404    1.645
   9420.00 0.134     659.854       9.250    1460.000       0.000    0.0002   10.271  962.528    7.083  342.499    1.793
   9480.00 0.138     668.000       6.230    1500.000       0.000    0.0002   11.419 1184.705    7.089  357.353    2.024
   9540.00 0.138     672.650      10.565    1580.000       0.000    0.0002   11.957 1272.606    6.751  365.712    2.087
   9600.00 0.134     672.263       6.642    1940.000       0.000    0.0002   11.824 1415.977    6.524  370.046    2.352
   9660.00 0.137     687.594      10.160    1940.000       0.000    0.0002   10.855 1327.993    6.589  374.357    2.640
   9720.00 0.135     674.565       7.174    1940.000       0.000    0.0002    9.447 1126.654    7.507  376.572    1.990
   9780.00 0.133     667.514       8.029    1940.000       0.000    0.0002    8.059 1311.746    6.280  372.137    2.155
   9840.00 0.127     672.898       9.866    1940.000       0.000    0.0002    6.866 1066.996    6.585  363.165    1.875
   9900.00 0.127     662.846       4.923    1580.000       0.000    0.0002    5.919  753.601    5.616  353.719    1.366
   9960.00 0.128     653.232      14.335    1540.000       0.000    0.0002    5.387  581.332    5.616  344.109    1.231
  10020.00 0.132     653.259      11.185    1620.000       0.000    0.0002    5.086  664.761    4.519  335.663    1.240
  10080.00 0.129     652.604       9.396    1580.000       0.000    0.0002    4.869  638.557    4.334  333.009    1.103
  10140.00 0.132     662.597       7.421    1580.000       0.000    0.0002    4.878  630.145    4.600  331.919    1.225
  10200.00 0.131     663.352      10.801    1620.000       0.000    0.0002    5.158  575.226    5.816  328.750    1.423
  10260.00 0.132     647.061       5.841    1540.000       0.000    0.0002    5.695  771.847    6.985  328.776    1.978
  10320.00 0.137     643.429       9.179    1500.000       0.000    0.0002    6.535 1014.754    6.053  334.650    1.819
  10380.00 0.138     651.560       5.638    1620.000       0.000    0.0002    7.388 1161.743    6.622  340.986    1.871
  10440.00 0.140     647.666      18.118    1940.000       0.000    0.0002    8.078 1343.970    6.209  346.186    2.130
  10500.00 0.144     650.612       9.116    1940.000       0.000    0.0002    8.583 1371.550    6.231  352.161    2.103
  10560.00 0.145     657.162       7.095    1940.000       0.000    0.0002    8.910 1221.011    7.429  357.714    2.210
  10620.00 0.145     650.723       4.908    1940.000       0.000    0.0002    8.997 1124.821    5.741  363.250    1.883
  10680.00 0.147     661.794       7.774    1620.000       0.000    0.0002    8.688 1061.428    6.844  367.434    1.694
  10740.00 0.149     669.589      10.312    1700.000       0.000    0.0002    8.117  824.833    6.782  367.151    1.550
  10800.00 0.146     679.497       6.265    1540.000       0.000    0.0002    7.379  862.930    6.693  362.116    1.782
  10860.00 0.143     686.007       9.386    1540.000       0.000    0.0002    6.717  830.998    5.728  355.589    1.379
  10920.00 0.143     687.829       3.350    1580.000       0.000    0.0002    6.098  961.286    6.176  349.438    1.448
  10980.00 0.144     681.156       8.231    1580.000       0.000    0.0002    5.466 1005.097    6.684  344.261    2.016
  11040.00 0.140     673.427       8.042    1940.000       0.000    0.0002    4.791  791.175    5.972  339.151    1.259
  11100.00 0.139     683.480       7.979    1500.000       0.000    0.0002    4.116  686.298    5.912  335.163    1.353
  11160.00 0.134     669.726      11.920    1460.000       0.000    0.0002    3.597  551.504    5.641  330.307    1.175
  11220.00 0.135     667.114       4.973    1580.000       0.000    0.0002    3.256  430.325    4.035  324.941    1.037
  11280.00 0.135     672.123      10.272    1420.000       0.000    0.0002    2.998  392.844    4.523  320.896    1.104
  11340.00 0.130     668.480       7.129    1420.000       0.000    0.0002    2.795  343.424    4.732  317.424    1.138
  11400.00 0.132     661.922       6.617    1420.000       0.000    0.0002    2.661  377.475    5.283  314.294    1.148
  11460.00 0.132     658.152       5.065    1420.000       0.000    0.0002    2.634  408.817    5.385  312.591    1.055
  11520.00 0.133     640.513      14.249    1460.000       0.000    0.0002    2.703  443.205    4.504  312.118    1.004
  11580.00 0.134     654.015       8.832    1460.000       0.000    0.0002    2.834  388.667    4.508  311.764    1.055
  11640.00 0.136     640.680       4.436    1420.000       0.000    0.0002    3.008  370.455    4.830  311.485    1.117
  11700.00 0.137     639.964      12.327    1420.000       0.000    0.0002    3.232  328.318    4.306  311.474    1.151
  11760.00 0.140     634.261       5.809    1420.000       0.000    0.0002    3.520  343.445    4.620  312.076    1.333
  11820.00 0.141     635.903       6.458    1420.000       0.000    0.0002    3.792  358.810    4.575  313.197    1.114
  11880.00 0.143     638.399      13.560    1420.000       0.000    0.0002    4.055  373.835    4.975  314.813    1.109
  11940.00 0.143     643.578       4.906    1420.000       0.000    0.0002    4.299  381.429    5.204  318.089    1.173
  12000.00 0.146     638.090      12.027    1420.000       0.000    0.0002    4.582  443.227    5.152  322.161    1.170
  12060.00 0.151     646.386       2.139    1460.000       0.000    0.0002    4.915  490.846    4.981  324.835    1.251
  12120.00 0.151     642.100       9.467    1420.000       0.000    0.0002    5.271  511.389    5.315  326.502    1.250
  12180.00 0.155     649.606       8.409    1420.000       0.000    0.0002    5.681  491.695    5.635  328.687    1.294
  12240.00 0.156     657.754       7.956    1460.000       0.000    0.0002    6.082  500.080    5.650  331.467    1.310
  12300.00 0.155     663.465       7.465    1460.000       0.000    0.0002    6.368  555.668    5.289  334.596    1.431
  12360.00 0.154     659.110       9.825    1420.000       0.000    0.0002    6.565  591.615    6.423  339.083    1.455
  12420.00 0.152     660.257       6.752    1500.000       0.000    0.0002    6.723  549.636    5.532  345.162    1.366
  12480.00 0.150     660.783       7.993    1540.000       0.000    0.0002    6.818  630.214    6.448  349.607    1.619
  12540.00 0.151     663.172       8.058    1460.000       0.000    0.0002    6.793  589.182    5.206  351.899    1.429
  12600.00 0.152     665.971      12.520    1500.000       0.000    0.0002    6.911  455.426    5.782  354.986    1.427
  12660.00 0.154     653.386       4.801    1500.000       0.000    0.0002    7.133  478.362    5.896  358.264    1.295
  12720.00 0.156     657.504      11.669    1460.000       0.000    0.0002    7.419  576.658    6.337  361.997    1.365
  12780.00 0.159     663.564       7.650    1460.000       0.000    0.0002    7.710  665.054    6.512  366.558    1.481
  12840.00 0.156     654.633      12.168    1460.000       0.000    0.0002    8.090  760.562    6.840  370.159    1.731
  12900.00 0.159     654.785      10.092    1420.000       0.000    0.0002    8.420  856.558    7.156  374.469    1.727
  12960.00 0.162     664.532       6.344    1500.000       0.000    0.0002    8.610  785.247    7.188  379.621    1.592
  13020.00 0.157     670.994       7.671    1500.000       0.000    0.0002    8.654  775.328    7.379  384.150    1.683
  13080.00 0.159     663.865       5.890    1460.000       0.000    0.0002    8.799  871.315    7.736  389.336    1.800
  13140.00 0.161     662.727      10.091    1500.000       0.000    0.0002    8.981  988.535    6.913  394.518    1.739
  13200.00 0.154     668.875       9.635    1500.000       0.000    0.0002    9.304 1124.444    7.819  399.272    1.841
  13260.00 0.151     676.000       4.161    1500.000       0.000    0.0002    9.696 1107.416    8.107  404.363    1.984
  13320.00 0.147     666.844       8.206    1940.000       0.000    0.0002   10.036 1179.960    7.943  409.789    2.057
  13380.00 0.153     671.401       8.854    1940.000       0.000    0.0002   10.455 1324.871    8.834  414.938    2.192
  13440.00 0.157     670.807       7.329    1940.000       0.000    0.0002   11.021 1437.918    7.786  421.174    1.910
  13500.00 0.159     683.706       6.493    1940.000       0.000    0.0002   11.324 1190.622    7.702  428.084    1.985
  13560.00 0.156     676.839       9.984    1940.000       0.000    0.0002   11.663  980.829    7.996  435.256    1.995
  13620.00 0.160     681.346       7.554    1660.000       0.000    0.0002   11.771 1087.383    7.020  438.337    2.084
  13680.00 0.159     683.077       9.815    1940.000       0.000    0.0002   11.477 1188.415    7.006  436.338    2.529
  13740.00 0.163     686.366      10.691    1940.000       0.000    0.0002   10.937 1119.374    6.941  435.132    2.097
  13800.00 0.164     690.490       8.291    1940.000       0.000    0.0002   10.072  831.085    6.860  434.896    2.131
  13860.00 0.166     703.422       6.342    1940.000       0.000    0.0002    9.050  764.237    6.168  432.794    1.880
  13920.00 0.164     703.810       7.768    1540.000       0.000    0.0002    8.000  678.678    5.362  424.857    1.824
  13980.00 0.158     706.852       7.315    1500.000       0.000    0.0002    6.994  615.898    6.071  413.334    1.563
  14040.00 0.150     697.463       9.756    1500.000       0.000    0.0002    6.047  629.374    6.290  407.494    1.506
  14100.00 0.142     697.256      10.600    1540.000       0.000    0.0002    5.299  617.360    5.498  404.258    1.648
  14160.00 0.143     688.376       4.103    1540.000       0.000    0.0002    4.787  601.442    5.769  396.844    1.277
  14220.00 0.140     674.704       9.965    1500.000       0.000    0.0002    4.546  630.769    7.066  390.347    1.512
  14280.00 0.139     674.877      11.825    1700.000       0.000    0.0002    4.540  729.734    6.365  387.219    1.387
  14340.00 0.134     654.307       9.197    1580.000       0.000    0.0002    4.703  837.049    7.773  385.111    1.607
  14400.00 0.136     657.415       5.135    1580.000       0.000    0.0002    4.916 1030.394    9.047  385.027    1.851
  14460.00 0.137     660.857       6.464    1580.000       0.000    0.0002    5.135 1162.186    7.745  386.675    2.224
  14520.00 0.137     666.181      12.007    1940.000       0.000    0.0002    5.296 1025.386    6.165  386.224    1.677
  14580.00 0.138     668.425       2.690    1460.000       0.000    0.0002    5.440  892.381    6.722  385.445    1.648
  14640.00 0.144     673.831       8.542    1540.000       0.000    0.0002    5.424  740.935    6.193  386.669    1.544
  14700.00 0.143     662.526       8.669    1540.000       0.000    0.0002    5.424  629.546    6.900  387.063    1.485
  14760.00 0.150     675.714       7.760    1580.000       0.000    0.0002    5.318  621.694    7.570  385.338    1.583
  14820.00 0.148     672.125       5.305    1500.000       0.000    0.0002    5.323  685.115    7.283  385.409    1.664
  14880.00 0.153     681.083       8.758    1540.000       0.000    0.0002    5.397  716.347    6.855  385.147    1.805
  14940.00 0.147     668.040       4.850    1540.000       0.000    0.0002    5.372  745.582    7.077  382.110    1.679
  15000.00 0.149     666.743       8.642    1500.000       0.000    0.0002    5.207  602.887    5.593  379.162    1.342
  15060.00 0.149     673.617       4.910    1500.000       0.000    0.0002    4.990  556.901    5.303  378.751    1.274
  15120.00 0.148     677.058      11.736    1460.000       0.000    0.0002    4.746  405.624    4.828  378.183    1.192
  15180.00 0.142     682.306       6.368    1420.000       0.000    0.0002    4.562  382.644    5.053  375.509    1.095
  15240.00 0.141     680.486      11.146    1540.000       0.000    0.0002    4.503  355.062    5.321  372.570    1.212
  15300.00 0.133     678.162       5.221    1460.000       0.000    0.0002    4.572  344.862    5.188  371.817    1.126
  15360.00 0.126     663.243       5.405    1420.000       0.000    0.0002    4.792  396.022    4.483  372.680    1.143
  15420.00 0.127     669.634      10.829    1420.000       0.000    0.0002    5.013  409.081    5.034  373.927    1.277
  15480.00 0.127     679.731      14.626    1540.000       0.000    0.0002    5.246  436.512    5.860  376.737    1.255
  15540.00 0.123     667.952      14.274    1540.000       0.000    0.0002    5.581  624.005    6.473  381.284    1.425
  15600.00 0.121     676.113       9.352    1460.000       0.000    0.0002    5.928  838.068    6.585  385.217    1.636
  15660.00 0.122     686.560      12.800    1580.000       0.000    0.0002    6.282 1052.330    6.411  388.517    1.525
  15720.00 0.118     685.124       6.281    1380.000       0.000    0.0002    6.599 1121.984    6.652  394.226    1.723
  15780.00 0.118     692.961      10.311    1940.000       0.000    0.0002    6.760 1059.954    7.323  400.482    2.213
  15840.00 0.121     682.834       5.223    1940.000       0.000    0.0002    6.675 1008.420    7.710  402.637    1.742
  15900.00 0.123     689.641       5.060    1940.000       0.000    0.0002    6.286  839.335    6.526  401.626    1.600
  15960.00 0.122     678.800       8.720    1500.000       0.000    0.0002    5.887  685.636    6.804  400.536    1.531
  16020.00 0.124     679.882      11.440    1580.000       0.000    0.0002    5.689  695.607    7.292  400.711    1.568
  16080.00 0.124     683.905       4.852    1460.000       0.000    0.0002    5.793  912.376    7.596  402.728    1.859
  16140.00 0.121     671.831       6.237    1580.000       0.000    0.0002    6.101 1235.048    9.244  405.089    2.542
  16200.00 0.124     673.254       9.112    1940.000       0.000    0.0002    6.267 1320.983    7.291  405.563    2.426
  16260.00 0.130     674.586      13.308    2060.000       0.000    0.0002    6.238 1062.325    6.287  403.881    2.275
  16320.00 0.130     673.710       9.379    1940.000       0.000    0.0002    6.017  645.290    6.577  405.675    1.679
  16380.00 0.133     676.280       4.862    1940.000       0.000    0.0002    5.819  659.500    6.258  408.924    1.442
  16440.00 0.135     675.018      10.433    1460.000       0.000    0.0002    5.767  632.400    5.101  405.952    1.310
  16500.00 0.140     689.496       7.130    1500.000       0.000    0.0002    5.747  516.946    5.884  402.493    1.507
  16560.00 0.140     679.373       3.415    1460.000       0.000    0.0002    5.888  534.744    5.250  405.317    1.298
  16620.00 0.140     688.761       3.316    1580.000       0.000    0.0002    6.213  502.131    6.029  410.407    1.414
  16680.00 0.138     698.092      13.710    1500.000       0.000    0.0002    6.791  573.478    6.208  412.738    1.537
  16740.00 0.134     701.964       7.964    1540.000       0.000    0.0002    7.527  668.907    7.543  417.454    1.652
  16800.00 0.131     688.454      16.387    1460.000       0.000    0.0002    8.327  688.677    8.230  427.640    1.744
  16860.00 0.135     705.704       9.675    1660.000       0.000    0.0002    9.003  868.177    7.945  436.584    2.030
  16920.00 0.135     718.667      14.991    1940.000       0.000    0.0002    9.301 1008.876    7.004  441.656    1.863
  16980.00 0.134     730.255       3.964    1580.000       0.000    0.0002    9.065 1133.794    7.159  447.196    2.175
  17040.00 0.133     733.919       8.352    1940.000       0.000    0.0002    8.475 1146.471    6.082  448.909    2.336
  17100.00 0.132     739.035       3.265    1940.000       0.000    0.0002    7.616 1022.217    5.941  445.793    1.979
  17160.00 0.134     717.527      11.345    1940.000       0.000    0.0002    6.647  964.709    5.950  445.003    1.559
  17220.00 0.128     699.465       9.101    1780.000       0.000    0.0002    5.897  861.867    5.788  444.077    1.299
  17280.00 0.130     691.311      10.375    1540.000       0.000    0.0002    5.360  673.767    6.019  437.253    1.443
  17340.00 0.128     683.346       6.046    1580.000       0.000    0.0002    4.839  580.550    5.855  429.146    1.334
  17400.00 0.132     663.488      16.141    1540.000       0.000    0.0002    4.343  551.480    7.296  423.376    1.763
  17460.00 0.135     669.297       3.964    1460.000       0.000    0.0002    3.920  519.540    5.639  416.425    1.581
  17520.00 0.139     681.793       8.682    1500.000       0.000    0.0002    3.401  383.382    4.431  408.712    1.016
  17580.00 0.139     687.535       9.296    1580.000       0.000    0.0002    3.061  316.115    5.203  403.932    1.167
  17640.00 0.140     698.470       5.252    1620.000       0.000    0.0002    3.007  352.549    5.083  399.724    1.147
  17700.00 0.136     691.685       8.208    1620.000       0.000    0.0002    3.019  371.373    4.843  396.415    1.096
  17760.00 0.137     689.201       6.821    1540.000       0.000    0.0002    3.077  338.689    4.346  394.965    1.162
  17820.00 0.133     690.424      13.849    1460.000       0.000    0.0002    3.223  206.054    4.236  393.061    1.080
  17880.00 0.132     686.000      11.778    1540.000       0.000    0.0002    3.478  267.672    5.219  393.372    1.170
  17940.00 0.130     672.556       1.955    1460.000       0.000    0.0002    3.928  380.437    5.382  397.645    1.254
  18000.00 0.130     676.479       9.625    1500.000       0.000    0.0002    4.574  464.249    6.073  402.676    1.427
  18060.00 0.131     690.821       8.433    1580.000       0.000    0.0002    5.344  533.906    7.125  406.940    1.609
  18120.00 0.131     692.090       7.985    1620.000       0.000    0.0002    6.127  640.168    7.426  411.596    1.594
  18180.00 0.135     699.350       4.152    1540.000       0.000    0.0002    6.861  662.094    7.186  417.665    1.525
  18240.00 0.135     703.682       7.473    1500.000       0.000    0.0002    7.499  782.863    6.745  423.727    1.881
  18300.00 0.140     693.217       8.776    1460.000       0.000    0.0002    7.978  768.777    7.074  429.544    1.664
  18360.00 0.136     691.413       7.084    1620.000       0.000    0.0002    8.358  821.399    7.366  437.810    1.787
  18420.00 0.137     688.703       6.146    1540.000       0.000    0.0002    8.548 1131.235    9.133  446.728    2.102
  18480.00 0.139     702.676      13.697    1940.000       0.000    0.0002    8.557 1249.351    8.036  452.921    2.198
  18540.00 0.143     695.411      11.884    1940.000       0.000    0.0002    8.548 1455.951    9.795  454.768    2.600
  18600.00 0.135     695.226       7.776    1940.000       0.000    0.0002    8.343 1321.413    7.487  451.183    2.690
  18660.00 0.133     687.179      10.000    1940.000       0.000    0.0002    8.245 1033.533    7.209  454.651    2.308
  18720.00 0.126     692.650       8.395    1940.000       0.000    0.0002    8.300  970.064    7.952  470.546    1.902
  18780.00 0.131     682.761      11.642    1620.000       0.000    0.0002    8.679 1404.320   10.245  488.643    2.385
  18840.00 0.124     674.961       7.441    1940.000       0.000    0.0002    9.165 1871.748   12.636  495.852    2.982
  18900.00 0.131     676.000       8.598    1940.000       0.000    0.0002    9.358 2559.285   11.701  494.515    3.839
  18960.00 0.127     672.000       8.962    1940.000       0.000    0.0002    8.646 2509.823   11.684  485.414    3.643
  19020.00 0.129     672.000       9.736    2060.000       0.000    0.0002    7.165 1797.922    8.460  481.612    3.096
  19080.00 0.126     675.242      11.064    2020.000       0.000    0.0002    5.240 1224.736    6.240  497.475    1.462
  19140.00 0.130     677.594       7.218    1940.000       0.000    0.0002    4.084  791.065    5.076  513.672    1.150
  19200.00 0.132     681.150       8.646    1580.000       0.000    0.0002    3.878  512.630    4.689  486.371    1.147
  19260.00 0.133     682.099       5.893    1500.000       0.000    0.0002    3.955  506.642    5.030  455.484    1.577
  19320.00 0.137     678.615       3.943    1540.000       0.000    0.0002    4.131  538.369    5.790  460.472    1.864
  19380.00 0.140     685.271       4.328    1580.000       0.000    0.0002    4.518  561.332    5.590  467.967    1.681
  19440.00 0.135     680.468       8.216    1500.000       0.000    0.0002    5.309  569.794    5.916  456.448    1.347
  19500.00 0.139     676.392       9.107    1540.000       0.000    0.0002    6.456  847.201    7.530  453.662    1.756
  19560.00 0.140     683.345      12.962    1580.000       0.000    0.0002    7.836 1083.248    6.931  467.559    1.779
  19620.00 0.145     691.313       3.973    1580.000       0.000    0.0002    9.137 1241.716    8.006  479.609    2.261
  19680.00 0.145     702.761      12.020    1940.000       0.000    0.0002   10.070 1249.285    7.694  487.250    2.392
  19740.00 0.147     705.591       3.028    1940.000       0.000    0.0002   10.559 1356.087    6.996  497.622    2.050
  19800.00 0.146     709.715      11.156    1940.000       0.000    0.0002   10.654  956.586    7.588  507.569    2.085
  19860.00 0.148     718.284      10.396    1700.000       0.000    0.0002   10.374  776.286    7.792  514.635    1.868
  19920.00 0.155     725.638       6.205    1660.000       0.000    0.0002    9.867  736.302    7.156  517.903    1.725
  19980.00 0.157     735.783      18.264    1540.000       0.000    0.0002    9.368  761.950    6.776  515.925    1.626
  20040.00 0.159     736.431       7.415    1660.000       0.000    0.0002    9.065  747.174    6.995  508.012    1.723
  20100.00 0.157     730.280       6.698    1580.000       0.000    0.0002    8.810  906.585    6.941  499.667    1.784
  20160.00 0.154     731.252       7.385    1940.000       0.000    0.0002    8.592  862.781    7.811  496.594    1.760
  20220.00 0.156     733.385      11.357    1940.000       0.000    0.0002    8.276 1081.136    8.558  496.673    1.995
  20280.00 0.149     739.082       1.148    1580.000       0.000    0.0002    7.909 1184.818    9.323  496.178    2.122
  20340.00 0.145     736.358       7.487    1940.000       0.000    0.0002    7.480 1243.580    9.916  493.365    2.247
  20400.00 0.139     720.634       7.218    1940.000       0.000    0.0002    7.080 1284.017    6.808  488.971    2.227
  20460.00 0.137     714.500       8.071    1940.000       0.000    0.0002    6.699 1083.756    8.009  484.694    2.313
  20520.00 0.140     719.371       4.580    1980.000       0.000    0.0002    6.296  721.689    6.517  481.620    1.501
  20580.00 0.135     719.458      12.333    1500.000       0.000    0.0002    6.099  708.018    7.260  481.304    1.697
  20640.00 0.136     718.528      18.923    1540.000       0.000    0.0002    5.964  774.984    8.201  478.766    1.719
  20700.00 0.134     719.598       5.155    1620.000       0.000    0.0002    5.984  850.452    7.755  474.776    1.883
  20760.00 0.134     727.956       4.599    1940.000       0.000    0.0002    5.928  860.715    6.670  472.800    1.792
  20820.00 0.138     720.567       5.745    1940.000       0.000    0.0002    5.715  726.228    6.341  471.767    1.878
  20880.00 0.132     718.484       8.725    1620.000       0.000    0.0002    5.500  599.240    5.897  469.240    1.601
  20940.00 0.129     696.584      17.002    1580.000       0.000    0.0002    5.589  533.099    6.743  468.669    1.543
  21000.00 0.134     704.444       7.395    1620.000       0.000    0.0002    5.949  599.854    6.284  474.484    1.606
  21060.00 0.131     692.775      17.840    1540.000       0.000    0.0002    6.511  701.279    7.795  480.687    1.833
  21120.00 0.131     695.903       3.836    1540.000       0.000    0.0002    7.139 1065.914    8.769  482.603    2.141
  21180.00 0.136     697.921      10.466    1540.000       0.000    0.0002    7.611 1149.463    9.362  486.783    2.325
  21240.00 0.134     706.143      11.481    1940.000       0.000    0.0002    7.929 1259.293   10.208  494.732    2.562
  21300.00 0.137     702.487      12.611    1940.000       0.000    0.0002    8.171 1179.537   10.618  498.516    2.935
  21360.00 0.139     709.333       8.596    1940.000       0.000    0.0002    8.347 1011.379    7.931  500.199    2.261
  21420.00 0.137     720.959       7.567    1940.000       0.000    0.0002    8.452  956.314    8.019  504.699    2.109
  21480.00 0.149     713.596       4.138    1940.000       0.000    0.0002    8.626 1048.171    8.465  507.872    2.207
  21540.00 0.146     707.852      10.738    1940.000       0.000    0.0002    8.953  935.623    8.054  507.149    2.168
  21600.00 0.146     704.682       9.933    1940.000       0.000    0.0002    9.280 1170.752    7.964  508.322    2.512
  21660.00 0.149     713.859       6.502    1980.000       0.000    0.0002    9.349 1202.481    7.792  513.779    2.372
  21720.00 0.148     717.690       3.135    1940.000       0.000    0.0002    9.145 1294.012    6.956  517.795    2.331
  21780.00 0.144     718.744       4.754    1940.000       0.000    0.0002    8.872 1200.794    7.313  517.962    2.609
  21840.00 0.144     712.224       9.847    1940.000       0.000    0.0002    8.284 1071.441    8.322  516.386    2.198
  21900.00 0.146     721.940       6.722    1580.000       0.000    0.0002    7.522 1026.475    7.025  511.602    2.481
  21960.00 0.140     714.887       5.391    1940.000       0.000    0.0002    6.535  898.577    6.140  498.025    2.146
  22020.00 0.139     723.368       5.404    1940.000       0.000    0.0002    5.547  539.536    6.492  486.570    1.589
  22080.00 0.138     718.195       6.761    1660.000       0.000    0.0002    4.783  609.055    7.177  483.016    1.528
  22140.00 0.138     723.080       8.956    1580.000       0.000    0.0002    4.272  700.263    5.837  475.722    1.445
  22200.00 0.134     702.623       8.889    1660.000       0.000    0.0002    4.096  611.914    6.183  464.224    1.783
  22260.00 0.135     701.372      11.372    1500.000       0.000    0.0002    4.030  608.635    5.484  459.817    1.605
  22320.00 0.134     708.629      11.517    1580.000       0.000    0.0002    4.150  500.403    6.280  460.222    1.453
  22380.00 0.130     717.326      15.706    1660.000       0.000    0.0002    4.394  583.253    7.413  458.546    1.505
  22440.00 0.125     712.763       9.961    1860.000       0.000    0.0002    4.767  726.673    7.366  457.684    1.634
  22500.00 0.127     704.215       8.621    1580.000       0.000    0.0002    5.061  830.475    7.870  458.182    1.907
  22560.00 0.127     717.582       9.789    1580.000       0.000    0.0002    5.117  802.024    7.004  456.942    1.664
  22620.00 0.124     708.679      11.637    1940.000       0.000    0.0002    4.934  764.709    7.168  454.863    1.961
  22680.00 0.125     724.688      14.570    1500.000       0.000    0.0002    4.648  620.615    5.064  453.024    1.504
  22740.00 0.121     723.903      11.388    1540.000       0.000    0.0002    4.273  411.393    6.600  451.033    1.491
  22800.00 0.124     728.876       3.393    1580.000       0.000    0.0002    4.051  491.354    5.878  449.003    1.624
  22860.00 0.122     718.795       6.667    1500.000       0.000    0.0002    3.787  495.174    6.280  446.804    1.438
  22920.00 0.118     710.969       8.907    1500.000       0.000    0.0002    3.590  441.189    5.261  444.112    1.285
  22980.00 0.123     707.012      11.116    1580.000       0.000    0.0002    3.297  394.498    4.899  441.623    1.341
  23040.00 0.127     706.474       8.671    1580.000       0.000    0.0002    2.931  360.682    5.282  439.649    1.235
  23100.00 0.126     698.915      13.295    1540.000       0.000    0.0002    2.607  327.814    4.720  437.962    1.225
  23160.00 0.125     692.078       7.961    1380.000       0.000    0.0002    2.303  264.355    4.989  435.440    1.107
  23220.00 0.127     686.360       7.663    1420.000       0.000    0.0002    2.149  205.547    4.031  431.946    0.898
  23280.00 0.125     672.685       8.677    1500.000       0.000    0.0002    2.151  159.776    4.358  428.869    0.905
  23340.00 0.133     677.238       5.525    1460.000       0.000    0.0002    2.202  141.759    4.062  426.707    0.938
  23400.00 0.137     676.625       7.886    1500.000       0.000    0.0002    2.360  173.510    3.607  426.119    0.961
  23460.00 0.145     677.268      11.433    1420.000       0.000    0.0002    2.595  213.915    4.094  427.865    1.039
  23520.00 0.142     673.448       4.631    1500.000       0.000    0.0002    2.959  221.286    4.277  430.447    1.043
  23580.00 0.146     674.181       3.311    1420.000       0.000    0.0002    3.472  233.513    4.273  433.289    1.058
  23640.00 0.156     676.000      11.844    1420.000       0.000    0.0002    4.056  274.765    4.512  436.778    1.095
  23700.00 0.157     683.515       9.487    1300.000       0.000    0.0002    4.739  291.353    4.456  441.908    1.195
  23760.00 0.158     693.775       9.522    1380.000       0.000    0.0002    5.409  336.673    5.520  449.149    1.265
  23820.00 0.162     700.663       8.313    1540.000       0.000    0.0002    6.185  442.075    6.131  457.178    1.304
  23880.00 0.169     703.237       6.329    1420.000       0.000    0.0002    6.981  551.704    5.931  465.275    1.427
  23940.00 0.171     705.093       4.921    1420.000       0.000    0.0002    7.859  541.536    6.878  473.778    1.607
  24000.00 0.179     711.896       9.304    1500.000       0.000    0.0002    8.650  580.346    7.497  481.274    1.635
  24060.00 0.180     721.272       7.470    1500.000       0.000    0.0002    9.050  586.148    7.198  485.929    1.540
  24120.00 0.178     731.726      11.288    1580.000       0.000    0.0002    9.165  669.145    7.755  489.142    1.719
  24180.00 0.176     729.363       8.283    1620.000       0.000    0.0002    9.084  728.945    7.622  494.172    1.764
  24240.00 0.170     734.023      11.810    1620.000       0.000    0.0002    9.062  852.801    8.028  501.515    1.806
  24300.00 0.169     731.527       6.916    1540.000       0.000    0.0002    9.149 1024.259    7.903  507.901    2.049
  24360.00 0.170     742.763      10.647    1580.000       0.000    0.0002    9.231 1119.211    8.968  511.834    2.111
  24420.00 0.168     744.826       6.977    1940.000       0.000    0.0002    9.150  994.654    6.734  514.098    1.861
  24480.00 0.159     745.714       7.558    1940.000       0.000    0.0002    9.005  707.242    9.291  517.918    2.042
  24540.00 0.159     742.154       9.815    1940.000       0.000    0.0002    8.797 1000.864    8.750  523.282    1.955
  24600.00 0.155     737.044      11.761    1580.000       0.000    0.0002    8.426 1148.257    9.621  523.297    2.273
  24660.00 0.157     733.488      13.891    1940.000       0.000    0.0002    8.098 1312.315    8.981  518.993    2.347
  24720.00 0.149     729.264       7.692    1940.000       0.000    0.0002    7.721 1360.103    8.447  516.616    2.194
  24780.00 0.147     725.116       5.515    1940.000       0.000    0.0002    7.485 1387.376    7.085  518.184    2.049
  24840.00 0.148     705.132      10.099    1940.000       0.000    0.0002    7.369 1089.023    6.200  519.253    1.700
  24900.00 0.153     725.032       7.707    1940.000       0.000    0.0002    7.285  709.836    7.000  517.495    1.770
  24960.00 0.147     726.269       4.444    1660.000       0.000    0.0002    7.256  884.107    9.079  516.565    1.921
  25020.00 0.146     733.221       8.624    1740.000       0.000    0.0002    7.288 1075.046    9.460  518.333    2.602
  25080.00 0.142     745.508       6.403    1940.000       0.000    0.0002    7.408 1130.912    8.153  518.944    2.482
  25140.00 0.140     737.704       9.426    1980.000       0.000    0.0002    7.505 1180.574    8.069  517.924    2.436
  25200.00 0.137     718.895       3.672    1940.000       0.000    0.0002    7.410 1046.206    7.686  516.050    2.345
  25260.00 0.131     730.929       7.732    1940.000       0.000    0.0002    7.120  988.630    8.871  515.573    1.913
  25320.00 0.131     732.639       7.398    1660.000       0.000    0.0002    6.641 1001.098    8.341  513.601    1.978
  25380.00 0.135     738.911       8.784    1940.000       0.000    0.0002    6.042  867.930    6.415  506.429    1.736
  25440.00 0.132     730.018      11.608    1940.000       0.000    0.0002    5.373  755.144    5.630  495.074    1.682
  25500.00 0.134     732.800       7.818    1660.000       0.000    0.0002    4.746  607.062    5.258  486.850    1.371
  25560.00 0.135     734.265       3.521    1500.000       0.000    0.0002    4.162  516.043    5.760  482.427    1.503
  25620.00 0.132     729.536       8.571    1460.000       0.000    0.0002    3.684  475.556    5.710  475.773    1.201
  25680.00 0.138     733.086      10.300    1460.000       0.000    0.0002    3.273  412.501    5.062  467.530    1.338
  25740.00 0.129     733.434      10.528    1580.000       0.000    0.0002    2.949  326.961    4.412  460.444    1.264
  25800.00 0.129     728.582       6.125    1580.000       0.000    0.0002    2.634  236.077    3.850  455.434    1.047
  25860.00 0.131     728.476       7.955    1660.000       0.000    0.0002    2.267  216.398    4.414  452.023    1.132
  25920.00 0.129     717.660      13.585    1500.000       0.000    0.0002    2.056  280.208    5.455  448.844    1.359
  25980.00 0.121     706.721      10.891    1420.000       0.000    0.0002    1.917  295.676    4.975  445.340    1.087
  26040.00 0.118     716.033      10.372    1460.000       0.000    0.0002    1.856  229.230    3.851  441.643    1.083
  26100.00 0.120     719.184       8.735    1420.000       0.000    0.0002    1.813  203.602    3.910  438.679    1.044
  26160.00 0.123     702.942       3.897    1420.000       0.000    0.0002    1.809  246.996    3.558  436.925    1.089
  26220.00 0.125     698.118       9.843    1460.000       0.000    0.0002    1.858  271.402    4.270  435.564    1.262
  26280.00 0.124     685.619       7.937    1500.000       0.000    0.0002    1.960  218.805    3.837  433.547    1.103
  26340.00 0.125     689.980      11.781    1540.000       0.000    0.0002    2.074  172.604    3.306  432.163    0.837
  26400.00 0.127     680.809       8.825    1500.000       0.000    0.0002    2.278  171.103    4.196  433.154    0.968
  26460.00 0.135     682.359      12.087    1460.000       0.000    0.0002    2.517  192.076    3.852  435.175    1.066
  26520.00 0.136     682.158       3.561    1540.000       0.000    0.0002    2.774  254.875    4.468  436.713    1.127
  26580.00 0.138     679.541       8.183    1380.000       0.000    0.0002    3.052  299.673    4.796  437.752    1.255
  26640.00 0.150     685.928       3.681    1540.000       0.000    0.0002    3.388  331.487    5.017  438.467    1.245
  26700.00 0.151     693.971       3.793    1420.000       0.000    0.0002    3.680  351.341    5.218  439.508    1.371
  26760.00 0.155     701.698       7.956    1580.000       0.000    0.0002    3.966  309.291    4.745  441.912    1.151
  26820.00 0.153     700.575       8.435    1460.000       0.000    0.0002    4.166  219.094    4.140  445.082    1.156
  26880.00 0.154     693.217       4.216    1460.000       0.000    0.0002    4.462  317.463    4.444  448.243    1.227
  26940.00 0.160     707.671       5.997    1500.000       0.000    0.0002    4.829  418.510    6.064  453.135    1.542
  27000.00 0.160     710.076      10.626    1540.000       0.000    0.0002    5.269  481.132    6.464  460.071    1.837
  27060.00 0.160     709.085       8.933    1500.000       0.000    0.0002    5.877  576.268    6.802  466.772    1.724
  27120.00 0.163     704.491       5.359    1500.000       0.000    0.0002    6.619  675.645    7.780  474.173    1.944
  27180.00 0.167     713.001       4.627    1460.000       0.000    0.0002    7.343  782.876    8.299  484.476    2.208
  27240.00 0.169     720.751       6.127    1500.000       0.000    0.0002    7.933  939.314   10.031  493.496    2.329
  27300.00 0.166     722.731       6.432    1460.000       0.000    0.0002    8.316 1151.509    7.849  498.194    2.265
  27360.00 0.166     716.412       5.500    1940.000       0.000    0.0002    8.460 1156.501    6.846  502.915    2.155
  27420.00 0.165     727.081       4.978    1940.000       0.000    0.0002    8.451 1007.857    6.761  510.407    2.115
  27480.00 0.161     736.297       7.436    1940.000       0.000    0.0002    8.343  684.324    7.015  518.982    1.797
  27540.00 0.149     739.281       7.941    1620.000       0.000    0.0002    8.239  686.519    6.296  522.677    1.616
  27600.00 0.151     742.654      10.680    1540.000       0.000    0.0002    8.296  754.337    6.990  522.209    1.566
  27660.00 0.152     741.667       8.013    1540.000       0.000    0.0002    8.434  819.821    7.399  524.513    1.750
  27720.00 0.148     741.521       7.107    1620.000       0.000    0.0002    8.740  810.349    7.962  529.487    1.837
  27780.00 0.142     743.087       8.439    1580.000       0.000    0.0002    9.092  913.059    8.297  532.981    1.964
  27840.00 0.145     731.515      10.370    1940.000       0.000    0.0002    9.533  818.122    8.099  536.022    1.820
  27900.00 0.149     749.493      12.340    1700.000       0.000    0.0002    9.922  998.055    7.762  541.415    2.027
  27960.00 0.155     755.861       5.245    1940.000       0.000    0.0002   10.147  857.559    7.369  546.446    1.976
  28020.00 0.158     765.286       9.459    1940.000       0.000    0.0002   10.192  825.135    8.275  552.184    1.931
  28080.00 0.156     764.615       7.692    1540.000       0.000    0.0002   10.237  854.477    8.018  559.383    1.804
  28140.00 0.156     766.771      11.045    1940.000       0.000    0.0002   10.350  797.510    7.716  563.648    2.361
  28200.00 0.167     775.484      10.029    1940.000       0.000    0.0002   10.517  863.467    7.344  565.395    1.991
  28260.00 0.164     777.377      16.841    1620.000       0.000    0.0002   10.667  808.471    7.986  570.763    1.972
  28320.00 0.168     776.332      12.402    1940.000       0.000    0.0002   10.624  838.151    8.463  576.876    1.979
  28380.00 0.165     785.976       9.970    1940.000       0.000    0.0002   10.300  879.862    8.607  577.010    1.900
  28440.00 0.163     772.264      10.735    1940.000       0.000    0.0002    9.888  780.668    7.447  572.823    1.771
  28500.00 0.163     773.403      10.615    1940.000       0.000    0.0002    9.341  845.028    6.460  570.829    1.691
  28560.00 0.162     774.683       7.553    1940.000       0.000    0.0002    8.775  872.037    7.230  571.680    2.176
  28620.00 0.158     755.123       6.759    1940.000       0.000    0.0002    8.426  782.091    7.187  571.117    2.170
  28680.00 0.160     742.748       2.443    1940.000       0.000    0.0002    8.128  656.440    6.674  569.400    1.678
  28740.00 0.160     740.122      10.581    1660.000       0.000    0.0002    7.950  761.192    7.781  569.337    1.888
  28800.00 0.159     735.100      10.199    1620.000       0.000    0.0002    7.899  887.613    9.420  569.500    1.993
