#  time      cc     z_cbase    z_ctop_avg  z_ctop_max      zi         we   <<ql>>  <<ql>>_max   w_max   tke     ql_max
     60.00 0.000       0.000       0.000       0.000       0.000    0.0002    0.000    0.000    0.183  616.601    0.000
    120.00 0.000       0.000       0.000       0.000       0.000    0.0002    0.000    0.000    0.317  417.069    0.000
    180.00 0.000       0.000       0.000       0.000       0.000    0.0002    0.000    0.000    0.339  300.112    0.000
    240.00 0.000       0.000       0.000       0.000       0.000    0.0002    0.000    0.000    0.305  225.777    0.000
    300.00 0.000       0.000       0.000       0.000       0.000    0.0002    0.000    0.000    0.248  176.549    0.000
    360.00 0.000       0.000       0.000       0.000       0.000    0.0002    0.000    0.000    0.284  143.379    0.000
    420.00 0.000       0.000       0.000       0.000       0.000    0.0002    0.000    0.000    0.293  121.130    0.000
    480.00 0.000       0.000       0.000       0.000       0.000    0.0002    0.000    0.000    0.308  105.729    0.000
    540.00 0.000       0.000       0.000       0.000       0.000    0.0002    0.000    0.000    0.329   93.892    0.000
    600.00 0.000       0.000       0.000       0.000       0.000    0.0002    0.000    0.000    0.354   84.608    0.000
    660.00 0.000       0.000       0.000       0.000       0.000    0.0002    0.000    0.000    0.377   78.055    0.000
    720.00 0.000       0.000       0.000       0.000       0.000    0.0002    0.000    0.000    0.416   73.746    0.000
    780.00 0.000       0.000       0.000       0.000       0.000    0.0002    0.000    0.000    0.477   70.938    0.000
    840.00 0.000       0.000       0.000       0.000       0.000    0.0002    0.000    0.000    0.532   69.142    0.000
    900.00 0.000       0.000       0.000       0.000       0.000    0.0002    0.000    0.000    0.596   67.908    0.000
    960.00 0.000       0.000       0.000       0.000       0.000    0.0002    0.000    0.000    0.697   67.274    0.000
   1020.00 0.000       0.000       0.000       0.000       0.000    0.0002    0.000    0.000    0.737   67.732    0.000
   1080.00 0.000       0.000       0.000       0.000       0.000    0.0002    0.000    0.000    0.739   69.274    0.000
   1140.00 0.000       0.000       0.000       0.000       0.000    0.0002    0.000    0.000    0.805   71.493    0.000
   1200.00 0.000       0.000       0.000       0.000       0.000    0.0002    0.000    0.000    0.850   74.349    0.000
   1260.00 0.000     580.000       0.000     580.000       0.000    0.0002    0.000    0.476    0.941   78.036    0.011
   1320.00 0.003     566.667       0.000     580.000       0.000    0.0002    0.003    2.044    1.074   82.670    0.046
   1380.00 0.006     566.087       0.000     580.000       0.000    0.0002    0.011    4.581    1.268   88.430    0.094
   1440.00 0.012     564.314       0.000     580.000       0.000    0.0002    0.032    7.917    1.373   95.404    0.126
   1500.00 0.022     566.517       0.000     660.000       0.000    0.0002    0.072   13.426    1.306  103.476    0.195
   1560.00 0.033     568.060       8.060     660.000       0.000    0.0002    0.140   20.799    1.300  112.592    0.246
   1620.00 0.049     567.400       5.600     660.000       0.000    0.0002    0.254   36.448    1.674  122.781    0.359
   1680.00 0.064     568.092       7.252     700.000       0.000    0.0002    0.430   57.136    1.897  133.979    0.477
   1740.00 0.083     567.176       5.353     700.000       0.000    0.0002    0.690   88.253    1.971  146.072    0.618
   1800.00 0.100     569.242       4.352     780.000       0.000    0.0002    1.033  115.860    2.617  158.889    0.688
   1860.00 0.116     570.252      13.571     820.000       0.000    0.0002    1.464  162.374    2.980  172.069    0.923
   1920.00 0.131     569.607       8.972     780.000       0.000    0.0002    2.005  204.500    3.235  185.384    0.954
   1980.00 0.148     569.786       3.954     820.000       0.000    0.0002    2.670  240.308    3.823  198.656    1.009
   2040.00 0.166     571.976       6.460     860.000       0.000    0.0002    3.402  276.504    3.985  211.423    1.002
   2100.00 0.175     574.756       3.515    1300.000       0.000    0.0002    4.213  300.614    3.874  223.410    1.045
   2160.00 0.186     576.846       6.649    1300.000       0.000    0.0002    5.057  333.326    4.347  234.379    1.113
   2220.00 0.191     580.563       6.547    1300.000       0.000    0.0002    5.874  354.578    4.187  243.940    1.100
   2280.00 0.199     585.092       6.022    1300.000       0.000    0.0002    6.626  420.278    5.102  252.000    1.241
   2340.00 0.200     593.398       4.629    1340.000       0.000    0.0002    7.212  507.022    5.239  258.157    1.230
   2400.00 0.202     600.895       5.538    1300.000       0.000    0.0002    7.648  528.608    4.836  262.242    1.314
   2460.00 0.200     601.001       6.496    1380.000       0.000    0.0002    7.980  529.296    5.111  264.484    1.308
   2520.00 0.202     605.472       4.891    1420.000       0.000    0.0002    8.170  519.231    4.866  265.173    1.223
   2580.00 0.198     613.276       9.493    1460.000       0.000    0.0002    8.217  493.103    5.039  264.109    1.123
   2640.00 0.189     615.297       9.432    1380.000       0.000    0.0002    8.043  560.429    4.343  261.138    1.046
   2700.00 0.186     618.635      11.785    1380.000       0.000    0.0002    7.746  612.790    4.278  257.045    1.098
   2760.00 0.182     623.485       4.155    1420.000       0.000    0.0002    7.276  631.730    4.241  251.810    1.325
   2820.00 0.181     633.225       3.563    1300.000       0.000    0.0002    6.674  582.987    4.107  245.157    1.132
   2880.00 0.175     636.848       7.057    1300.000       0.000    0.0002    5.983  485.114    4.075  237.620    1.053
   2940.00 0.165     641.333       4.711    1420.000       0.000    0.0002    5.186  391.095    4.271  230.110    1.245
   3000.00 0.157     632.484      13.261    1500.000       0.000    0.0002    4.471  338.571    4.048  223.128    0.926
   3060.00 0.152     633.612       7.640    1340.000       0.000    0.0002    3.903  310.859    3.843  216.236    1.106
   3120.00 0.141     634.671       6.851    1420.000       0.000    0.0002    3.497  282.888    3.690  209.150    0.958
   3180.00 0.132     631.091       8.244    1340.000       0.000    0.0002    3.244  327.442    3.413  202.233    0.977
   3240.00 0.123     627.287       7.921    1340.000       0.000    0.0002    3.076  363.362    3.753  196.296    1.053
   3300.00 0.120     628.408       8.327    1300.000       0.000    0.0002    2.922  417.768    4.359  191.904    1.129
   3360.00 0.116     636.287       5.401    1380.000       0.000    0.0002    2.773  445.638    4.798  188.654    1.076
   3420.00 0.109     633.303      11.551    1420.000       0.000    0.0002    2.644  462.454    3.872  185.623    0.969
   3480.00 0.110     640.488      11.042    1460.000       0.000    0.0002    2.510  404.231    3.638  182.426    1.016
   3540.00 0.109     641.387       8.949    1380.000       0.000    0.0002    2.334  409.406    4.375  179.285    1.156
   3600.00 0.111     643.488       8.477    1300.000       0.000    0.0002    2.159  460.950    4.660  176.309    0.986
   3660.00 0.111     644.088      16.659    1340.000       0.000    0.0002    1.942  472.927    3.963  173.625    0.833
   3720.00 0.104     636.753       4.376    1300.000       0.000    0.0002    1.734  413.627    3.147  171.671    0.820
   3780.00 0.103     631.211      12.969    1340.000       0.000    0.0002    1.547  324.547    3.342  170.158    1.074
   3840.00 0.099     626.931       6.238    1300.000       0.000    0.0002    1.360  280.789    4.053  168.667    1.070
   3900.00 0.102     624.391      10.931    1300.000       0.000    0.0002    1.247  213.864    3.262  167.303    0.832
   3960.00 0.099     620.591       9.655    1300.000       0.000    0.0002    1.204  279.322    3.621  166.305    1.022
   4020.00 0.103     623.905       7.667    1300.000       0.000    0.0002    1.192  338.205    4.002  165.931    1.085
   4080.00 0.098     624.268       5.955    1100.000       0.000    0.0002    1.207  314.667    3.755  165.927    1.018
   4140.00 0.093     615.579       6.421    1300.000       0.000    0.0002    1.191  231.518    2.719  165.931    0.767
   4200.00 0.091     613.531       4.690    1300.000       0.000    0.0002    1.167  169.088    2.770  166.054    0.861
   4260.00 0.093     614.316       8.053    1220.000       0.000    0.0002    1.168  178.040    2.999  166.509    0.817
   4320.00 0.095     614.653       4.679    1100.000       0.000    0.0002    1.181  157.114    2.751  167.216    0.789
   4380.00 0.097     608.917       7.909    1300.000       0.000    0.0002    1.248  154.033    2.778  167.901    0.765
   4440.00 0.101     610.605      10.266    1300.000       0.000    0.0002    1.332  169.002    3.087  168.667    0.787
   4500.00 0.102     619.519       6.058    1260.000       0.000    0.0002    1.466  174.135    3.241  169.863    0.806
   4560.00 0.102     609.832      10.935    1300.000       0.000    0.0002    1.620  199.618    3.296  171.543    0.832
   4620.00 0.107     611.050      10.274    1300.000       0.000    0.0002    1.796  221.830    3.228  173.448    0.946
   4680.00 0.113     607.592       6.768    1300.000       0.000    0.0002    1.977  267.593    3.676  175.455    0.989
   4740.00 0.117     606.250       8.417    1300.000       0.000    0.0002    2.186  347.021    4.436  177.818    1.235
   4800.00 0.119     603.162      10.226    1340.000       0.000    0.0002    2.409  506.631    5.388  180.798    1.474
   4860.00 0.123     605.635       7.579    1300.000       0.000    0.0002    2.620  616.859    5.582  183.929    1.443
   4920.00 0.128     609.943       6.133    1300.000       0.000    0.0002    2.816  686.432    5.831  186.770    1.507
   4980.00 0.122     603.200       7.240    1420.000       0.000    0.0002    3.018  708.677    5.308  189.255    1.554
   5040.00 0.127     610.829       9.364    1460.000       0.000    0.0002    3.180  724.666    4.555  191.537    1.465
   5100.00 0.127     611.017      11.401    1380.000       0.000    0.0002    3.229  630.587    3.635  193.796    1.281
   5160.00 0.129     610.170      12.136    1500.000       0.000    0.0002    3.236  484.285    3.796  196.608    1.198
   5220.00 0.130     611.386       4.869    1500.000       0.000    0.0002    3.284  324.933    4.111  198.939    1.127
   5280.00 0.132     614.381       9.131    1300.000       0.000    0.0002    3.395  370.161    3.392  200.093    0.929
   5340.00 0.128     616.329       9.713    1300.000       0.000    0.0002    3.511  399.861    3.373  201.410    0.964
   5400.00 0.131     614.115      12.961    1380.000       0.000    0.0002    3.623  387.883    3.651  203.431    1.017
   5460.00 0.129     623.106       9.924    1340.000       0.000    0.0002    3.711  346.799    4.120  205.905    1.084
   5520.00 0.132     620.815       6.630    1380.000       0.000    0.0002    3.802  339.020    3.887  207.926    1.054
   5580.00 0.135     620.870       8.370    1380.000       0.000    0.0002    3.883  299.468    4.004  209.393    0.924
   5640.00 0.140     622.304      10.157    1420.000       0.000    0.0002    3.992  336.296    3.962  210.808    0.936
   5700.00 0.146     624.281       6.789    1420.000       0.000    0.0002    4.088  368.449    4.403  212.475    1.064
   5760.00 0.141     629.359       4.437    1420.000       0.000    0.0002    4.177  351.130    3.878  214.646    1.086
   5820.00 0.142     626.038       7.513    1420.000       0.000    0.0002    4.302  363.858    5.197  217.412    1.157
   5880.00 0.142     626.000       9.897    1300.000       0.000    0.0002    4.440  394.933    5.059  220.356    1.102
   5940.00 0.146     626.499      10.151    1340.000       0.000    0.0002    4.563  334.074    4.173  223.330    1.178
   6000.00 0.148     631.184       6.118    1460.000       0.000    0.0002    4.693  392.062    4.697  226.277    1.365
   6060.00 0.150     636.770       9.070    1380.000       0.000    0.0002    4.804  483.143    5.318  228.888    1.521
   6120.00 0.146     637.000       2.067    1300.000       0.000    0.0002    4.801  517.849    6.082  230.820    1.500
   6180.00 0.151     638.029       5.719    1460.000       0.000    0.0002    4.682  475.020    5.230  231.868    1.290
   6240.00 0.151     632.387       6.258    1380.000       0.000    0.0002    4.548  372.374    4.980  232.672    1.165
   6300.00 0.151     630.000       8.323    1420.000       0.000    0.0002    4.391  330.754    4.389  233.462    0.860
   6360.00 0.150     635.440       6.156    1380.000       0.000    0.0002    4.236  310.478    3.387  233.708    0.861
   6420.00 0.155     634.534       5.087    1340.000       0.000    0.0002    4.190  302.839    3.895  234.002    1.016
   6480.00 0.150     619.869      12.920    1300.000       0.000    0.0002    4.283  337.458    3.910  234.829    1.063
   6540.00 0.150     627.727      11.104    1300.000       0.000    0.0002    4.474  437.776    3.577  236.310    0.946
   6600.00 0.149     626.601      10.425    1300.000       0.000    0.0002    4.786  558.918    4.208  238.836    1.281
   6660.00 0.146     622.200       7.000    1380.000       0.000    0.0002    5.224  666.882    5.050  242.266    1.451
   6720.00 0.152     627.536       5.990    1380.000       0.000    0.0002    5.624  737.082    4.826  245.500    1.453
   6780.00 0.153     627.592       6.380    1380.000       0.000    0.0002    5.985  805.244    5.085  248.305    1.185
   6840.00 0.156     640.345       7.064    1380.000       0.000    0.0002    6.331  858.356    4.989  251.804    1.285
   6900.00 0.161     645.295       7.110    1420.000       0.000    0.0002    6.680  828.460    6.440  256.210    1.774
   6960.00 0.158     650.788       6.739    1420.000       0.000    0.0002    6.981  782.144    7.237  259.849    1.572
   7020.00 0.153     651.821       1.853    1460.000       0.000    0.0002    7.152  923.252    7.434  262.439    1.897
   7080.00 0.148     658.350      12.838    1460.000       0.000    0.0002    7.145  997.840    5.645  263.818    1.657
   7140.00 0.147     659.867      12.658    1420.000       0.000    0.0002    6.933  849.029    6.310  263.297    2.000
   7200.00 0.145     663.496       7.866    1540.000       0.000    0.0002    6.550  677.872    4.603  262.562    1.550
   7260.00 0.142     666.678       9.157    1620.000       0.000    0.0002    6.083  598.086    4.727  262.503    1.341
   7320.00 0.142     666.345       6.966    1540.000       0.000    0.0002    5.633  583.365    5.321  261.286    1.560
   7380.00 0.144     664.075      10.594    1420.000       0.000    0.0002    5.212  514.853    4.337  257.224    1.526
   7440.00 0.140     664.615       2.308    1500.000       0.000    0.0002    4.803  466.889    3.723  254.135    1.123
   7500.00 0.141     660.276       8.739    1460.000       0.000    0.0002    4.465  440.971    4.616  253.180    1.270
   7560.00 0.148     661.455       6.017    1500.000       0.000    0.0002    4.247  514.201    5.111  252.000    1.482
   7620.00 0.144     658.639       8.946    1460.000       0.000    0.0002    4.176  540.379    4.811  249.560    1.211
   7680.00 0.140     660.349      11.972    1500.000       0.000    0.0002    4.164  486.339    5.086  247.305    1.565
   7740.00 0.140     661.113       8.035    1420.000       0.000    0.0002    4.153  465.379    5.917  245.977    1.655
   7800.00 0.139     656.204       8.436    1420.000       0.000    0.0002    4.128  418.307    5.165  244.940    1.386
   7860.00 0.138     667.337      10.159    1420.000       0.000    0.0002    4.022  417.091    4.126  244.085    1.160
   7920.00 0.134     662.117       9.307    1420.000       0.000    0.0002    3.909  434.337    5.281  244.198    1.172
   7980.00 0.135     659.928      10.833    1460.000       0.000    0.0002    3.802  472.160    6.054  244.229    1.386
   8040.00 0.133     650.330       6.813    1460.000       0.000    0.0002    3.751  574.984    5.776  242.936    1.153
   8100.00 0.135     657.189      15.495    1460.000       0.000    0.0002    3.745  583.670    5.079  242.064    1.367
   8160.00 0.133     652.587       8.844    1420.000       0.000    0.0002    3.779  581.206    5.549  242.830    1.419
   8220.00 0.132     650.314       2.070    1380.000       0.000    0.0002    3.852  565.835    5.431  243.508    1.276
   8280.00 0.137     651.000       8.179    1540.000       0.000    0.0002    3.900  542.221    4.860  243.091    1.242
   8340.00 0.136     654.460       9.496    1660.000       0.000    0.0002    3.977  481.846    4.040  242.993    1.062
   8400.00 0.134     649.781       3.832    1420.000       0.000    0.0002    4.078  456.373    4.207  243.573    1.084
   8460.00 0.132     651.169      10.130    1380.000       0.000    0.0002    4.238  365.307    4.405  244.673    1.199
   8520.00 0.133     656.771       5.431    1420.000       0.000    0.0002    4.374  391.554    4.296  246.203    1.045
   8580.00 0.132     653.875       4.945    1340.000       0.000    0.0002    4.541  436.599    4.476  248.672    1.048
   8640.00 0.134     650.182       4.764    1420.000       0.000    0.0002    4.778  472.151    5.004  251.881    1.194
   8700.00 0.137     644.357       9.679    1340.000       0.000    0.0002    5.002  498.717    5.662  254.909    1.387
   8760.00 0.138     646.102      12.346    1420.000       0.000    0.0002    5.179  600.854    5.593  257.976    1.242
   8820.00 0.141     651.641       5.043    1420.000       0.000    0.0002    5.369  613.904    5.343  262.184    1.407
   8880.00 0.139     647.254       7.007    1420.000       0.000    0.0002    5.557  669.473    5.921  267.334    1.432
   8940.00 0.141     645.234       1.872    1420.000       0.000    0.0002    5.797  689.990    5.964  271.220    1.358
   9000.00 0.142     647.814       3.201    1420.000       0.000    0.0002    6.044  713.909    6.419  272.734    1.513
   9060.00 0.140     645.271       7.853    1460.000       0.000    0.0002    6.101  808.430    7.550  274.258    1.730
   9120.00 0.140     653.298      10.820    1500.000       0.000    0.0002    6.047 1000.711    6.855  277.024    1.843
   9180.00 0.141     660.898       9.948    1460.000       0.000    0.0002    5.832  874.590    6.180  279.188    1.513
   9240.00 0.144     659.389       6.112    1540.000       0.000    0.0002    5.613  688.733    5.005  281.596    1.389
   9300.00 0.146     659.263       7.873    1460.000       0.000    0.0002    5.495  591.989    5.571  283.392    1.475
   9360.00 0.146     657.997       6.878    1420.000       0.000    0.0002    5.572  644.210    5.916  283.500    1.667
   9420.00 0.153     662.360      11.547    1540.000       0.000    0.0002    5.761  690.878    5.306  283.997    1.654
   9480.00 0.154     654.557       4.747    1540.000       0.000    0.0002    5.887  558.882    5.246  284.866    1.553
   9540.00 0.155     654.591       8.491    1420.000       0.000    0.0002    5.960  571.297    4.720  286.321    1.354
   9600.00 0.156     658.563      10.750    1420.000       0.000    0.0002    5.949  571.764    5.002  287.840    1.315
   9660.00 0.158     663.158       5.975    1420.000       0.000    0.0002    5.862  662.060    4.918  288.859    1.408
   9720.00 0.154     662.095       6.508    1420.000       0.000    0.0002    5.852  704.070    5.303  289.507    1.432
   9780.00 0.153     652.611       7.420    1420.000       0.000    0.0002    5.831  653.170    5.308  288.812    1.566
   9840.00 0.148     649.289       6.281    1420.000       0.000    0.0002    5.902  460.033    4.635  288.377    1.522
   9900.00 0.147     656.358      10.596    1460.000       0.000    0.0002    6.054  546.916    5.231  291.494    1.348
   9960.00 0.149     664.393       5.049    1500.000       0.000    0.0002    6.430  589.296    5.400  296.664    1.239
  10020.00 0.155     663.843       7.433    1460.000       0.000    0.0002    6.973  671.729    6.247  302.276    1.366
  10080.00 0.154     659.746       4.794    1420.000       0.000    0.0002    7.713  686.878    5.543  309.863    1.365
  10140.00 0.152     660.385       9.551    1420.000       0.000    0.0002    8.514  730.087    5.915  318.948    1.641
  10200.00 0.152     657.368       6.485    1500.000       0.000    0.0002    9.317  768.886    6.496  327.136    1.526
  10260.00 0.160     665.053       4.201    1540.000       0.000    0.0002    9.903  867.381    6.733  334.535    1.859
  10320.00 0.158     660.371       5.100    1620.000       0.000    0.0002   10.172 1050.203    6.679  341.471    1.784
  10380.00 0.154     665.832       4.374    1580.000       0.000    0.0002   10.064 1123.561    6.867  345.255    2.071
  10440.00 0.155     670.490       6.761    1940.000       0.000    0.0002    9.627  973.325    6.870  345.530    1.809
  10500.00 0.153     676.140       7.719    1540.000       0.000    0.0002    8.984  784.364    5.707  347.259    1.632
  10560.00 0.145     675.203       7.095    1500.000       0.000    0.0002    8.643  656.772    6.291  349.941    1.443
  10620.00 0.146     667.893      13.244    1460.000       0.000    0.0002    8.509  732.715    5.908  348.198    1.914
  10680.00 0.152     674.598       9.582    1460.000       0.000    0.0002    8.412  753.202    6.199  344.459    1.564
  10740.00 0.145     664.054      10.135    1500.000       0.000    0.0002    8.224  890.460    5.963  343.108    1.569
  10800.00 0.144     665.415       5.888    1500.000       0.000    0.0002    8.112 1002.448    5.818  341.880    1.608
  10860.00 0.149     666.219       5.139    1580.000       0.000    0.0002    7.917  852.081    5.571  340.052    1.500
  10920.00 0.146     669.416       8.982    1620.000       0.000    0.0002    7.548  797.474    6.363  338.860    1.629
  10980.00 0.143     685.213       9.710    1580.000       0.000    0.0002    7.228  637.162    5.381  336.570    1.559
  11040.00 0.143     673.265       6.325    1500.000       0.000    0.0002    7.111  572.611    5.336  334.304    1.252
  11100.00 0.147     673.179       5.927    1500.000       0.000    0.0002    7.198  561.985    5.437  334.083    1.296
  11160.00 0.151     681.877      11.262    1420.000       0.000    0.0002    7.265  537.561    5.906  334.274    1.324
  11220.00 0.152     692.179      10.481    1460.000       0.000    0.0002    7.172  598.414    4.912  333.796    1.185
  11280.00 0.156     696.797      10.361    1420.000       0.000    0.0002    7.026  678.905    5.275  332.262    1.235
  11340.00 0.154     703.170      12.488    1500.000       0.000    0.0002    6.787  785.528    5.068  330.539    1.412
  11400.00 0.148     707.921       7.261    1580.000       0.000    0.0002    6.519  864.101    5.483  330.152    1.545
  11460.00 0.143     715.248      11.624    1540.000       0.000    0.0002    6.195  856.557    5.024  329.545    1.463
  11520.00 0.138     699.647      10.864    1540.000       0.000    0.0002    5.876  779.014    5.898  327.982    1.380
  11580.00 0.138     698.867       5.841    1500.000       0.000    0.0002    5.656  751.417    5.886  327.096    1.348
  11640.00 0.133     679.227      11.234    1500.000       0.000    0.0002    5.582  673.339    6.093  327.733    1.461
  11700.00 0.130     682.857       6.015    1460.000       0.000    0.0002    5.686  749.281    6.794  327.994    1.340
  11760.00 0.131     671.589       3.327    1460.000       0.000    0.0002    5.871  804.968    5.475  328.360    1.380
  11820.00 0.132     677.671       3.808    1540.000       0.000    0.0002    6.027  615.717    5.474  330.414    1.562
  11880.00 0.133     679.817       3.303    1660.000       0.000    0.0002    6.141  596.528    5.813  332.522    1.781
  11940.00 0.129     672.448       3.112    1620.000       0.000    0.0002    6.265  601.454    5.879  334.789    1.845
  12000.00 0.137     689.857      14.643    1500.000       0.000    0.0002    6.405  678.422    5.213  337.278    1.588
  12060.00 0.134     678.506       3.461    1540.000       0.000    0.0002    6.434  617.343    5.523  337.586    1.788
  12120.00 0.134     683.473       6.545    1660.000       0.000    0.0002    6.292  610.415    5.439  337.771    1.550
  12180.00 0.136     676.029      12.200    1660.000       0.000    0.0002    5.994  664.534    6.039  339.339    1.605
  12240.00 0.136     673.548       3.333    1540.000       0.000    0.0002    5.803  768.807    7.257  339.755    1.497
  12300.00 0.134     668.306      10.674    1420.000       0.000    0.0002    5.667  916.123    6.128  338.829    1.470
  12360.00 0.135     669.386       3.069    1420.000       0.000    0.0002    5.711  886.734    5.728  339.022    1.613
  12420.00 0.143     669.761       6.758    1500.000       0.000    0.0002    5.748  728.883    5.290  338.672    1.715
  12480.00 0.143     673.356       6.746    1460.000       0.000    0.0002    5.671  676.554    5.936  338.055    1.481
  12540.00 0.141     659.722       7.917    1500.000       0.000    0.0002    5.532  575.979    6.152  337.387    1.365
  12600.00 0.141     663.322       8.997    1460.000       0.000    0.0002    5.422  506.789    4.915  336.639    1.219
  12660.00 0.137     668.913       8.877    1540.000       0.000    0.0002    5.393  399.043    4.820  336.928    1.332
  12720.00 0.134     666.934       2.774    1420.000       0.000    0.0002    5.524  424.238    5.191  336.962    1.285
  12780.00 0.137     684.654      15.773    1460.000       0.000    0.0002    5.702  512.340    5.570  337.569    1.354
  12840.00 0.140     680.314      12.496    1500.000       0.000    0.0002    6.016  658.563    5.382  340.681    1.300
  12900.00 0.134     692.117       5.255    1420.000       0.000    0.0002    6.445  771.905    6.535  345.690    1.579
  12960.00 0.138     694.053       3.823    1420.000       0.000    0.0002    7.000  844.143    8.198  353.565    1.682
  13020.00 0.131     697.840      10.652    1460.000       0.000    0.0002    7.458  996.031    8.651  361.902    2.044
  13080.00 0.127     686.054       8.774    1940.000       0.000    0.0002    7.672 1173.722    9.004  366.408    2.021
  13140.00 0.129     694.934       4.121    1940.000       0.000    0.0002    7.529 1304.035    6.928  368.011    2.005
  13200.00 0.124     679.018       8.251    1980.000       0.000    0.0002    6.906 1398.247    7.727  368.171    2.280
  13260.00 0.128     674.379       7.075    1540.000       0.000    0.0002    6.092 1163.814    5.997  365.294    1.776
  13320.00 0.121     659.920       4.909    1940.000       0.000    0.0002    5.083  855.652    6.002  359.534    1.478
  13380.00 0.119     664.663       6.380    1580.000       0.000    0.0002    4.211  580.892    5.128  352.632    1.209
  13440.00 0.126     661.161       7.427    1580.000       0.000    0.0002    3.533  499.053    5.124  345.475    1.065
  13500.00 0.129     666.755      12.600    1500.000       0.000    0.0002    3.026  369.113    4.687  337.000    1.087
  13560.00 0.136     672.258       3.118    1500.000       0.000    0.0002    2.662  269.102    4.218  330.818    0.893
  13620.00 0.136     663.649       8.301    1460.000       0.000    0.0002    2.526  253.560    3.994  326.865    0.839
  13680.00 0.136     665.438       6.619    1500.000       0.000    0.0002    2.519  235.130    3.433  322.748    0.846
  13740.00 0.140     664.808       7.387    1540.000       0.000    0.0002    2.588  185.125    3.466  319.972    0.913
  13800.00 0.141     668.735       6.447    1500.000       0.000    0.0002    2.754  227.862    4.099  319.781    0.999
  13860.00 0.141     668.152       6.390    1500.000       0.000    0.0002    2.973  250.136    4.572  319.855    1.014
  13920.00 0.147     670.795       3.543    1460.000       0.000    0.0002    3.263  258.736    4.650  319.189    1.060
  13980.00 0.150     667.220       3.220    1380.000       0.000    0.0002    3.596  278.299    4.472  319.889    1.054
  14040.00 0.147     667.920       5.957    1460.000       0.000    0.0002    3.927  377.745    4.870  322.829    1.116
  14100.00 0.150     669.707       9.707    1500.000       0.000    0.0002    4.280  442.504    5.019  325.655    1.083
  14160.00 0.155     671.483       6.372    1460.000       0.000    0.0002    4.584  434.070    4.685  327.602    1.237
  14220.00 0.153     672.166      10.127    1340.000       0.000    0.0002    4.900  406.972    5.149  330.644    1.262
  14280.00 0.152     668.746      11.736    1420.000       0.000    0.0002    5.260  419.244    5.189  335.064    1.222
  14340.00 0.154     671.220       8.146    1500.000       0.000    0.0002    5.520  437.791    5.716  338.327    1.339
  14400.00 0.158     681.577      11.036    1420.000       0.000    0.0002    5.484  482.157    5.383  339.884    1.436
  14460.00 0.158     684.768       4.644    1580.000       0.000    0.0002    5.270  478.716    5.025  341.279    1.323
  14520.00 0.158     687.079      10.170    1580.000       0.000    0.0002    5.003  445.950    5.076  341.851    1.392
  14580.00 0.156     692.012       5.835    1500.000       0.000    0.0002    4.784  487.361    5.432  341.157    1.324
  14640.00 0.150     685.714      13.117    1540.000       0.000    0.0002    4.666  477.740    5.870  340.716    1.404
  14700.00 0.156     675.047       5.831    1580.000       0.000    0.0002    4.674  561.412    6.023  341.445    1.493
  14760.00 0.153     671.054       9.585    1380.000       0.000    0.0002    4.730  455.831    5.369  342.376    1.208
  14820.00 0.151     664.194       8.129    1540.000       0.000    0.0002    4.871  443.752    5.583  344.380    1.241
  14880.00 0.156     663.619       2.902    1420.000       0.000    0.0002    5.089  510.181    5.761  346.219    1.367
  14940.00 0.158     670.786       5.794    1500.000       0.000    0.0002    5.202  480.473    5.665  346.900    1.405
  15000.00 0.155     679.526       7.962    1540.000       0.000    0.0002    5.350  459.098    4.784  347.822    1.432
  15060.00 0.154     681.870      15.531    1460.000       0.000    0.0002    5.384  392.831    4.957  349.212    1.412
  15120.00 0.156     688.634       8.666    1460.000       0.000    0.0002    5.340  453.215    5.610  351.089    1.149
  15180.00 0.158     683.060       0.000    1460.000       0.000    0.0002    5.253  578.266    5.814  353.317    1.358
  15240.00 0.151     684.426       8.304    1420.000       0.000    0.0002    5.202  648.311    5.719  354.518    1.355
  15300.00 0.153     692.907       2.109    1460.000       0.000    0.0002    5.078  656.590    5.567  353.234    1.519
  15360.00 0.149     692.381       7.028    1420.000       0.000    0.0002    5.021  467.226    5.497  351.500    1.231
  15420.00 0.148     689.786      12.092    1460.000       0.000    0.0002    5.070  446.162    5.532  353.209    1.119
  15480.00 0.149     680.690      12.578    1540.000       0.000    0.0002    5.281  528.750    5.453  357.752    1.366
  15540.00 0.150     676.753      13.214    1460.000       0.000    0.0002    5.509  619.609    6.421  362.530    1.600
  15600.00 0.147     682.649       2.053    1460.000       0.000    0.0002    5.742  695.218    6.772  367.040    1.736
  15660.00 0.149     681.830       6.863    1460.000       0.000    0.0002    6.109  740.244    7.155  370.818    1.686
  15720.00 0.156     680.688       5.344    1540.000       0.000    0.0002    6.403  921.435    7.939  374.312    1.958
  15780.00 0.152     673.248       5.627    1620.000       0.000    0.0002    6.607  912.193    6.647  377.758    1.743
  15840.00 0.160     675.854       2.470    1580.000       0.000    0.0002    6.685  849.639    6.002  379.460    1.947
  15900.00 0.164     676.632      14.218    1540.000       0.000    0.0002    6.551  747.544    7.351  380.592    1.600
  15960.00 0.168     670.000       6.221    1580.000       0.000    0.0002    6.251  844.984    7.958  381.644    1.918
  16020.00 0.172     672.859       2.817    1620.000       0.000    0.0002    5.916  907.938    5.493  379.823    1.514
  16080.00 0.173     675.085       7.175    1540.000       0.000    0.0002    5.647  657.337    5.665  377.707    1.663
  16140.00 0.180     677.011       5.598    1620.000       0.000    0.0002    5.493  504.130    6.202  378.746    1.191
  16200.00 0.177     679.392       6.961    1460.000       0.000    0.0002    5.617  573.943    6.038  379.991    1.317
  16260.00 0.176     676.787       6.981    1420.000       0.000    0.0002    6.023  704.227    6.589  381.814    1.747
  16320.00 0.172     675.000       5.739    1500.000       0.000    0.0002    6.669  785.260    6.714  385.759    1.842
  16380.00 0.177     673.793       6.041    1620.000       0.000    0.0002    7.359  686.673    7.287  390.886    1.732
  16440.00 0.174     683.708       1.854    1500.000       0.000    0.0002    8.033  883.153    9.057  397.231    1.834
  16500.00 0.171     693.162       9.345    1500.000       0.000    0.0002    8.546 1222.508    8.566  405.096    1.924
  16560.00 0.168     694.818       9.665    1940.000       0.000    0.0002    8.860 1369.541    8.113  412.877    2.065
  16620.00 0.167     707.018       9.883    1540.000       0.000    0.0002    8.889 1223.642    7.171  415.823    2.446
  16680.00 0.161     704.674       8.558    1940.000       0.000    0.0002    8.814 1043.301    5.947  416.707    1.637
  16740.00 0.166     710.383       7.699    1940.000       0.000    0.0002    8.701  703.317    5.994  419.879    1.524
  16800.00 0.160     701.159       9.817    1540.000       0.000    0.0002    8.577  484.746    5.831  423.193    1.295
  16860.00 0.163     706.967      11.051    1580.000       0.000    0.0002    8.657  516.177    6.363  425.532    1.535
  16920.00 0.163     707.474       7.683    1540.000       0.000    0.0002    8.899  632.654    5.825  428.159    1.838
  16980.00 0.165     707.526       8.652    1540.000       0.000    0.0002    9.210  641.568    6.129  430.281    1.851
  17040.00 0.166     714.471       5.000    1500.000       0.000    0.0002    9.543  637.137    6.060  431.743    1.884
  17100.00 0.166     722.360       9.705    1580.000       0.000    0.0002    9.709  687.055    7.025  435.648    1.583
  17160.00 0.173     723.819       4.526    1580.000       0.000    0.0002    9.549  795.173    8.206  441.823    1.961
  17220.00 0.167     735.777      13.138    1580.000       0.000    0.0002    9.209  764.746    7.467  444.355    1.936
  17280.00 0.163     727.246       4.491    1940.000       0.000    0.0002    8.835  620.076    5.911  443.350    1.628
  17340.00 0.158     712.879       7.152    1620.000       0.000    0.0002    8.622  549.420    6.641  442.410    1.731
  17400.00 0.156     711.063       6.344    1660.000       0.000    0.0002    8.551  706.819    6.209  442.682    1.508
  17460.00 0.159     704.862      12.246    1460.000       0.000    0.0002    8.571  696.537    6.211  442.919    1.641
  17520.00 0.166     700.884       6.627    1500.000       0.000    0.0002    8.623  864.734    5.773  441.756    2.050
  17580.00 0.170     705.698       8.604    1500.000       0.000    0.0002    8.698  853.702    5.797  439.954    1.706
  17640.00 0.168     707.103       9.898    1540.000       0.000    0.0002    8.531  721.870    6.537  440.693    1.549
  17700.00 0.168     711.495       9.347    1540.000       0.000    0.0002    8.258  810.787    6.837  443.527    1.587
  17760.00 0.164     709.510       6.330    1540.000       0.000    0.0002    7.979  836.934    7.248  445.433    1.722
  17820.00 0.164     711.412       7.251    1540.000       0.000    0.0002    7.686  936.466    8.809  446.197    1.890
  17880.00 0.165     713.885       6.115    1540.000       0.000    0.0002    7.275 1069.825    7.437  444.503    2.056
  17940.00 0.164     718.361       7.273    1540.000       0.000    0.0002    6.704  995.635    6.958  437.735    2.087
  18000.00 0.159     708.515       5.054    1940.000       0.000    0.0002    6.014  860.092    6.983  432.477    1.801
  18060.00 0.154     706.041       5.151    1540.000       0.000    0.0002    5.369  841.914    7.276  433.038    1.735
  18120.00 0.153     710.255       9.682    1540.000       0.000    0.0002    5.019  650.645    6.520  427.865    1.735
  18180.00 0.153     693.930      12.300    1740.000       0.000    0.0002    4.987  535.983    5.819  417.452    1.527
  18240.00 0.146     708.040       7.102    1580.000       0.000    0.0002    5.161  383.572    6.133  413.981    1.272
  18300.00 0.148     702.314       6.380    1620.000       0.000    0.0002    5.399  450.377    6.359  416.745    1.387
  18360.00 0.146     709.447       7.069    1540.000       0.000    0.0002    5.801  529.964    5.944  418.035    1.461
  18420.00 0.141     702.763       9.845    1500.000       0.000    0.0002    6.230  552.776    5.834  419.012    1.301
  18480.00 0.139     696.427       9.562    1620.000       0.000    0.0002    6.627  539.429    6.062  422.021    1.426
  18540.00 0.137     696.163      12.860    1580.000       0.000    0.0002    6.827  475.596    5.662  425.196    1.347
  18600.00 0.142     708.508      10.840    1580.000       0.000    0.0002    7.004  448.821    6.479  429.021    1.398
  18660.00 0.147     706.954      10.166    1500.000       0.000    0.0002    7.130  485.063    5.504  433.156    1.475
  18720.00 0.152     713.633      10.707    1620.000       0.000    0.0002    7.173  509.445    6.930  436.170    1.540
  18780.00 0.151     724.919      12.945    1460.000       0.000    0.0002    7.205  536.430    6.181  436.568    1.353
  18840.00 0.153     729.219      12.249    1540.000       0.000    0.0002    7.150  554.634    6.494  436.827    1.400
  18900.00 0.151     728.867      12.330    1620.000       0.000    0.0002    7.256  463.522    6.613  439.128    1.532
  18960.00 0.150     720.813       7.480    1620.000       0.000    0.0002    7.314  479.862    6.103  441.527    1.368
  19020.00 0.152     722.600       6.645    1540.000       0.000    0.0002    7.516  490.970    6.460  444.515    1.533
  19080.00 0.154     728.653      13.629    1540.000       0.000    0.0002    7.792  563.355    6.504  448.789    1.676
  19140.00 0.152     723.242       9.181    1500.000       0.000    0.0002    8.186  719.442    7.299  452.102    1.866
  19200.00 0.153     729.265      10.479    1460.000       0.000    0.0002    8.612  745.056    6.436  455.222    1.802
  19260.00 0.154     713.841       1.714    1500.000       0.000    0.0002    9.082  689.692    7.595  462.571    1.759
  19320.00 0.149     715.033       5.425    1540.000       0.000    0.0002    9.774  877.724    9.060  474.598    1.856
  19380.00 0.147     707.987       7.920    1460.000       0.000    0.0002   10.472 1061.481    9.416  488.144    2.054
  19440.00 0.149     711.100       4.992    1940.000       0.000    0.0002   11.270 1224.134    9.186  498.944    2.475
  19500.00 0.145     709.932       9.020    1940.000       0.000    0.0002   11.885 1235.565    8.261  504.305    2.184
  19560.00 0.143     717.641      13.709    1940.000       0.000    0.0002   12.128  962.851    7.959  507.461    2.333
  19620.00 0.138     711.115      10.796    1940.000       0.000    0.0002   12.050  856.144    7.644  514.516    2.336
  19680.00 0.142     714.552       7.586    1940.000       0.000    0.0002   11.610  919.000    7.652  521.066    1.867
  19740.00 0.144     718.780       8.780    1940.000       0.000    0.0002   10.746  843.466    8.703  522.703    1.847
  19800.00 0.143     731.468       6.587    1580.000       0.000    0.0002    9.697  903.522    7.366  515.639    1.826
  19860.00 0.138     718.478      10.230    1940.000       0.000    0.0002    8.799  816.413    7.288  499.658    1.696
  19920.00 0.143     724.615      11.556    1940.000       0.000    0.0002    7.987  776.990    6.500  488.205    2.159
  19980.00 0.143     710.188       8.171    1940.000       0.000    0.0002    7.301  663.060    6.266  485.091    1.498
  20040.00 0.143     713.767      18.219    1500.000       0.000    0.0002    6.671  808.328    7.212  481.159    1.668
  20100.00 0.135     705.425       3.544    1620.000       0.000    0.0002    6.178 1024.279    7.434  472.117    1.687
  20160.00 0.137     715.133       9.236    1580.000       0.000    0.0002    5.704 1067.602    6.084  463.319    1.866
  20220.00 0.137     719.643       7.929    1940.000       0.000    0.0002    5.309  981.487    6.790  457.030    1.952
  20280.00 0.134     709.018      10.000    1540.000       0.000    0.0002    4.835  879.869    5.214  452.197    1.496
  20340.00 0.131     700.149       5.428    1500.000       0.000    0.0002    4.361  563.522    4.705  449.010    1.151
  20400.00 0.128     692.229       7.657    1500.000       0.000    0.0002    4.109  388.779    5.275  444.795    1.207
  20460.00 0.136     693.885       6.151    1460.000       0.000    0.0002    4.123  400.763    4.780  437.431    1.163
  20520.00 0.136     700.859       5.903    1500.000       0.000    0.0002    4.219  346.345    4.311  433.731    1.059
  20580.00 0.142     703.029       6.713    1500.000       0.000    0.0002    4.424  282.958    4.806  434.661    1.209
  20640.00 0.140     709.268       7.596    1460.000       0.000    0.0002    4.660  370.263    5.719  434.640    1.212
  20700.00 0.136     711.111       5.520    1540.000       0.000    0.0002    4.917  413.115    6.316  435.478    1.246
  20760.00 0.141     714.464       6.782    1580.000       0.000    0.0002    5.192  569.705    5.998  437.881    1.320
  20820.00 0.134     728.800      10.655    1580.000       0.000    0.0002    5.487  786.666    7.706  439.268    1.687
  20880.00 0.137     715.160       6.940    1580.000       0.000    0.0002    5.728  930.896    7.021  440.218    1.753
  20940.00 0.136     708.658      10.197    1940.000       0.000    0.0002    5.835  752.940    7.013  441.812    1.746
  21000.00 0.142     723.408       7.676    1500.000       0.000    0.0002    5.817  609.061    5.311  444.463    1.359
  21060.00 0.139     712.887       8.380    1540.000       0.000    0.0002    5.886  543.013    5.258  448.542    1.418
  21120.00 0.140     714.330       7.513    1540.000       0.000    0.0002    5.984  516.791    6.284  451.390    1.444
  21180.00 0.131     720.484       5.326    1460.000       0.000    0.0002    6.181  652.717    6.707  454.696    1.494
  21240.00 0.134     721.938      11.298    1500.000       0.000    0.0002    6.534  722.528    6.925  459.950    1.900
  21300.00 0.139     735.712      11.740    1460.000       0.000    0.0002    6.837  742.349    7.068  464.496    1.683
  21360.00 0.141     742.625       4.145    1420.000       0.000    0.0002    6.950  735.787    7.062  467.917    1.937
  21420.00 0.136     753.957       6.547    1940.000       0.000    0.0002    6.973  639.179    8.041  470.002    1.777
  21480.00 0.144     758.095       4.184    1580.000       0.000    0.0002    6.645  666.784    7.296  469.948    1.912
  21540.00 0.145     764.257       9.797    1620.000       0.000    0.0002    5.998  566.415    7.157  468.308    1.637
  21600.00 0.144     756.068       6.983    1620.000       0.000    0.0002    5.469  520.101    6.649  465.014    1.517
  21660.00 0.148     743.822       9.588    1580.000       0.000    0.0002    5.065  655.335    8.313  461.664    1.577
  21720.00 0.148     742.050      15.074    1540.000       0.000    0.0002    4.951  907.434    8.850  460.144    1.677
  21780.00 0.144     722.470       7.817    1540.000       0.000    0.0002    5.059 1115.835    8.925  459.599    2.199
  21840.00 0.139     703.923       3.257    1940.000       0.000    0.0002    5.203 1093.932    8.976  459.404    2.242
  21900.00 0.144     685.559       8.373    1940.000       0.000    0.0002    5.281 1184.478    7.172  458.392    2.382
  21960.00 0.145     693.950       8.370    1940.000       0.000    0.0002    5.131  930.035    5.846  456.082    1.527
  22020.00 0.147     692.781       6.623    1500.000       0.000    0.0002    4.868  528.067    5.161  454.947    1.314
  22080.00 0.149     693.922       7.026    1620.000       0.000    0.0002    4.782  466.966    5.463  454.901    1.289
  22140.00 0.150     696.743      10.977    1540.000       0.000    0.0002    4.655  436.618    5.307  452.439    1.333
  22200.00 0.153     697.448       5.072    1580.000       0.000    0.0002    4.671  458.140    6.863  449.213    1.601
  22260.00 0.155     685.994      14.574    1500.000       0.000    0.0002    4.711  511.695    7.263  445.894    1.611
  22320.00 0.155     695.008       8.468    1500.000       0.000    0.0002    4.762  518.085    6.964  442.847    1.506
  22380.00 0.158     692.716       9.167    1460.000       0.000    0.0002    4.860  576.530    7.223  441.550    1.555
  22440.00 0.162     701.390       5.317    1620.000       0.000    0.0002    4.962  590.919    4.811  441.744    1.498
  22500.00 0.161     709.590       5.008    1580.000       0.000    0.0002    4.987  491.003    5.718  442.724    1.375
  22560.00 0.163     705.629       8.144    1540.000       0.000    0.0002    5.139  513.040    6.018  442.936    1.404
  22620.00 0.163     712.695       7.844    1540.000       0.000    0.0002    5.504  587.924    6.222  443.305    1.392
  22680.00 0.159     714.869       5.161    1540.000       0.000    0.0002    6.002  490.311    6.117  444.986    1.366
  22740.00 0.164     721.397       5.646    1540.000       0.000    0.0002    6.433  543.100    6.539  447.604    1.432
  22800.00 0.164     728.113      10.520    1620.000       0.000    0.0002    6.686  590.391    6.675  451.108    1.665
  22860.00 0.162     737.160      13.233    1580.000       0.000    0.0002    6.751  567.555    6.200  452.670    1.596
  22920.00 0.159     741.963       9.969    1540.000       0.000    0.0002    6.587  509.218    5.612  451.996    1.670
  22980.00 0.156     743.500      11.094    1540.000       0.000    0.0002    6.238  477.632    5.708  451.801    1.326
  23040.00 0.156     746.708      12.759    1540.000       0.000    0.0002    6.010  465.062    6.450  452.211    1.566
  23100.00 0.151     740.906       8.350    1540.000       0.000    0.0002    5.916  653.574    7.410  452.297    1.737
  23160.00 0.149     741.508       8.000    1620.000       0.000    0.0002    5.864  709.603    8.019  452.312    1.572
  23220.00 0.148     736.711       4.474    1500.000       0.000    0.0002    5.818  777.570    7.331  452.662    1.860
  23280.00 0.140     731.235      13.704    1580.000       0.000    0.0002    5.755  833.533    7.590  452.206    2.024
  23340.00 0.131     710.186       9.926    1940.000       0.000    0.0002    5.500  783.370    6.997  450.030    1.774
  23400.00 0.133     708.059       9.670    1940.000       0.000    0.0002    5.124  569.383    6.315  450.593    1.462
  23460.00 0.129     708.501      11.992    1580.000       0.000    0.0002    4.856  795.939    6.421  454.511    1.579
  23520.00 0.123     700.794       7.698    1540.000       0.000    0.0002    4.985  840.289    7.218  456.582    1.697
  23580.00 0.125     710.039      12.941    1540.000       0.000    0.0002    5.204  910.411    7.210  455.998    2.036
  23640.00 0.120     716.829       4.837    1940.000       0.000    0.0002    5.369  778.869    6.018  456.470    1.954
  23700.00 0.122     717.200      12.000    1740.000       0.000    0.0002    5.539  600.792    6.393  459.605    2.201
  23760.00 0.126     730.193      17.027    1660.000       0.000    0.0002    5.672  515.366    6.585  463.276    1.781
  23820.00 0.129     731.515       5.530    1540.000       0.000    0.0002    6.063  650.097    8.649  468.642    1.983
  23880.00 0.134     731.752       8.358    1540.000       0.000    0.0002    6.655  899.580    7.822  473.272    1.927
  23940.00 0.135     729.242       8.231    1940.000       0.000    0.0002    7.206  869.813    6.869  475.997    1.960
  24000.00 0.137     722.071       7.857    1940.000       0.000    0.0002    7.503  791.153    7.025  480.213    2.305
  24060.00 0.132     720.963      14.481    1940.000       0.000    0.0002    7.586  810.221    7.689  486.810    1.897
  24120.00 0.139     716.408      11.937    1940.000       0.000    0.0002    7.690  727.024    7.160  492.152    1.989
  24180.00 0.136     721.295      10.971    1940.000       0.000    0.0002    7.809  781.812    8.213  492.695    1.885
  24240.00 0.141     725.009      13.644    1940.000       0.000    0.0002    7.729  853.780    7.565  493.542    1.924
  24300.00 0.144     730.592       7.208    1980.000       0.000    0.0002    7.625  834.358    5.962  496.325    1.785
  24360.00 0.144     733.810       6.088    1620.000       0.000    0.0002    7.535  724.524    6.725  495.869    1.912
  24420.00 0.146     730.940      22.047    1660.000       0.000    0.0002    7.425  517.745    6.304  494.382    1.535
  24480.00 0.144     734.373       8.847    1580.000       0.000    0.0002    7.258  670.201    7.592  496.036    1.802
  24540.00 0.151     744.006      14.669    1620.000       0.000    0.0002    7.177  821.829    6.833  496.147    1.676
  24600.00 0.151     752.901       8.039    1940.000       0.000    0.0002    7.130  753.969    6.703  493.015    1.839
  24660.00 0.148     757.265       9.720    1620.000       0.000    0.0002    7.124  714.254    6.573  492.963    1.791
  24720.00 0.146     755.369       9.832    1940.000       0.000    0.0002    7.152  642.209    7.106  494.765    1.632
  24780.00 0.152     761.415       5.370    1580.000       0.000    0.0002    7.110  731.622    7.262  496.703    1.576
  24840.00 0.141     752.872      11.280    1580.000       0.000    0.0002    7.097  780.623    7.207  500.396    1.793
  24900.00 0.144     756.027       7.640    1580.000       0.000    0.0002    7.334  805.623    8.003  506.177    2.247
  24960.00 0.138     742.332       9.046    1660.000       0.000    0.0002    7.445  769.400    8.036  511.165    1.962
  25020.00 0.140     745.375       7.469    1940.000       0.000    0.0002    7.254  685.256    7.192  513.351    1.738
  25080.00 0.143     751.897       4.786    1940.000       0.000    0.0002    6.866  553.913    7.328  514.683    1.690
  25140.00 0.144     757.800       5.212    1660.000       0.000    0.0002    6.558  559.874    7.610  515.296    1.706
  25200.00 0.147     753.201       7.363    1660.000       0.000    0.0002    6.549  606.563    8.393  512.884    1.622
  25260.00 0.145     744.040       3.872    1660.000       0.000    0.0002    6.691  586.180    7.704  511.072    1.844
  25320.00 0.147     762.554       8.590    1580.000       0.000    0.0002    6.677  533.907    7.130  511.814    1.798
  25380.00 0.150     757.394       8.046    1660.000       0.000    0.0002    6.517  518.667    6.366  509.781    1.540
  25440.00 0.152     749.196       6.752    1660.000       0.000    0.0002    6.210  553.396    6.670  506.318    1.506
  25500.00 0.148     750.987       6.842    1540.000       0.000    0.0002    5.847  552.299    6.212  503.371    1.557
  25560.00 0.154     750.794       9.968    1660.000       0.000    0.0002    5.591  489.572    6.688  499.480    1.679
  25620.00 0.156     755.133      12.088    1540.000       0.000    0.0002    5.418  419.705    5.051  494.495    1.444
  25680.00 0.157     755.241       8.616    1540.000       0.000    0.0002    5.312  346.447    5.350  489.959    1.376
  25740.00 0.157     753.810       9.051    1500.000       0.000    0.0002    5.210  376.509    5.945  487.904    1.410
  25800.00 0.155     756.240       6.761    1580.000       0.000    0.0002    5.226  484.411    6.525  486.232    1.342
  25860.00 0.151     747.249       3.398    1580.000       0.000    0.0002    5.299  528.483    5.908  485.191    1.340
  25920.00 0.149     753.922      12.026    1660.000       0.000    0.0002    5.408  609.787    7.126  485.874    1.645
  25980.00 0.148     752.059      12.718    1580.000       0.000    0.0002    5.556  594.483    5.475  485.279    1.405
  26040.00 0.140     747.749      12.461    1500.000       0.000    0.0002    5.634  407.895    5.641  484.216    1.407
  26100.00 0.143     754.106       2.249    1500.000       0.000    0.0002    5.674  465.925    5.622  485.814    1.551
  26160.00 0.137     740.355       5.471    1500.000       0.000    0.0002    5.752  479.167    5.038  488.460    1.625
  26220.00 0.141     731.057       6.759    1540.000       0.000    0.0002    5.890  541.097    5.969  489.932    1.698
  26280.00 0.147     735.615       7.907    1500.000       0.000    0.0002    6.074  568.536    6.459  491.253    1.986
  26340.00 0.153     728.480      11.968    1460.000       0.000    0.0002    6.197  697.592    6.267  491.905    2.256
  26400.00 0.152     732.412       7.685    1500.000       0.000    0.0002    6.106  644.059    6.128  490.487    1.665
  26460.00 0.147     728.306      10.000    1500.000       0.000    0.0002    5.901  479.071    6.494  488.276    1.442
  26520.00 0.152     735.377       5.393    1620.000       0.000    0.0002    5.658  535.067    7.219  486.597    1.551
  26580.00 0.155     737.915      14.028    1460.000       0.000    0.0002    5.342  655.745    6.640  484.392    1.834
  26640.00 0.157     736.698       9.595    1620.000       0.000    0.0002    5.049  666.383    6.462  480.883    1.690
  26700.00 0.156     727.398       9.091    1620.000       0.000    0.0002    4.848  649.490    5.687  477.137    1.526
  26760.00 0.154     723.734       8.070    1620.000       0.000    0.0002    4.581  439.684    5.418  473.868    1.246
  26820.00 0.154     731.252       2.092    1620.000       0.000    0.0002    4.235  437.980    5.217  471.229    1.239
  26880.00 0.150     729.286       8.539    1460.000       0.000    0.0002    4.022  476.655    5.164  467.611    1.373
  26940.00 0.144     729.848       6.024    1380.000       0.000    0.0002    4.036  529.596    5.815  463.346    1.597
  27000.00 0.145     730.236      11.751    1460.000       0.000    0.0002    4.044  528.141    4.750  460.258    1.496
  27060.00 0.140     725.874       9.266    1540.000       0.000    0.0002    4.029  549.406    4.034  459.200    1.179
  27120.00 0.136     729.964      12.939    1580.000       0.000    0.0002    4.019  429.850    3.983  458.668    1.035
  27180.00 0.139     750.756      10.018    1500.000       0.000    0.0002    4.082  323.835    4.583  458.791    1.334
  27240.00 0.131     747.374      12.402    1580.000       0.000    0.0002    4.263  441.647    5.584  459.657    1.548
  27300.00 0.142     742.134       8.881    1460.000       0.000    0.0002    4.526  469.530    5.936  462.058    1.478
  27360.00 0.142     752.255       8.744    1660.000       0.000    0.0002    4.832  490.079    5.698  465.010    1.472
  27420.00 0.143     744.718       9.436    1460.000       0.000    0.0002    5.107  458.345    6.785  466.508    1.619
  27480.00 0.144     755.729       3.729    1580.000       0.000    0.0002    5.312  652.127    7.690  468.295    2.006
  27540.00 0.143     752.991       8.718    1580.000       0.000    0.0002    5.449  811.305    8.757  471.547    1.940
  27600.00 0.138     753.192      10.476    1940.000       0.000    0.0002    5.468  840.002    7.379  472.671    2.097
  27660.00 0.140     746.841       6.946    1940.000       0.000    0.0002    5.357  700.965    6.106  472.261    1.965
  27720.00 0.139     741.195      12.337    1940.000       0.000    0.0002    5.224  533.821    5.580  473.613    1.544
  27780.00 0.143     735.829      10.188    1620.000       0.000    0.0002    5.165  462.608    4.912  475.588    1.142
  27840.00 0.145     734.527      13.986    1540.000       0.000    0.0002    5.156  367.265    4.901  474.476    1.219
  27900.00 0.149     740.197       9.294    1580.000       0.000    0.0002    5.373  405.582    5.802  473.355    1.339
  27960.00 0.144     740.340       6.180    1460.000       0.000    0.0002    5.771  422.151    6.222  476.247    1.412
  28020.00 0.151     751.540       9.011    1380.000       0.000    0.0002    6.179  471.076    5.846  480.880    1.397
  28080.00 0.151     755.624       5.057    1420.000       0.000    0.0002    6.475  472.194    6.053  485.498    1.497
  28140.00 0.152     759.744      11.731    1580.000       0.000    0.0002    6.755  418.131    7.384  491.192    1.541
  28200.00 0.152     764.759       5.338    1580.000       0.000    0.0002    6.931  591.574    6.811  497.318    1.410
  28260.00 0.148     768.317      15.776    1540.000       0.000    0.0002    7.036  620.016    6.446  501.338    1.662
  28320.00 0.151     769.692      15.851    1500.000       0.000    0.0002    7.081  691.248    6.081  502.611    1.715
  28380.00 0.152     753.782       8.429    1500.000       0.000    0.0002    7.064  617.465    5.519  502.517    1.534
  28440.00 0.149     745.311      14.623    1700.000       0.000    0.0002    7.025  515.591    5.886  504.171    1.702
  28500.00 0.156     747.613       8.892    1620.000       0.000    0.0002    6.760  446.717    5.863  506.585    1.372
  28560.00 0.156     750.858       6.677    1580.000       0.000    0.0002    6.719  519.405    6.176  509.187    1.425
  28620.00 0.154     742.848      15.633    1580.000       0.000    0.0002    6.993  572.020    6.710  513.012    1.698
  28680.00 0.152     727.118      11.884    1580.000       0.000    0.0002    7.463  565.041    6.928  518.422    1.536
  28740.00 0.158     750.663       9.091    1660.000       0.000    0.0002    7.996  665.975    6.780  525.060    1.658
  28800.00 0.163     745.569       2.784    1540.000       0.000    0.0002    8.505  698.306    6.638  531.479    1.778
