#  time      cc     z_cbase    z_ctop_avg  z_ctop_max      zi         we   <<ql>>  <<ql>>_max   w_max   tke     ql_max
     60.00 0.000       0.000       0.000       0.000       0.000    0.0002    0.000    0.000    0.186  616.634    0.000
    120.00 0.000       0.000       0.000       0.000       0.000    0.0002    0.000    0.000    0.288  417.124    0.000
    180.00 0.000       0.000       0.000       0.000       0.000    0.0002    0.000    0.000    0.317  300.185    0.000
    240.00 0.000       0.000       0.000       0.000       0.000    0.0002    0.000    0.000    0.288  225.852    0.000
    300.00 0.000       0.000       0.000       0.000       0.000    0.0002    0.000    0.000    0.229  176.620    0.000
    360.00 0.000       0.000       0.000       0.000       0.000    0.0002    0.000    0.000    0.264  143.447    0.000
    420.00 0.000       0.000       0.000       0.000       0.000    0.0002    0.000    0.000    0.297  121.187    0.000
    480.00 0.000       0.000       0.000       0.000       0.000    0.0002    0.000    0.000    0.333  105.791    0.000
    540.00 0.000       0.000       0.000       0.000       0.000    0.0002    0.000    0.000    0.375   93.980    0.000
    600.00 0.000       0.000       0.000       0.000       0.000    0.0002    0.000    0.000    0.448   84.698    0.000
    660.00 0.000       0.000       0.000       0.000       0.000    0.0002    0.000    0.000    0.532   78.122    0.000
    720.00 0.000       0.000       0.000       0.000       0.000    0.0002    0.000    0.000    0.579   73.807    0.000
    780.00 0.000       0.000       0.000       0.000       0.000    0.0002    0.000    0.000    0.577   71.019    0.000
    840.00 0.000       0.000       0.000       0.000       0.000    0.0002    0.000    0.000    0.613   69.263    0.000
    900.00 0.000       0.000       0.000       0.000       0.000    0.0002    0.000    0.000    0.689   68.087    0.000
    960.00 0.000       0.000       0.000       0.000       0.000    0.0002    0.000    0.000    0.715   67.515    0.000
   1020.00 0.000       0.000       0.000       0.000       0.000    0.0002    0.000    0.000    0.702   68.024    0.000
   1080.00 0.000       0.000       0.000       0.000       0.000    0.0002    0.000    0.000    0.774   69.630    0.000
   1140.00 0.000       0.000       0.000       0.000       0.000    0.0002    0.000    0.000    0.831   71.971    0.000
   1200.00 0.000     580.000       0.000     580.000       0.000    0.0002    0.000    0.641    0.897   75.011    0.014
   1260.00 0.001     560.000       0.000     580.000       0.000    0.0002    0.001    3.339    0.974   78.917    0.075
   1320.00 0.004     558.667       0.000     580.000       0.000    0.0002    0.006    4.331    1.037   83.826    0.078
   1380.00 0.009     566.316       0.000     580.000       0.000    0.0002    0.020    7.408    1.178   89.921    0.114
   1440.00 0.017     567.042       8.169     620.000       0.000    0.0002    0.052   12.197    1.317   97.271    0.178
   1500.00 0.028     565.965       5.088     660.000       0.000    0.0002    0.115   20.435    1.429  105.778    0.234
   1560.00 0.042     567.283       0.000     660.000       0.000    0.0002    0.215   30.897    1.681  115.393    0.327
   1620.00 0.058     566.160      12.068     660.000       0.000    0.0002    0.387   51.811    2.024  126.096    0.468
   1680.00 0.076     567.138       5.723     660.000       0.000    0.0002    0.646   78.333    2.263  137.778    0.595
   1740.00 0.095     567.212       4.552     740.000       0.000    0.0002    1.010  112.832    2.788  150.378    0.687
   1800.00 0.111     567.105       5.175     740.000       0.000    0.0002    1.492  161.537    3.264  163.701    0.942
   1860.00 0.126     568.317       5.919     740.000       0.000    0.0002    2.072  216.323    3.557  177.307    0.994
   1920.00 0.137     570.890       4.342     820.000       0.000    0.0002    2.783  255.925    3.673  191.008    1.006
   1980.00 0.153     574.140       6.911     820.000       0.000    0.0002    3.557  297.247    4.081  204.577    0.971
   2040.00 0.166     578.003       8.135    1300.000       0.000    0.0002    4.394  329.701    4.143  217.699    1.073
   2100.00 0.174     583.529       8.375    1300.000       0.000    0.0002    5.199  400.161    4.465  230.059    1.252
   2160.00 0.179     587.619       4.381    1300.000       0.000    0.0002    6.016  389.121    4.018  241.083    1.169
   2220.00 0.186     590.789       5.105    1020.000       0.000    0.0002    6.693  378.635    4.487  250.165    1.292
   2280.00 0.196     597.307       6.958    1460.000       0.000    0.0002    7.152  416.159    4.332  257.158    1.099
   2340.00 0.201     602.184       6.359    1340.000       0.000    0.0002    7.507  436.348    4.135  262.397    1.222
   2400.00 0.199     606.176       4.240    1460.000       0.000    0.0002    7.617  452.017    4.471  265.362    1.184
   2460.00 0.198     610.086       9.445    1500.000       0.000    0.0002    7.525  420.377    4.210  265.810    1.159
   2520.00 0.195     614.028       6.725    1420.000       0.000    0.0002    7.175  389.236    4.084  264.014    1.109
   2580.00 0.192     618.983       7.929    1460.000       0.000    0.0002    6.712  387.573    3.748  260.556    1.103
   2640.00 0.192     626.777       9.096    1460.000       0.000    0.0002    6.247  358.863    3.898  255.769    1.025
   2700.00 0.181     634.521       9.906    1460.000       0.000    0.0002    5.777  361.343    4.297  249.968    1.255
   2760.00 0.170     627.194       6.360    1500.000       0.000    0.0002    5.417  371.720    4.976  243.502    1.294
   2820.00 0.164     626.030       0.866    1340.000       0.000    0.0002    5.195  456.774    5.519  236.828    1.282
   2880.00 0.152     620.064       6.474    1340.000       0.000    0.0002    5.123  602.789    5.682  230.779    1.317
   2940.00 0.147     620.132       9.702    1380.000       0.000    0.0002    5.114  713.618    5.468  226.027    1.402
   3000.00 0.144     621.837       3.231    1340.000       0.000    0.0002    5.127  661.001    5.878  222.463    1.463
   3060.00 0.139     627.663       6.573    1500.000       0.000    0.0002    5.112  801.266    5.142  219.789    1.527
   3120.00 0.135     635.740       6.823    1380.000       0.000    0.0002    4.944  868.975    5.349  216.574    1.772
   3180.00 0.135     645.967       8.680    1380.000       0.000    0.0002    4.569  812.496    4.914  212.009    1.690
   3240.00 0.130     645.564       9.248    1500.000       0.000    0.0002    4.060  629.530    4.920  207.209    1.224
   3300.00 0.125     643.314       8.772    1340.000       0.000    0.0002    3.537  592.163    4.628  203.474    1.259
   3360.00 0.116     643.193      10.210    1460.000       0.000    0.0002    3.022  563.942    4.406  199.423    1.187
   3420.00 0.112     643.181       6.928    1420.000       0.000    0.0002    2.637  461.800    4.687  193.600    1.378
   3480.00 0.110     641.648       7.127    1420.000       0.000    0.0002    2.279  512.263    4.737  188.173    1.384
   3540.00 0.105     633.735       4.548    1420.000       0.000    0.0002    1.999  423.304    3.654  184.549    1.035
   3600.00 0.103     630.900       7.488    1460.000       0.000    0.0002    1.803  286.648    3.413  181.887    0.941
   3660.00 0.097     624.523       7.236    1460.000       0.000    0.0002    1.649  254.817    3.659  179.563    0.938
   3720.00 0.094     623.551       0.000    1500.000       0.000    0.0002    1.589  222.192    3.219  177.676    0.857
   3780.00 0.090     622.616       7.084    1380.000       0.000    0.0002    1.610  212.596    3.400  176.156    0.977
   3840.00 0.087     620.447      11.899    1380.000       0.000    0.0002    1.670  243.335    3.486  175.259    0.926
   3900.00 0.092     627.040      12.640    1300.000       0.000    0.0002    1.735  294.010    3.517  174.874    1.010
   3960.00 0.087     623.483      10.225    1300.000       0.000    0.0002    1.796  348.402    3.908  174.873    1.084
   4020.00 0.087     624.845       3.493    1340.000       0.000    0.0002    1.810  368.377    4.102  175.303    1.104
   4080.00 0.091     625.283      10.027    1340.000       0.000    0.0002    1.781  342.224    4.126  176.106    1.058
   4140.00 0.089     630.411       3.288    1380.000       0.000    0.0002    1.737  381.176    3.638  176.899    0.977
   4200.00 0.092     630.398       3.395    1300.000       0.000    0.0002    1.671  394.472    3.251  177.501    0.872
   4260.00 0.093     621.689       4.697    1300.000       0.000    0.0002    1.580  359.314    2.886  177.983    0.915
   4320.00 0.101     626.377       7.971    1380.000       0.000    0.0002    1.499  293.437    2.814  178.346    0.861
   4380.00 0.100     623.627      10.343    1380.000       0.000    0.0002    1.502  245.404    2.540  179.296    0.715
   4440.00 0.101     613.010       6.117    1380.000       0.000    0.0002    1.611  222.276    2.854  181.171    0.793
   4500.00 0.098     604.339       6.085    1300.000       0.000    0.0002    1.826  267.663    4.045  183.574    1.068
   4560.00 0.100     602.689       3.521    1300.000       0.000    0.0002    2.092  329.090    4.636  186.284    1.056
   4620.00 0.103     602.938       3.128    1300.000       0.000    0.0002    2.410  417.617    4.599  189.358    1.048
   4680.00 0.109     597.232       6.518    1340.000       0.000    0.0002    2.763  482.669    4.178  192.769    0.960
   4740.00 0.117     599.163       3.975    1340.000       0.000    0.0002    3.108  568.364    4.717  196.539    1.171
   4800.00 0.120     603.529       5.355    1380.000       0.000    0.0002    3.474  650.544    4.868  200.824    1.374
   4860.00 0.125     605.419       7.096    1300.000       0.000    0.0002    3.804  662.043    4.302  205.007    1.193
   4920.00 0.131     612.402       7.784    1300.000       0.000    0.0002    4.062  612.344    4.077  208.483    1.086
   4980.00 0.130     613.408      10.674    1300.000       0.000    0.0002    4.275  531.007    4.051  211.604    0.983
   5040.00 0.129     615.463       9.225    1340.000       0.000    0.0002    4.489  434.174    3.799  215.012    0.954
   5100.00 0.133     618.606       3.780    1420.000       0.000    0.0002    4.732  519.183    3.980  219.075    1.105
   5160.00 0.131     618.953       6.766    1300.000       0.000    0.0002    5.027  591.763    3.985  223.625    1.280
   5220.00 0.133     609.158       6.703    1420.000       0.000    0.0002    5.382  572.179    4.547  227.695    1.294
   5280.00 0.135     609.474       9.800    1300.000       0.000    0.0002    5.788  520.075    5.237  231.409    1.252
   5340.00 0.137     615.240       8.739    1460.000       0.000    0.0002    6.244  525.506    4.820  235.529    1.095
   5400.00 0.139     617.113       9.789    1340.000       0.000    0.0002    6.689  534.560    5.189  240.003    1.324
   5460.00 0.137     616.874       9.947    1340.000       0.000    0.0002    7.056  623.689    5.947  245.108    1.446
   5520.00 0.143     620.342       6.496    1380.000       0.000    0.0002    7.368  730.712    5.375  249.935    1.492
   5580.00 0.143     621.365       5.904    1420.000       0.000    0.0002    7.582  785.007    5.279  253.482    1.484
   5640.00 0.148     628.860       3.471    1420.000       0.000    0.0002    7.692  791.603    5.570  256.326    1.646
   5700.00 0.145     634.459       6.453    1580.000       0.000    0.0002    7.705  852.681    5.496  258.541    1.495
   5760.00 0.146     639.396       8.691    1620.000       0.000    0.0002    7.645  877.651    5.729  260.664    1.440
   5820.00 0.149     643.541       8.787    1460.000       0.000    0.0002    7.534  800.443    5.666  262.470    1.297
   5880.00 0.148     647.459      14.224    1420.000       0.000    0.0002    7.394  766.041    4.800  263.307    1.701
   5940.00 0.146     650.754       9.012    1540.000       0.000    0.0002    7.208  621.473    4.999  264.085    1.475
   6000.00 0.144     636.463       6.599    1460.000       0.000    0.0002    7.189  607.100    5.857  265.265    1.344
   6060.00 0.142     646.186      11.306    1500.000       0.000    0.0002    7.420  791.237    6.864  267.467    1.689
   6120.00 0.136     640.576       8.237    1420.000       0.000    0.0002    7.713  979.463    5.962  270.017    1.574
   6180.00 0.133     651.193       9.505    1420.000       0.000    0.0002    7.974 1003.190    7.302  272.360    1.688
   6240.00 0.135     654.483       8.348    1620.000       0.000    0.0002    8.274 1075.047    7.334  277.409    1.828
   6300.00 0.136     646.404       4.794    1580.000       0.000    0.0002    8.491 1041.571    6.997  284.228    1.605
   6360.00 0.136     647.670       3.692    1580.000       0.000    0.0002    8.532 1194.074    7.357  291.123    1.956
   6420.00 0.135     649.038       6.207    1620.000       0.000    0.0002    8.634 1348.579    7.578  293.524    2.415
   6480.00 0.135     642.868       6.497    1940.000       0.000    0.0002    8.565 1277.364    6.081  290.558    2.239
   6540.00 0.129     649.450       6.565    1980.000       0.000    0.0002    8.330  987.149    5.794  292.309    1.857
   6600.00 0.129     649.112      12.136    1660.000       0.000    0.0002    8.131  818.791    5.635  299.450    1.713
   6660.00 0.126     658.456      10.888    1700.000       0.000    0.0002    7.698  799.823    5.819  297.472    1.740
   6720.00 0.126     660.618       8.031    1620.000       0.000    0.0002    6.975  732.217    6.200  288.993    1.846
   6780.00 0.124     658.422       5.996    1620.000       0.000    0.0002    6.202  670.281    4.781  285.996    1.666
   6840.00 0.126     659.146       5.903    1620.000       0.000    0.0002    5.537  482.756    4.781  284.411    1.173
   6900.00 0.123     663.327       7.129    1540.000       0.000    0.0002    5.092  470.726    4.613  278.858    1.096
   6960.00 0.118     652.795       4.182    1500.000       0.000    0.0002    4.859  526.859    4.488  272.085    1.080
   7020.00 0.117     646.000       4.917    1460.000       0.000    0.0002    4.940  592.885    5.150  270.412    1.202
   7080.00 0.116     642.316       7.411    1460.000       0.000    0.0002    5.219  794.102    5.224  271.530    1.616
   7140.00 0.115     649.724       8.280    1500.000       0.000    0.0002    5.541 1035.599    5.784  271.385    2.006
   7200.00 0.116     646.499       2.516    1460.000       0.000    0.0002    5.680 1131.054    6.291  271.681    1.997
   7260.00 0.113     646.034       3.190    1940.000       0.000    0.0002    5.607 1130.672    5.970  273.354    2.298
   7320.00 0.123     649.048      12.341    1460.000       0.000    0.0002    5.257 1005.078    4.960  273.708    2.131
   7380.00 0.122     655.823      11.687    1500.000       0.000    0.0002    4.716  795.596    4.478  272.685    1.340
   7440.00 0.118     652.614      10.041    1380.000       0.000    0.0002    4.262  703.714    4.663  271.345    1.178
   7500.00 0.120     641.878       8.531    1540.000       0.000    0.0002    4.003  655.426    4.954  267.929    1.282
   7560.00 0.122     633.653       8.782    1420.000       0.000    0.0002    3.909  598.772    5.652  263.988    1.405
   7620.00 0.119     637.751       2.781    1500.000       0.000    0.0002    3.919  506.616    5.070  262.002    1.231
   7680.00 0.119     630.879      10.184    1500.000       0.000    0.0002    3.986  438.323    4.475  261.658    1.233
   7740.00 0.124     633.676       7.708    1500.000       0.000    0.0002    4.091  434.194    5.458  261.691    1.367
   7800.00 0.130     634.237       6.893    1420.000       0.000    0.0002    4.226  530.582    5.392  263.247    1.250
   7860.00 0.132     639.852       9.926    1460.000       0.000    0.0002    4.423  557.365    4.900  265.803    1.302
   7920.00 0.132     644.325      13.678    1420.000       0.000    0.0002    4.636  572.864    5.056  267.715    1.354
   7980.00 0.130     647.640       9.251    1540.000       0.000    0.0002    4.756  668.469    4.920  268.724    1.499
   8040.00 0.131     661.192       6.220    1460.000       0.000    0.0002    4.726  669.772    5.288  269.080    1.573
   8100.00 0.129     658.261      13.573    1420.000       0.000    0.0002    4.552  570.374    4.893  269.551    1.424
   8160.00 0.128     660.611       6.679    1540.000       0.000    0.0002    4.263  578.944    5.751  270.170    1.482
   8220.00 0.127     656.378       7.553    1500.000       0.000    0.0002    3.860  530.345    5.453  268.969    1.308
   8280.00 0.130     660.753       3.352    1540.000       0.000    0.0002    3.503  478.635    4.053  265.794    0.901
   8340.00 0.122     654.309       3.727    1460.000       0.000    0.0002    3.255  389.720    3.348  263.147    0.874
   8400.00 0.126     653.501       4.797    1420.000       0.000    0.0002    3.148  308.732    3.871  262.052    0.922
   8460.00 0.125     647.843       2.588    1460.000       0.000    0.0002    3.169  340.694    4.556  262.168    1.208
   8520.00 0.124     651.041       3.733    1540.000       0.000    0.0002    3.265  421.735    4.642  263.158    1.167
   8580.00 0.121     638.952       7.903    1380.000       0.000    0.0002    3.480  479.279    5.023  264.594    1.366
   8640.00 0.119     635.297       8.957    1340.000       0.000    0.0002    3.804  532.332    5.090  266.956    1.339
   8700.00 0.118     637.402       9.237    1340.000       0.000    0.0002    4.189  580.775    6.420  270.431    1.421
   8760.00 0.117     644.615       5.405    1420.000       0.000    0.0002    4.566  688.315    6.913  273.936    1.695
   8820.00 0.120     641.143       1.673    1380.000       0.000    0.0002    4.895  914.535    7.469  277.448    1.869
   8880.00 0.123     647.117       2.386    1380.000       0.000    0.0002    4.994  902.182    6.527  279.049    2.079
   8940.00 0.125     657.804      10.039    1580.000       0.000    0.0002    4.792  864.277    5.107  278.478    1.690
   9000.00 0.123     657.932       7.952    1580.000       0.000    0.0002    4.408  716.451    4.617  278.387    1.473
   9060.00 0.126     656.364       6.460    1580.000       0.000    0.0002    3.954  506.924    4.348  279.141    1.213
   9120.00 0.125     651.468       7.084    1460.000       0.000    0.0002    3.581  312.536    4.123  278.016    1.020
   9180.00 0.125     641.479       6.342    1500.000       0.000    0.0002    3.308  331.105    5.156  275.068    1.059
   9240.00 0.128     646.540       4.563    1460.000       0.000    0.0002    3.223  385.167    5.380  272.558    1.128
   9300.00 0.129     645.455       5.530    1380.000       0.000    0.0002    3.232  444.304    4.367  271.820    1.012
   9360.00 0.127     635.260       2.852    1460.000       0.000    0.0002    3.359  466.864    4.512  272.326    1.307
   9420.00 0.130     643.729       6.591    1300.000       0.000    0.0002    3.498  491.231    5.194  272.922    1.322
   9480.00 0.124     639.209      11.265    1340.000       0.000    0.0002    3.614  529.693    5.556  273.304    1.452
   9540.00 0.122     641.242       2.645    1380.000       0.000    0.0002    3.708  491.477    4.810  273.810    1.254
   9600.00 0.125     644.531      14.922    1420.000       0.000    0.0002    3.708  440.178    4.885  274.361    1.202
   9660.00 0.127     646.257      12.476    1420.000       0.000    0.0002    3.665  499.155    5.174  274.705    1.345
   9720.00 0.123     652.988       7.052    1460.000       0.000    0.0002    3.634  551.156    5.190  274.435    1.313
   9780.00 0.126     654.485       7.068    1460.000       0.000    0.0002    3.563  473.677    4.362  274.558    1.154
   9840.00 0.125     652.392       7.294    1460.000       0.000    0.0002    3.529  452.698    3.954  275.335    1.094
   9900.00 0.127     655.222       6.898    1420.000       0.000    0.0002    3.658  412.846    4.053  275.898    0.986
   9960.00 0.126     643.721       2.558    1340.000       0.000    0.0002    3.819  371.769    4.600  277.359    1.248
  10020.00 0.126     649.942       5.261    1420.000       0.000    0.0002    4.052  423.008    4.486  279.776    1.404
  10080.00 0.129     655.152       3.523    1460.000       0.000    0.0002    4.269  450.096    5.019  281.734    1.200
  10140.00 0.134     653.504       2.628    1420.000       0.000    0.0002    4.489  551.582    5.104  283.827    1.385
  10200.00 0.136     650.592       7.038    1500.000       0.000    0.0002    4.680  657.527    5.145  287.655    1.345
  10260.00 0.132     649.815       9.594    1380.000       0.000    0.0002    4.882  716.723    5.644  291.531    1.442
  10320.00 0.130     649.023       7.218    1460.000       0.000    0.0002    5.009  697.035    5.281  292.939    1.514
  10380.00 0.133     647.303      13.468    1380.000       0.000    0.0002    5.004  696.886    5.099  293.915    1.455
  10440.00 0.133     648.287      11.602    1300.000       0.000    0.0002    5.014  768.332    5.586  296.838    1.514
  10500.00 0.131     653.011       4.535    1460.000       0.000    0.0002    5.118  874.591    5.720  300.541    1.538
  10560.00 0.128     635.771       8.419    1580.000       0.000    0.0002    5.257 1005.292    6.077  303.289    1.744
  10620.00 0.136     635.528       4.723    1500.000       0.000    0.0002    5.404  998.449    6.700  305.086    1.903
  10680.00 0.139     633.380       6.515    1460.000       0.000    0.0002    5.441  937.839    5.623  305.847    1.912
  10740.00 0.146     637.124       2.876    1580.000       0.000    0.0002    5.368  775.488    4.729  307.341    1.542
  10800.00 0.147     646.003       7.662    1620.000       0.000    0.0002    5.452  650.671    5.219  311.575    1.349
  10860.00 0.148     643.460       7.545    1540.000       0.000    0.0002    5.759  663.019    6.152  317.125    1.378
  10920.00 0.146     639.597       5.134    1660.000       0.000    0.0002    6.308  759.539    6.492  323.082    1.519
  10980.00 0.143     645.119       7.133    1380.000       0.000    0.0002    6.999  868.198    8.694  330.465    1.738
  11040.00 0.141     635.251       7.868    1380.000       0.000    0.0002    7.902  972.773    7.422  339.885    1.920
  11100.00 0.139     638.451      12.430    1460.000       0.000    0.0002    8.687 1093.118    7.271  348.509    2.256
  11160.00 0.148     640.692       8.929    1940.000       0.000    0.0002    9.010 1121.785    6.473  351.151    1.906
  11220.00 0.147     652.980       6.325    1940.000       0.000    0.0002    8.979  986.323    5.279  352.659    2.081
  11280.00 0.156     661.567       5.893    1940.000       0.000    0.0002    8.766  791.374    5.863  358.902    1.862
  11340.00 0.161     668.619       6.555    1420.000       0.000    0.0002    8.387  604.296    7.006  360.970    1.483
  11400.00 0.159     678.132       5.850    1500.000       0.000    0.0002    7.978  564.341    6.068  358.961    1.413
  11460.00 0.159     676.344       7.005    1500.000       0.000    0.0002    7.730  610.235    7.441  356.590    1.485
  11520.00 0.155     670.726       7.792    1460.000       0.000    0.0002    7.909  737.696    7.134  356.156    1.335
  11580.00 0.156     664.702       9.969    1460.000       0.000    0.0002    8.461  869.433    5.900  356.853    1.485
  11640.00 0.151     666.861       4.951    1500.000       0.000    0.0002    9.006  984.131    6.232  359.159    1.542
  11700.00 0.154     674.032      12.730    1500.000       0.000    0.0002    9.384  962.671    6.336  363.893    1.779
  11760.00 0.153     685.223       4.140    1540.000       0.000    0.0002    9.494  773.152    6.926  368.946    1.730
  11820.00 0.151     692.710      11.129    1500.000       0.000    0.0002    9.421  795.303    7.643  372.718    2.027
  11880.00 0.156     699.937       7.449    1500.000       0.000    0.0002    9.059 1009.621    8.203  372.838    1.707
  11940.00 0.155     700.943       7.453    1540.000       0.000    0.0002    8.579 1044.735    6.351  368.335    1.703
  12000.00 0.149     699.213       4.164    1500.000       0.000    0.0002    8.046  801.861    5.392  364.315    1.585
  12060.00 0.147     704.437       7.185    1580.000       0.000    0.0002    7.380  851.328    5.963  364.167    1.555
  12120.00 0.145     708.000      16.471    1620.000       0.000    0.0002    6.814 1068.679    7.596  364.101    1.959
  12180.00 0.144     703.810       0.000    1540.000       0.000    0.0002    6.402 1111.960    7.912  360.002    2.139
  12240.00 0.141     702.357       4.575    1940.000       0.000    0.0002    6.083 1146.462    5.404  355.158    1.865
  12300.00 0.141     705.872       4.387    1620.000       0.000    0.0002    5.731  762.556    6.322  353.920    1.531
  12360.00 0.138     698.794      15.355    1580.000       0.000    0.0002    5.413  595.763    6.930  354.668    1.428
  12420.00 0.133     692.015      11.062    1540.000       0.000    0.0002    5.220  618.813    5.935  352.193    1.311
  12480.00 0.134     686.885       9.180    1460.000       0.000    0.0002    5.038  546.375    5.137  347.848    1.276
  12540.00 0.131     674.647       6.989    1500.000       0.000    0.0002    4.912  561.040    5.698  346.043    1.326
  12600.00 0.130     669.363       5.955    1500.000       0.000    0.0002    5.012  525.087    6.073  345.633    1.360
  12660.00 0.125     674.347       3.938    1500.000       0.000    0.0002    5.132  567.071    5.316  344.162    1.220
  12720.00 0.131     682.090       4.739    1500.000       0.000    0.0002    5.280  579.591    5.283  344.457    1.236
  12780.00 0.132     689.462       7.199    1460.000       0.000    0.0002    5.487  556.248    5.588  347.608    1.384
  12840.00 0.136     683.441       6.774    1580.000       0.000    0.0002    5.797  626.388    5.683  350.794    1.322
  12900.00 0.141     671.993       7.834    1460.000       0.000    0.0002    6.204  768.318    6.380  353.375    1.753
  12960.00 0.152     686.603      10.769    1500.000       0.000    0.0002    6.540  930.955    6.686  358.385    2.068
  13020.00 0.155     693.491      11.090    1500.000       0.000    0.0002    6.642  950.546    5.707  362.823    1.876
  13080.00 0.149     693.333       7.908    1940.000       0.000    0.0002    6.579  929.123    6.649  364.651    1.933
  13140.00 0.151     678.968       9.258    1940.000       0.000    0.0002    6.556  879.489    7.651  368.456    1.863
  13200.00 0.151     676.129       9.516    1460.000       0.000    0.0002    6.493 1115.939    8.100  374.825    2.234
  13260.00 0.152     672.432      10.016    1940.000       0.000    0.0002    6.517 1121.208    8.991  375.167    2.629
  13320.00 0.151     672.168       5.340    1940.000       0.000    0.0002    6.396  939.997    5.872  371.078    2.253
  13380.00 0.156     671.393       5.258    1740.000       0.000    0.0002    6.149  656.754    6.851  373.766    1.875
  13440.00 0.155     669.890      11.181    1580.000       0.000    0.0002    5.781  645.247    7.071  379.653    1.484
  13500.00 0.159     674.294       6.442    1580.000       0.000    0.0002    5.637  681.111    8.269  378.322    1.522
  13560.00 0.153     670.415       7.252    1540.000       0.000    0.0002    5.708  693.153    6.623  373.881    1.568
  13620.00 0.150     669.577       7.622    1580.000       0.000    0.0002    5.758  740.147    5.617  373.153    1.403
  13680.00 0.153     675.744      10.048    1540.000       0.000    0.0002    5.788  593.626    7.140  375.194    1.649
  13740.00 0.154     674.834       8.114    1460.000       0.000    0.0002    5.934  655.522    6.742  375.279    1.294
  13800.00 0.151     668.000       4.258    1420.000       0.000    0.0002    6.220  697.327    5.696  375.520    1.414
  13860.00 0.149     678.854       4.583    1460.000       0.000    0.0002    6.669  772.527    6.319  379.344    1.549
  13920.00 0.145     666.319       4.706    1420.000       0.000    0.0002    7.197  790.703    6.519  383.527    1.725
  13980.00 0.141     674.162       8.946    1460.000       0.000    0.0002    7.651  712.963    6.472  386.762    1.695
  14040.00 0.142     676.138       5.448    1620.000       0.000    0.0002    7.925  634.256    6.559  390.279    1.484
  14100.00 0.144     668.542       8.949    1620.000       0.000    0.0002    7.987  539.931    7.108  393.737    1.487
  14160.00 0.148     676.238      11.650    1460.000       0.000    0.0002    7.947  513.140    5.964  393.647    1.378
  14220.00 0.146     690.167       3.645    1460.000       0.000    0.0002    7.807  649.074    6.467  391.735    1.438
  14280.00 0.153     689.649       9.169    1460.000       0.000    0.0002    7.572  676.860    6.523  391.923    1.472
  14340.00 0.145     699.059       5.815    1420.000       0.000    0.0002    7.431  740.915    6.814  392.822    1.464
  14400.00 0.137     694.377      11.886    1460.000       0.000    0.0002    7.312  748.690    7.764  392.483    1.545
  14460.00 0.138     690.406      15.979    1500.000       0.000    0.0002    7.014  835.864    7.431  390.457    1.601
  14520.00 0.138     692.945      12.840    1500.000       0.000    0.0002    6.687  783.325    6.543  386.536    1.505
  14580.00 0.139     699.016       9.490    1540.000       0.000    0.0002    6.415  746.140    6.614  383.032    1.588
  14640.00 0.143     703.066      14.719    1540.000       0.000    0.0002    6.127  617.264    5.015  381.923    1.098
  14700.00 0.139     700.070       7.531    1620.000       0.000    0.0002    5.940  468.237    5.255  381.447    1.152
  14760.00 0.134     692.933       7.432    1540.000       0.000    0.0002    6.036  486.884    5.027  380.771    1.322
  14820.00 0.128     680.763       2.595    1500.000       0.000    0.0002    6.305  534.095    5.492  380.790    1.577
  14880.00 0.132     681.811       1.738    1460.000       0.000    0.0002    6.437  624.102    7.525  382.015    1.739
  14940.00 0.135     685.802       6.955    1460.000       0.000    0.0002    6.425  788.219    7.693  383.643    1.908
  15000.00 0.135     695.081       7.486    1500.000       0.000    0.0002    6.254  816.850    6.139  384.323    1.907
  15060.00 0.142     701.308       8.537    1580.000       0.000    0.0002    5.905  720.783    6.178  384.240    1.709
  15120.00 0.142     696.902       4.750    1540.000       0.000    0.0002    5.600  635.665    6.149  384.564    1.754
  15180.00 0.147     694.305       8.179    1500.000       0.000    0.0002    5.149  666.691    7.337  383.726    1.905
  15240.00 0.143     698.427       5.812    1540.000       0.000    0.0002    4.717  841.518    6.936  381.099    1.689
  15300.00 0.131     695.688       5.353    1580.000       0.000    0.0002    4.388  867.818    7.024  376.928    1.536
  15360.00 0.131     697.546      13.643    1620.000       0.000    0.0002    4.134 1070.763    7.830  373.914    2.005
  15420.00 0.128     686.236       4.943    1620.000       0.000    0.0002    3.981  941.543    8.196  372.128    1.932
  15480.00 0.123     681.587       9.563    1500.000       0.000    0.0002    3.875  881.300    6.410  370.219    1.575
  15540.00 0.121     670.424       1.495    1660.000       0.000    0.0002    3.919  706.857    6.832  371.017    1.646
  15600.00 0.125     662.724       6.809    1500.000       0.000    0.0002    4.013  888.158    6.832  371.747    1.679
  15660.00 0.126     672.039       3.456    1460.000       0.000    0.0002    4.139  791.518    5.227  370.347    1.997
  15720.00 0.123     666.441      10.219    1580.000       0.000    0.0002    4.282  653.093    6.019  368.956    1.489
  15780.00 0.122     664.560      10.080    1420.000       0.000    0.0002    4.401  706.170    6.762  371.496    1.398
  15840.00 0.127     673.512       8.215    1540.000       0.000    0.0002    4.549  716.701    6.738  376.046    1.717
  15900.00 0.132     675.139       8.126    1420.000       0.000    0.0002    4.709  777.172    7.418  376.884    1.604
  15960.00 0.132     678.524       4.502    1500.000       0.000    0.0002    4.956  696.827    5.550  375.130    1.484
  16020.00 0.136     667.338       9.532    1660.000       0.000    0.0002    5.102  562.256    6.489  377.619    1.570
  16080.00 0.135     657.604       9.147    1540.000       0.000    0.0002    5.225  596.302    6.504  382.699    1.452
  16140.00 0.147     665.125       9.983    1420.000       0.000    0.0002    5.348  702.176    8.034  384.098    1.577
  16200.00 0.148     664.893       5.719    1420.000       0.000    0.0002    5.545  927.996    9.058  384.439    1.855
  16260.00 0.147     661.265       6.922    1540.000       0.000    0.0002    5.711 1090.128    7.543  385.354    2.107
  16320.00 0.145     667.542      13.333    1940.000       0.000    0.0002    5.627 1011.047    6.651  384.627    1.686
  16380.00 0.149     660.920       6.305    1940.000       0.000    0.0002    5.390  824.939    6.273  383.560    1.560
  16440.00 0.151     662.065       8.677    1500.000       0.000    0.0002    5.226  558.880    5.653  383.320    1.207
  16500.00 0.147     660.266       5.249    1460.000       0.000    0.0002    5.098  311.804    4.913  381.550    1.248
  16560.00 0.146     660.334       7.179    1500.000       0.000    0.0002    5.250  446.715    5.288  379.827    1.166
  16620.00 0.144     665.415       6.464    1620.000       0.000    0.0002    5.748  590.633    6.324  381.956    1.241
  16680.00 0.146     680.537       3.658    1420.000       0.000    0.0002    6.400  676.811    6.260  387.875    1.591
  16740.00 0.147     690.464       8.874    1500.000       0.000    0.0002    7.194  749.065    6.874  394.886    1.646
  16800.00 0.154     690.696       5.158    1460.000       0.000    0.0002    7.975  780.665    7.001  401.572    1.818
  16860.00 0.157     701.928       7.527    1500.000       0.000    0.0002    8.533  913.225    7.040  407.910    1.968
  16920.00 0.156     714.335      11.174    1500.000       0.000    0.0002    9.022  945.035    7.437  415.782    1.702
  16980.00 0.155     717.946       4.107    1940.000       0.000    0.0002    9.354  712.109    6.845  422.239    1.678
  17040.00 0.154     728.209      11.823    1700.000       0.000    0.0002    9.607  752.396    7.943  426.970    1.752
  17100.00 0.154     726.645       7.218    1460.000       0.000    0.0002    9.724 1043.919    8.608  432.437    2.055
  17160.00 0.143     735.571      11.550    1540.000       0.000    0.0002    9.577 1052.106    8.540  435.334    1.943
  17220.00 0.141     752.431       6.111    1940.000       0.000    0.0002    9.047 1051.622    7.373  434.710    2.032
  17280.00 0.138     736.325       6.926    1940.000       0.000    0.0002    8.353  931.257    6.600  432.074    1.809
  17340.00 0.132     726.296       7.222    1940.000       0.000    0.0002    7.491  791.059    5.493  427.984    1.422
  17400.00 0.137     728.948       6.702    1540.000       0.000    0.0002    6.602  596.860    5.556  423.742    1.369
  17460.00 0.130     728.120       3.872    1580.000       0.000    0.0002    5.715  512.109    4.659  415.582    1.203
  17520.00 0.133     719.559       8.640    1500.000       0.000    0.0002    5.008  438.043    5.302  409.189    1.290
  17580.00 0.131     716.983       7.039    1500.000       0.000    0.0002    4.450  416.151    5.323  406.428    1.304
  17640.00 0.127     710.405       6.320    1500.000       0.000    0.0002    4.064  410.104    5.199  402.963    1.244
  17700.00 0.129     725.579       7.780    1540.000       0.000    0.0002    3.834  409.321    4.873  397.464    1.329
  17760.00 0.130     719.662      14.259    1540.000       0.000    0.0002    3.643  438.363    4.624  393.492    1.203
  17820.00 0.131     720.669       8.773    1580.000       0.000    0.0002    3.465  460.966    5.212  392.227    1.177
  17880.00 0.129     700.227       6.767    1580.000       0.000    0.0002    3.278  383.612    4.704  390.299    1.378
  17940.00 0.128     691.969       8.413    1540.000       0.000    0.0002    3.084  287.977    4.359  386.948    1.041
  18000.00 0.126     697.132       5.116    1460.000       0.000    0.0002    2.952  272.196    4.724  384.962    1.070
  18060.00 0.123     698.486       5.378    1500.000       0.000    0.0002    2.910  306.118    4.721  384.802    1.076
  18120.00 0.125     683.672       4.531    1420.000       0.000    0.0002    2.905  338.882    5.090  383.958    1.160
  18180.00 0.127     697.165       6.092    1460.000       0.000    0.0002    2.929  375.356    4.771  381.314    1.266
  18240.00 0.132     683.808       7.431    1540.000       0.000    0.0002    2.923  353.097    4.890  380.200    1.187
  18300.00 0.127     684.077       9.154    1500.000       0.000    0.0002    2.877  354.541    4.940  381.723    1.265
  18360.00 0.123     676.554       7.921    1380.000       0.000    0.0002    2.800  284.324    4.239  381.736    0.933
  18420.00 0.128     674.221       7.072    1420.000       0.000    0.0002    2.774  223.210    4.583  379.938    0.946
  18480.00 0.130     681.723       6.554    1540.000       0.000    0.0002    2.690  217.698    4.157  379.953    0.999
  18540.00 0.134     670.764       9.891    1460.000       0.000    0.0002    2.672  238.116    4.496  381.493    1.003
  18600.00 0.135     663.630       5.009    1460.000       0.000    0.0002    2.742  320.452    5.188  382.100    1.231
  18660.00 0.135     667.712      11.568    1500.000       0.000    0.0002    2.880  350.435    5.551  382.642    1.410
  18720.00 0.134     665.018       6.909    1500.000       0.000    0.0002    3.049  396.047    5.412  384.501    1.613
  18780.00 0.132     662.968       9.499    1420.000       0.000    0.0002    3.252  487.602    4.847  386.261    1.542
  18840.00 0.134     659.781       7.213    1420.000       0.000    0.0002    3.468  479.333    4.671  387.201    1.274
  18900.00 0.135     657.532      10.526    1420.000       0.000    0.0002    3.712  378.561    5.588  389.458    1.418
  18960.00 0.143     655.274       8.253    1540.000       0.000    0.0002    3.998  490.710    6.748  393.055    1.553
  19020.00 0.150     656.429       9.675    1580.000       0.000    0.0002    4.333  628.834    7.815  396.814    1.578
  19080.00 0.153     654.195       7.560    1420.000       0.000    0.0002    4.759  761.885    7.944  401.465    1.755
  19140.00 0.156     660.125       3.950    1460.000       0.000    0.0002    5.218  900.577    8.332  405.519    2.052
  19200.00 0.162     661.931       5.641    1940.000       0.000    0.0002    5.505  939.611    6.578  407.809    1.962
  19260.00 0.159     666.892      12.831    1940.000       0.000    0.0002    5.686  824.345    5.624  411.099    1.888
  19320.00 0.161     668.109       3.994    1460.000       0.000    0.0002    5.674  689.926    5.564  416.443    1.441
  19380.00 0.165     671.994       6.263    1460.000       0.000    0.0002    5.800  445.016    6.004  420.846    1.283
  19440.00 0.169     681.214       9.480    1460.000       0.000    0.0002    6.010  512.402    6.068  420.823    1.248
  19500.00 0.169     680.260      11.227    1460.000       0.000    0.0002    6.308  514.373    5.589  420.498    1.259
  19560.00 0.174     693.894       7.031    1500.000       0.000    0.0002    6.699  489.624    6.704  424.057    1.182
  19620.00 0.179     690.820       4.372    1380.000       0.000    0.0002    7.149  515.692    6.387  428.821    1.327
  19680.00 0.177     695.923       7.796    1460.000       0.000    0.0002    7.681  541.834    5.653  433.181    1.591
  19740.00 0.177     708.077      14.246    1540.000       0.000    0.0002    8.271  599.047    6.177  439.459    1.703
  19800.00 0.181     710.350       0.000    1460.000       0.000    0.0002    8.881  671.391    7.260  448.787    1.697
  19860.00 0.179     725.301       8.962    1500.000       0.000    0.0002    9.417  749.187    7.443  457.571    1.862
  19920.00 0.182     723.539       5.335    1500.000       0.000    0.0002    9.755  827.738    7.671  462.404    2.001
  19980.00 0.187     730.850       9.725    1940.000       0.000    0.0002    9.842  715.141    7.456  464.947    1.584
  20040.00 0.184     731.247       9.682    1580.000       0.000    0.0002    9.719  622.799    6.500  468.345    1.707
  20100.00 0.191     738.670       5.166    1540.000       0.000    0.0002    9.536  655.032    6.958  469.699    1.659
  20160.00 0.189     743.669      12.300    1580.000       0.000    0.0002    9.157  607.575    5.956  466.344    1.308
  20220.00 0.183     743.422      12.594    1500.000       0.000    0.0002    8.822  643.995    5.491  462.480    1.516
  20280.00 0.187     746.258      10.196    1500.000       0.000    0.0002    8.508  675.268    7.327  460.346    1.512
  20340.00 0.183     738.136       6.152    1460.000       0.000    0.0002    8.219  568.668    5.971  459.588    1.446
  20400.00 0.182     736.779       8.134    1580.000       0.000    0.0002    8.052  556.912    5.898  459.316    1.422
  20460.00 0.174     735.462      16.050    1500.000       0.000    0.0002    7.911  565.605    5.668  459.998    1.367
  20520.00 0.171     720.713       8.274    1460.000       0.000    0.0002    7.818  649.297    6.244  461.831    1.595
  20580.00 0.167     727.036       7.474    1540.000       0.000    0.0002    7.840  634.407    7.158  464.079    1.505
  20640.00 0.166     730.574      10.751    1540.000       0.000    0.0002    8.053  703.714    7.467  466.551    1.747
  20700.00 0.155     729.321      12.923    1500.000       0.000    0.0002    8.261  862.961    8.097  468.172    2.084
  20760.00 0.152     727.846       2.379    1940.000       0.000    0.0002    8.430  875.456    6.407  467.474    1.859
  20820.00 0.148     716.661       9.785    1940.000       0.000    0.0002    8.551  768.888    7.788  469.034    1.845
  20880.00 0.154     721.240       7.059    1580.000       0.000    0.0002    8.770 1120.165    8.977  477.163    2.166
  20940.00 0.150     720.488       3.415    1540.000       0.000    0.0002    8.990 1314.354    8.571  486.704    2.263
  21000.00 0.146     728.208       7.069    1940.000       0.000    0.0002    9.324 1463.458   10.126  496.270    2.741
  21060.00 0.145     716.284       3.311    1940.000       0.000    0.0002    9.508 1690.381   11.119  501.445    2.800
  21120.00 0.153     709.490      15.860    1980.000       0.000    0.0002    9.274 2088.702   10.288  499.959    2.743
  21180.00 0.147     702.990       9.635    1940.000       0.000    0.0002    8.554 2087.518    8.997  500.779    2.890
  21240.00 0.148     694.125      10.363    1940.000       0.000    0.0002    7.615 1498.241    7.785  505.068    2.335
  21300.00 0.146     695.638       5.570    1940.000       0.000    0.0002    6.477 1060.820    7.108  510.495    1.755
  21360.00 0.150     698.374       9.496    1940.000       0.000    0.0002    5.582  721.983    6.665  506.361    1.368
  21420.00 0.149     703.142       5.925    1580.000       0.000    0.0002    5.084  735.873    6.029  486.716    1.437
  21480.00 0.147     714.238       6.060    1580.000       0.000    0.0002    5.199  742.275    6.629  467.562    1.322
  21540.00 0.143     703.904       9.897    1540.000       0.000    0.0002    5.686  829.033    7.209  462.990    1.425
  21600.00 0.143     693.186      17.547    1540.000       0.000    0.0002    6.279  819.050    6.694  465.007    1.471
  21660.00 0.144     701.220       9.458    1940.000       0.000    0.0002    7.227  861.172    6.777  467.293    1.834
  21720.00 0.145     709.376       5.801    1620.000       0.000    0.0002    8.312  776.163    6.504  470.397    1.911
  21780.00 0.151     719.548       4.161    1940.000       0.000    0.0002    9.320  666.493    6.899  476.559    1.868
  21840.00 0.154     726.645       6.963    1620.000       0.000    0.0002   10.103  722.759    6.457  485.648    1.618
  21900.00 0.157     730.373      10.435    1740.000       0.000    0.0002   10.616  730.747    7.713  492.740    1.788
  21960.00 0.158     728.906       9.923    1540.000       0.000    0.0002   10.835  948.623    7.837  498.779    1.809
  22020.00 0.153     738.720       4.224    1580.000       0.000    0.0002   10.780 1094.478   10.172  506.086    2.237
  22080.00 0.156     743.887      11.818    1940.000       0.000    0.0002   10.503 1325.048    8.828  509.296    2.427
  22140.00 0.155     734.890      10.852    1940.000       0.000    0.0002   10.052 1090.033    7.238  507.002    2.057
  22200.00 0.151     735.592      14.100    1940.000       0.000    0.0002    9.280  775.702    6.617  504.613    1.741
  22260.00 0.142     735.129      13.139    1620.000       0.000    0.0002    8.496  674.632    6.851  503.561    1.562
  22320.00 0.142     727.973       1.203    1540.000       0.000    0.0002    8.003  592.264    6.669  498.635    1.464
  22380.00 0.141     733.542       2.153    1540.000       0.000    0.0002    7.760  579.882    6.512  492.482    1.410
  22440.00 0.145     737.707       9.275    1620.000       0.000    0.0002    7.731  625.275    6.031  490.082    1.649
  22500.00 0.144     736.949       9.424    1580.000       0.000    0.0002    7.972  755.124    8.069  492.495    1.760
  22560.00 0.137     738.863      11.332    1580.000       0.000    0.0002    8.543  925.308    7.638  498.730    1.825
  22620.00 0.138     729.559       7.372    1580.000       0.000    0.0002    9.308 1063.484    7.826  509.438    2.067
  22680.00 0.143     720.716       6.440    1940.000       0.000    0.0002   10.133 1465.671    8.756  524.001    2.636
  22740.00 0.147     718.773       6.335    1940.000       0.000    0.0002   10.836 1839.823   11.605  535.718    3.013
  22800.00 0.149     727.582       6.569    1940.000       0.000    0.0002   11.013 1909.158   10.525  532.684    3.283
  22860.00 0.154     721.300       7.544    1940.000       0.000    0.0002   10.313 1530.329    9.252  527.169    2.091
  22920.00 0.151     721.613      14.355    1940.000       0.000    0.0002    9.314 1371.565    8.059  538.374    2.299
  22980.00 0.149     723.137       3.431    1940.000       0.000    0.0002    8.351 1194.883    6.764  547.226    2.250
  23040.00 0.145     718.958       5.412    1940.000       0.000    0.0002    7.401 1121.260    6.274  531.729    1.999
  23100.00 0.145     718.555       5.546    1940.000       0.000    0.0002    6.522  795.696    6.103  514.027    1.416
  23160.00 0.152     707.512       9.310    1700.000       0.000    0.0002    5.910  471.744    6.603  510.200    1.438
  23220.00 0.146     718.792       5.302    1540.000       0.000    0.0002    5.462  346.307    4.508  505.960    1.158
  23280.00 0.157     721.147       3.969    1820.000       0.000    0.0002    5.244  387.687    5.693  495.543    1.190
  23340.00 0.147     724.013       8.325    1700.000       0.000    0.0002    5.302  330.220    5.446  487.878    1.401
  23400.00 0.143     729.302       6.917    1660.000       0.000    0.0002    5.751  407.313    5.587  485.815    1.243
  23460.00 0.140     740.765       6.470    1540.000       0.000    0.0002    6.329  512.490    6.112  486.700    1.279
  23520.00 0.141     751.023       3.778    1580.000       0.000    0.0002    6.806  480.477    6.757  486.705    1.447
  23580.00 0.139     745.263      15.263    1500.000       0.000    0.0002    7.163  454.308    6.467  486.178    1.457
  23640.00 0.139     753.474       5.649    1500.000       0.000    0.0002    7.382  461.691    5.985  487.194    1.492
  23700.00 0.130     762.364       9.644    1500.000       0.000    0.0002    7.361  600.288    5.829  487.462    1.296
  23760.00 0.132     757.630       8.963    1540.000       0.000    0.0002    7.138  627.651    6.289  486.550    1.454
  23820.00 0.130     758.801       8.764    1540.000       0.000    0.0002    6.812  666.241    7.092  485.963    1.906
  23880.00 0.125     738.054       9.805    1620.000       0.000    0.0002    6.434  836.836    7.498  486.142    2.131
  23940.00 0.131     739.405       5.911    1540.000       0.000    0.0002    6.147  994.325    8.492  485.507    2.180
  24000.00 0.130     743.377       5.103    1500.000       0.000    0.0002    5.926  973.129    7.157  481.447    1.749
  24060.00 0.134     733.953      12.386    1500.000       0.000    0.0002    5.635  780.163    6.116  477.548    1.743
  24120.00 0.134     729.397      11.225    1580.000       0.000    0.0002    5.289  704.424    5.906  474.621    1.667
  24180.00 0.134     728.655       6.800    1620.000       0.000    0.0002    4.819  705.933    6.449  471.188    1.619
  24240.00 0.135     728.354       9.946    1540.000       0.000    0.0002    4.384  636.914    6.260  468.779    1.447
  24300.00 0.141     720.520       7.418    1620.000       0.000    0.0002    4.170  568.320    4.564  467.124    1.361
  24360.00 0.135     718.523       7.063    1540.000       0.000    0.0002    4.107  442.185    5.028  463.059    1.425
  24420.00 0.142     723.586      10.655    1540.000       0.000    0.0002    4.187  382.453    5.813  459.441    1.398
  24480.00 0.142     727.513       9.091    1540.000       0.000    0.0002    4.429  546.526    6.599  460.833    1.655
  24540.00 0.138     729.470       7.102    1580.000       0.000    0.0002    4.747  686.037    7.574  463.503    1.984
  24600.00 0.134     730.182       9.164    1500.000       0.000    0.0002    4.928  782.381    7.549  462.617    2.164
  24660.00 0.140     737.422       5.157    1940.000       0.000    0.0002    4.999  729.373    6.271  460.581    1.837
  24720.00 0.138     747.549       9.312    1940.000       0.000    0.0002    4.957  477.995    6.372  463.458    1.386
  24780.00 0.135     736.443      10.490    1620.000       0.000    0.0002    4.752  557.854    7.279  465.812    1.541
  24840.00 0.133     735.083       9.138    1580.000       0.000    0.0002    4.491  630.088    6.234  459.654    1.526
  24900.00 0.135     744.396       6.342    1620.000       0.000    0.0002    4.170  506.307    5.140  452.050    1.440
  24960.00 0.132     743.333       9.259    1500.000       0.000    0.0002    3.900  374.604    5.719  450.678    1.302
  25020.00 0.134     740.073       6.073    1580.000       0.000    0.0002    3.733  352.576    4.855  452.029    1.117
  25080.00 0.137     722.857       8.357    1460.000       0.000    0.0002    3.692  345.208    4.614  450.298    1.106
  25140.00 0.138     716.861       5.291    1460.000       0.000    0.0002    3.781  321.140    5.094  446.727    1.310
  25200.00 0.141     718.856       8.527    1460.000       0.000    0.0002    3.844  427.591    5.748  445.922    1.510
  25260.00 0.143     716.968       6.814    1580.000       0.000    0.0002    3.932  436.837    5.772  447.844    1.431
  25320.00 0.141     720.173      12.228    1500.000       0.000    0.0002    4.056  525.051    6.703  449.588    1.492
  25380.00 0.136     730.036      12.581    1460.000       0.000    0.0002    4.199  665.139    7.212  451.368    1.673
  25440.00 0.133     728.162       9.485    1420.000       0.000    0.0002    4.308  735.642    7.953  454.454    1.810
  25500.00 0.130     733.633      10.449    1500.000       0.000    0.0002    4.312  834.167    8.413  457.709    2.018
  25560.00 0.130     735.932       7.985    1940.000       0.000    0.0002    4.289  843.754    7.953  457.879    1.956
  25620.00 0.132     735.556       8.296    1940.000       0.000    0.0002    4.163  644.120    6.532  455.671    1.850
  25680.00 0.130     726.541      10.301    1620.000       0.000    0.0002    3.895  440.261    5.797  455.909    1.384
  25740.00 0.128     717.795      10.532    1620.000       0.000    0.0002    3.671  376.509    5.435  458.204    1.309
  25800.00 0.127     712.000       3.154    1460.000       0.000    0.0002    3.638  382.195    4.523  458.184    1.197
  25860.00 0.124     726.561       6.759    1420.000       0.000    0.0002    3.636  303.433    4.856  455.453    1.257
  25920.00 0.129     708.242       7.221    1460.000       0.000    0.0002    3.592  330.534    5.429  453.177    1.292
  25980.00 0.134     711.418      12.109    1420.000       0.000    0.0002    3.589  355.086    4.945  453.321    1.147
  26040.00 0.137     711.155      10.018    1500.000       0.000    0.0002    3.722  255.743    5.310  454.566    1.133
  26100.00 0.139     719.613       6.116    1540.000       0.000    0.0002    4.021  288.783    5.581  456.338    1.247
  26160.00 0.139     708.546       7.040    1420.000       0.000    0.0002    4.394  401.516    5.180  459.822    1.419
  26220.00 0.136     706.966       7.397    1500.000       0.000    0.0002    4.938  478.246    6.064  465.067    1.483
  26280.00 0.137     708.754      13.310    1500.000       0.000    0.0002    5.587  512.340    6.630  471.312    1.525
  26340.00 0.137     713.405       4.777    1460.000       0.000    0.0002    6.388  565.905    7.265  479.172    1.893
  26400.00 0.142     727.379       8.034    1540.000       0.000    0.0002    7.197  604.410    7.120  488.724    1.582
  26460.00 0.146     726.444       3.339    1500.000       0.000    0.0002    7.979  728.776    7.722  498.431    1.871
  26520.00 0.158     737.957       5.480    1540.000       0.000    0.0002    8.410  705.206    7.860  505.785    1.965
  26580.00 0.163     730.270       5.796    1940.000       0.000    0.0002    8.629  723.653    8.026  510.973    1.721
  26640.00 0.165     741.243       5.355    1540.000       0.000    0.0002    8.592  869.686    8.389  517.910    1.917
  26700.00 0.163     745.697       3.028    1580.000       0.000    0.0002    8.437  752.532    7.490  523.966    2.023
  26760.00 0.163     755.210      12.246    1540.000       0.000    0.0002    8.304  774.911    7.303  525.775    1.867
  26820.00 0.164     745.433       4.358    1580.000       0.000    0.0002    8.147  686.637    6.401  524.469    1.666
  26880.00 0.165     740.650       5.229    1940.000       0.000    0.0002    7.810  560.292    7.229  522.238    1.691
  26940.00 0.165     752.504      10.489    1700.000       0.000    0.0002    7.369  498.828    7.271  520.955    1.451
  27000.00 0.164     755.037       5.111    1540.000       0.000    0.0002    7.002  546.183    6.815  516.735    1.730
  27060.00 0.164     752.179      11.164    1580.000       0.000    0.0002    6.775  571.326    6.788  511.254    1.867
  27120.00 0.169     750.130      12.388    1580.000       0.000    0.0002    6.630  491.078    7.295  511.493    1.627
  27180.00 0.157     751.969      10.388    1580.000       0.000    0.0002    6.561  470.686    5.240  514.268    1.462
  27240.00 0.160     750.015       7.328    1580.000       0.000    0.0002    6.725  515.517    6.930  518.429    1.740
  27300.00 0.151     750.129      10.129    1460.000       0.000    0.0002    7.151  677.773    7.647  525.580    2.000
  27360.00 0.150     749.316       6.319    1620.000       0.000    0.0002    7.682  900.946    9.241  535.907    2.096
  27420.00 0.145     751.025      10.555    1500.000       0.000    0.0002    8.146 1314.425   11.618  546.320    2.722
  27480.00 0.146     759.398       9.130    1940.000       0.000    0.0002    8.107 1529.015   10.097  547.668    3.065
  27540.00 0.145     767.386      12.749    2060.000       0.000    0.0002    7.455 1550.810    8.593  538.089    2.611
  27600.00 0.144     768.678       8.847    2140.000       0.000    0.0002    6.361 1089.172    7.520  534.014    1.960
  27660.00 0.140     740.835       5.252    1940.000       0.000    0.0002    5.283  685.810    6.753  538.838    1.676
  27720.00 0.143     738.904       4.418    1540.000       0.000    0.0002    4.535  549.278    7.140  533.682    1.496
  27780.00 0.136     724.417       3.483    1500.000       0.000    0.0002    4.182  597.647    6.134  513.784    1.351
  27840.00 0.140     719.409       9.913    1500.000       0.000    0.0002    4.118  376.251    5.802  500.345    1.342
  27900.00 0.144     721.973       6.973    1500.000       0.000    0.0002    4.096  345.475    5.714  498.980    1.175
  27960.00 0.153     728.854      11.369    1460.000       0.000    0.0002    4.065  226.706    4.926  498.088    1.183
  28020.00 0.154     740.444       6.413    1620.000       0.000    0.0002    4.273  298.000    4.848  494.004    1.173
  28080.00 0.154     740.696      11.139    1780.000       0.000    0.0002    4.542  270.215    4.903  491.830    1.139
  28140.00 0.159     748.862       7.446    1660.000       0.000    0.0002    4.886  248.670    4.493  492.414    1.162
  28200.00 0.158     743.827       7.685    1540.000       0.000    0.0002    5.310  335.884    4.734  495.598    1.367
  28260.00 0.155     739.242       8.562    1540.000       0.000    0.0002    5.949  425.556    5.553  500.748    1.363
  28320.00 0.159     746.064       6.493    1540.000       0.000    0.0002    6.748  565.237    6.943  506.243    1.562
  28380.00 0.158     748.779       5.595    1500.000       0.000    0.0002    7.642  713.880    6.926  513.628    1.814
  28440.00 0.165     757.101       9.260    1540.000       0.000    0.0002    8.441  753.804    7.303  522.993    1.726
  28500.00 0.168     761.659      15.633    1500.000       0.000    0.0002    9.037  734.000    7.114  530.031    1.955
  28560.00 0.174     779.494       2.781    1660.000       0.000    0.0002    9.067  564.121    6.386  531.788    1.740
  28620.00 0.178     778.628       4.691    1580.000       0.000    0.0002    8.726  626.137    5.968  533.432    1.626
  28680.00 0.172     796.487       9.603    1580.000       0.000    0.0002    8.307  590.285    6.593  536.399    1.720
  28740.00 0.164     791.744       5.395    1580.000       0.000    0.0002    7.976  654.749    6.286  537.322    1.768
  28800.00 0.159     781.413       8.909    1620.000       0.000    0.0002    7.735  627.436    6.804  536.387    1.776
