#  time      cc     z_cbase    z_ctop_avg  z_ctop_max      zi         we   <<ql>>  <<ql>>_max   w_max   tke     ql_max
     60.00 0.000       0.000       0.000       0.000       0.000    0.0002    0.000    0.000    0.177  616.644    0.000
    120.00 0.000       0.000       0.000       0.000       0.000    0.0002    0.000    0.000    0.302  417.138    0.000
    180.00 0.000       0.000       0.000       0.000       0.000    0.0002    0.000    0.000    0.349  300.198    0.000
    240.00 0.000       0.000       0.000       0.000       0.000    0.0002    0.000    0.000    0.321  225.852    0.000
    300.00 0.000       0.000       0.000       0.000       0.000    0.0002    0.000    0.000    0.315  176.614    0.000
    360.00 0.000       0.000       0.000       0.000       0.000    0.0002    0.000    0.000    0.326  143.450    0.000
    420.00 0.000       0.000       0.000       0.000       0.000    0.0002    0.000    0.000    0.322  121.197    0.000
    480.00 0.000       0.000       0.000       0.000       0.000    0.0002    0.000    0.000    0.367  105.801    0.000
    540.00 0.000       0.000       0.000       0.000       0.000    0.0002    0.000    0.000    0.403   93.988    0.000
    600.00 0.000       0.000       0.000       0.000       0.000    0.0002    0.000    0.000    0.500   84.704    0.000
    660.00 0.000       0.000       0.000       0.000       0.000    0.0002    0.000    0.000    0.551   78.138    0.000
    720.00 0.000       0.000       0.000       0.000       0.000    0.0002    0.000    0.000    0.552   73.835    0.000
    780.00 0.000       0.000       0.000       0.000       0.000    0.0002    0.000    0.000    0.582   71.029    0.000
    840.00 0.000       0.000       0.000       0.000       0.000    0.0002    0.000    0.000    0.654   69.243    0.000
    900.00 0.000       0.000       0.000       0.000       0.000    0.0002    0.000    0.000    0.658   68.048    0.000
    960.00 0.000       0.000       0.000       0.000       0.000    0.0002    0.000    0.000    0.693   67.441    0.000
   1020.00 0.000       0.000       0.000       0.000       0.000    0.0002    0.000    0.000    0.730   67.899    0.000
   1080.00 0.000     580.000       0.000     580.000       0.000    0.0002    0.000    1.207    0.742   69.469    0.027
   1140.00 0.000     580.000       0.000     580.000       0.000    0.0002    0.001    1.535    0.842   71.761    0.034
   1200.00 0.001     580.000       0.000     580.000       0.000    0.0002    0.001    2.756    0.880   74.732    0.062
   1260.00 0.001     580.000       0.000     580.000       0.000    0.0002    0.002    4.549    0.913   78.584    0.064
   1320.00 0.001     573.333      90.000     580.000       0.000    0.0002    0.004    6.817    1.002   83.422    0.093
   1380.00 0.006     558.333      24.167     660.000       0.000    0.0002    0.010    8.730    1.111   89.433    0.143
   1440.00 0.015     563.607       8.852     660.000       0.000    0.0002    0.033   12.032    1.195   96.765    0.168
   1500.00 0.025     564.078       5.631     660.000       0.000    0.0002    0.077   20.227    1.304  105.304    0.231
   1560.00 0.038     564.615       7.179     660.000       0.000    0.0002    0.162   28.704    1.425  114.979    0.262
   1620.00 0.052     566.791       2.512     660.000       0.000    0.0002    0.301   37.011    1.846  125.838    0.339
   1680.00 0.068     564.714       1.929     660.000       0.000    0.0002    0.522   58.424    2.302  137.827    0.513
   1740.00 0.093     567.120       4.450     700.000       0.000    0.0002    0.847   98.457    2.668  150.839    0.687
   1800.00 0.109     568.277       1.208     780.000       0.000    0.0002    1.299  139.249    2.958  164.783    0.801
   1860.00 0.129     568.767       8.235     820.000       0.000    0.0002    1.895  187.931    3.555  179.415    1.010
   1920.00 0.141     570.433       4.159     860.000       0.000    0.0002    2.610  225.749    3.930  194.320    1.048
   1980.00 0.162     572.387       2.628     900.000       0.000    0.0002    3.449  256.993    3.953  209.076    1.063
   2040.00 0.176     573.961       5.789    1300.000       0.000    0.0002    4.376  309.080    4.281  223.422    1.128
   2100.00 0.185     578.307       8.254    1300.000       0.000    0.0002    5.364  353.490    4.515  236.977    1.071
   2160.00 0.193     583.397       5.602    1300.000       0.000    0.0002    6.328  351.319    4.040  249.273    1.088
   2220.00 0.200     588.477       4.775    1300.000       0.000    0.0002    7.202  393.783    4.811  260.158    1.391
   2280.00 0.206     592.923       4.355    1340.000       0.000    0.0002    7.901  381.126    4.577  268.774    1.224
   2340.00 0.212     597.195       3.609    1300.000       0.000    0.0002    8.393  411.820    4.494  274.809    1.139
   2400.00 0.210     603.209       3.651    1420.000       0.000    0.0002    8.602  399.129    4.539  278.457    1.348
   2460.00 0.208     611.268       7.254    1540.000       0.000    0.0002    8.554  430.808    4.437  279.808    1.156
   2520.00 0.205     619.476       7.024    1340.000       0.000    0.0002    8.363  428.544    4.282  278.731    1.175
   2580.00 0.199     621.958       6.340    1340.000       0.000    0.0002    8.022  470.755    3.850  275.109    1.103
   2640.00 0.195     629.150       5.925    1420.000       0.000    0.0002    7.552  453.976    3.844  269.414    1.160
   2700.00 0.185     632.011       8.122    1340.000       0.000    0.0002    6.967  437.598    4.260  262.341    1.356
   2760.00 0.177     633.333       5.565    1420.000       0.000    0.0002    6.345  407.468    4.874  254.448    1.196
   2820.00 0.169     632.197       9.451    1420.000       0.000    0.0002    5.693  478.629    5.064  246.151    1.266
   2880.00 0.160     630.167       6.910    1500.000       0.000    0.0002    5.026  532.448    5.172  237.793    1.334
   2940.00 0.154     631.510       6.995    1460.000       0.000    0.0002    4.371  594.071    4.586  229.461    1.352
   3000.00 0.145     632.749       1.113    1380.000       0.000    0.0002    3.733  558.572    3.798  221.350    1.240
   3060.00 0.137     639.004       6.975    1420.000       0.000    0.0002    3.154  370.015    3.257  213.933    0.985
   3120.00 0.132     642.931       5.974    1500.000       0.000    0.0002    2.697  316.886    3.336  207.407    0.975
   3180.00 0.125     638.911       6.265    1460.000       0.000    0.0002    2.380  341.856    3.276  200.904    0.899
   3240.00 0.123     636.700       6.322    1380.000       0.000    0.0002    2.145  347.768    3.081  194.182    0.818
   3300.00 0.121     637.490       6.194    1420.000       0.000    0.0002    1.920  331.044    3.009  188.384    0.838
   3360.00 0.119     657.613       5.350    1420.000       0.000    0.0002    1.720  292.975    3.161  184.166    0.841
   3420.00 0.114     645.322      11.545    1380.000       0.000    0.0002    1.578  263.828    3.030  181.142    0.836
   3480.00 0.112     637.778       9.891    1300.000       0.000    0.0002    1.473  281.210    3.538  178.375    1.161
   3540.00 0.108     636.199       7.376    1300.000       0.000    0.0002    1.382  294.814    3.979  175.455    1.076
   3600.00 0.096     624.569      10.660    1300.000       0.000    0.0002    1.303  316.447    3.615  172.737    0.835
   3660.00 0.098     634.094       4.516    1300.000       0.000    0.0002    1.235  302.427    2.647  170.440    0.758
   3720.00 0.096     629.286       4.949    1340.000       0.000    0.0002    1.155  257.052    3.084  168.662    1.000
   3780.00 0.097     632.462       4.975    1260.000       0.000    0.0002    1.085  272.472    3.595  167.464    0.975
   3840.00 0.096     633.944      12.875    1300.000       0.000    0.0002    1.038  270.456    3.263  166.497    0.916
   3900.00 0.094     626.057       9.608    1300.000       0.000    0.0002    1.002  207.044    2.586  165.600    0.711
   3960.00 0.096     627.208      11.371    1300.000       0.000    0.0002    0.958  177.923    2.266  164.932    0.647
   4020.00 0.095     623.282       8.051    1300.000       0.000    0.0002    0.949  169.831    2.738  164.769    0.744
   4080.00 0.093     622.533       6.966    1300.000       0.000    0.0002    0.986  167.957    2.714  165.110    0.793
   4140.00 0.091     618.814       1.779    1140.000       0.000    0.0002    1.082  190.260    3.032  165.772    0.812
   4200.00 0.094     612.272       5.587     980.000       0.000    0.0002    1.198  215.798    3.137  166.519    0.885
   4260.00 0.092     609.013       8.800    1300.000       0.000    0.0002    1.309  294.713    3.360  167.406    0.933
   4320.00 0.097     605.592       6.247    1300.000       0.000    0.0002    1.469  351.379    3.381  168.786    0.970
   4380.00 0.098     604.200       3.100    1300.000       0.000    0.0002    1.632  354.898    3.464  170.550    0.854
   4440.00 0.105     606.111       4.398    1340.000       0.000    0.0002    1.784  292.674    3.763  172.366    1.055
   4500.00 0.110     608.178       4.044    1300.000       0.000    0.0002    1.899  296.567    4.010  174.200    0.990
   4560.00 0.107     610.818       8.636    1300.000       0.000    0.0002    1.998  285.412    3.171  176.222    0.932
   4620.00 0.113     604.762       5.108    1300.000       0.000    0.0002    2.132  320.860    3.930  178.499    1.121
   4680.00 0.114     609.379       3.983    1460.000       0.000    0.0002    2.285  361.211    4.243  180.925    1.112
   4740.00 0.114     605.385       5.043    1300.000       0.000    0.0002    2.441  357.403    3.675  183.382    0.948
   4800.00 0.119     611.047       6.530    1420.000       0.000    0.0002    2.633  265.521    3.517  185.773    0.973
   4860.00 0.120     606.992       4.024    1300.000       0.000    0.0002    2.845  287.293    3.890  188.347    1.070
   4920.00 0.120     601.878       1.510    1300.000       0.000    0.0002    3.027  343.991    4.225  191.108    1.112
   4980.00 0.119     606.448       8.583    1300.000       0.000    0.0002    3.217  423.682    4.352  194.042    1.138
   5040.00 0.123     608.651       4.246    1420.000       0.000    0.0002    3.400  481.694    3.822  197.199    1.139
   5100.00 0.127     608.902       6.513    1380.000       0.000    0.0002    3.610  467.908    4.241  200.310    0.995
   5160.00 0.132     612.251      10.590    1420.000       0.000    0.0002    3.842  462.954    4.931  203.331    1.040
   5220.00 0.136     609.123       3.327    1340.000       0.000    0.0002    4.036  471.656    4.713  206.160    0.996
   5280.00 0.136     610.090       7.576    1340.000       0.000    0.0002    4.200  454.594    3.804  208.465    0.972
   5340.00 0.140     609.738       5.445    1340.000       0.000    0.0002    4.290  396.895    3.828  210.631    0.923
   5400.00 0.141     610.417       7.813    1500.000       0.000    0.0002    4.387  379.508    3.994  213.013    0.971
   5460.00 0.141     614.404       6.425    1420.000       0.000    0.0002    4.484  405.788    4.146  215.415    0.996
   5520.00 0.145     619.730       8.836    1300.000       0.000    0.0002    4.571  467.152    4.102  217.331    1.102
   5580.00 0.146     622.282       6.477    1340.000       0.000    0.0002    4.647  488.741    4.107  218.574    1.148
   5640.00 0.144     630.526       9.915    1380.000       0.000    0.0002    4.671  457.884    4.001  219.888    1.244
   5700.00 0.141     629.428       6.205    1460.000       0.000    0.0002    4.652  507.223    4.433  221.770    1.166
   5760.00 0.144     635.729      12.034    1540.000       0.000    0.0002    4.670  514.458    4.244  224.270    1.258
   5820.00 0.139     627.100       4.218    1380.000       0.000    0.0002    4.714  624.627    4.924  226.541    1.353
   5880.00 0.140     626.084       4.615    1340.000       0.000    0.0002    4.760  640.944    5.162  227.782    1.419
   5940.00 0.146     625.695       6.667    1420.000       0.000    0.0002    4.785  650.824    4.733  228.515    1.188
   6000.00 0.144     619.660       5.739    1380.000       0.000    0.0002    4.832  740.903    4.554  229.311    1.055
   6060.00 0.144     624.203       7.559    1420.000       0.000    0.0002    4.870  809.309    4.737  230.573    1.169
   6120.00 0.150     629.251       3.225    1420.000       0.000    0.0002    4.929  832.358    4.323  232.128    1.425
   6180.00 0.156     626.438      13.719    1540.000       0.000    0.0002    4.946  738.490    4.245  233.522    1.130
   6240.00 0.156     628.674       8.549    1540.000       0.000    0.0002    5.011  716.256    4.321  235.381    1.299
   6300.00 0.162     638.526       7.489    1340.000       0.000    0.0002    5.090  667.240    4.558  237.218    1.307
   6360.00 0.157     638.255       7.009    1340.000       0.000    0.0002    5.172  594.459    4.687  238.261    1.312
   6420.00 0.148     627.249       6.030    1300.000       0.000    0.0002    5.254  476.941    5.033  238.736    1.220
   6480.00 0.154     631.664       4.723    1340.000       0.000    0.0002    5.364  398.484    4.403  239.356    1.187
   6540.00 0.156     638.063       9.531    1340.000       0.000    0.0002    5.495  508.949    5.071  240.760    1.254
   6600.00 0.154     638.608      13.544    1420.000       0.000    0.0002    5.600  580.645    5.312  243.298    1.288
   6660.00 0.153     632.160       4.480    1420.000       0.000    0.0002    5.753  624.841    5.105  246.206    1.295
   6720.00 0.155     632.535       6.866    1340.000       0.000    0.0002    5.906  685.930    4.952  248.416    1.399
   6780.00 0.156     633.146       7.950    1420.000       0.000    0.0002    5.978  619.398    5.104  250.224    1.453
   6840.00 0.156     630.424       4.176    1500.000       0.000    0.0002    5.962  611.675    4.504  251.618    1.230
   6900.00 0.157     644.075       5.941    1460.000       0.000    0.0002    5.867  623.501    4.625  252.077    1.269
   6960.00 0.159     641.623      10.077    1460.000       0.000    0.0002    5.680  486.136    4.324  251.584    1.207
   7020.00 0.161     640.304      11.520    1500.000       0.000    0.0002    5.451  435.995    4.307  250.689    1.025
   7080.00 0.163     642.695       8.323    1340.000       0.000    0.0002    5.337  380.241    3.991  249.503    0.987
   7140.00 0.158     641.176       8.050    1300.000       0.000    0.0002    5.304  412.469    4.539  249.095    1.136
   7200.00 0.152     641.771       8.148    1380.000       0.000    0.0002    5.390  525.772    5.567  249.909    1.348
   7260.00 0.153     643.030       3.860    1420.000       0.000    0.0002    5.601  604.331    6.555  251.218    1.482
   7320.00 0.150     645.844       7.825    1380.000       0.000    0.0002    5.861  734.901    6.067  252.732    1.505
   7380.00 0.147     652.318       3.079    1420.000       0.000    0.0002    6.077  679.009    6.290  253.775    1.556
   7440.00 0.148     644.992      10.050    1540.000       0.000    0.0002    6.297  552.112    5.353  255.320    1.531
   7500.00 0.146     652.282      13.792    1380.000       0.000    0.0002    6.523  679.315    6.099  258.414    1.748
   7560.00 0.142     663.643       7.560    1460.000       0.000    0.0002    6.665  681.802    5.999  261.815    1.605
   7620.00 0.144     658.367       9.252    1380.000       0.000    0.0002    6.846  513.384    6.082  264.510    1.541
   7680.00 0.140     654.764      10.401    1460.000       0.000    0.0002    7.091  592.515    6.095  268.168    1.464
   7740.00 0.142     667.379       6.276    1460.000       0.000    0.0002    7.363  779.652    7.809  274.441    1.705
   7800.00 0.138     670.053       9.133    1540.000       0.000    0.0002    7.629  970.545    9.772  281.311    1.904
   7860.00 0.133     666.483       9.392    1540.000       0.000    0.0002    7.907 1366.425    8.899  287.419    2.181
   7920.00 0.133     656.471      10.551    1980.000       0.000    0.0002    8.184 1296.753    8.681  291.405    2.437
   7980.00 0.132     669.778       8.185    1940.000       0.000    0.0002    8.241 1299.230    7.483  294.335    1.926
   8040.00 0.127     649.502       7.433    1940.000       0.000    0.0002    8.128 1299.991    7.443  298.283    2.076
   8100.00 0.129     654.839       5.579    1940.000       0.000    0.0002    7.754 1460.441    7.077  301.490    2.103
   8160.00 0.132     655.918       9.870    1940.000       0.000    0.0002    7.164 1300.496    7.011  300.244    1.869
   8220.00 0.125     656.556      10.098    1940.000       0.000    0.0002    6.473 1081.869    5.647  296.612    1.688
   8280.00 0.123     656.356       5.861    1940.000       0.000    0.0002    5.771  859.960    5.566  293.672    1.313
   8340.00 0.123     663.644       5.782    1700.000       0.000    0.0002    5.242  788.314    4.994  291.888    1.516
   8400.00 0.123     662.942       6.322    1620.000       0.000    0.0002    4.885  798.996    5.086  287.376    1.229
   8460.00 0.119     658.601       7.119    1620.000       0.000    0.0002    4.639  738.828    5.910  282.393    1.352
   8520.00 0.116     658.571      10.924    1540.000       0.000    0.0002    4.471  800.233    6.084  281.047    1.380
   8580.00 0.117     656.583      12.042    1500.000       0.000    0.0002    4.397  843.025    5.223  280.903    1.389
   8640.00 0.115     653.715      13.376    1460.000       0.000    0.0002    4.304  857.787    5.533  279.102    1.557
   8700.00 0.119     648.830       5.914    1580.000       0.000    0.0002    4.152  945.796    5.458  275.995    1.506
   8760.00 0.120     642.811       6.232    1620.000       0.000    0.0002    4.004  933.574    5.360  272.298    1.667
   8820.00 0.120     642.069       8.682    1500.000       0.000    0.0002    3.974  824.877    4.882  270.184    1.692
   8880.00 0.123     632.829       3.705    1500.000       0.000    0.0002    4.008  822.025    4.558  270.607    1.325
   8940.00 0.124     632.071      11.124    1380.000       0.000    0.0002    4.068  762.863    4.356  271.683    1.449
   9000.00 0.125     638.865      12.955    1340.000       0.000    0.0002    4.117  602.649    4.458  271.613    1.368
   9060.00 0.126     644.294       5.725    1460.000       0.000    0.0002    4.252  458.529    4.558  271.209    1.150
   9120.00 0.135     644.420       4.420    1500.000       0.000    0.0002    4.522  354.115    4.872  271.377    1.007
   9180.00 0.137     649.091       5.918    1420.000       0.000    0.0002    4.958  446.673    4.496  272.427    1.096
   9240.00 0.140     646.946      10.436    1380.000       0.000    0.0002    5.459  513.198    4.863  274.326    1.087
   9300.00 0.143     649.128       5.265    1460.000       0.000    0.0002    5.869  537.239    4.588  277.357    1.287
   9360.00 0.141     658.273       4.283    1380.000       0.000    0.0002    6.069  547.143    4.495  280.709    1.476
   9420.00 0.149     660.852       1.082    1420.000       0.000    0.0002    6.137  531.163    4.229  283.473    1.311
   9480.00 0.142     658.007       6.529    1540.000       0.000    0.0002    6.068  471.316    4.334  286.016    1.279
   9540.00 0.141     657.574       3.224    1460.000       0.000    0.0002    5.906  434.000    5.596  288.565    1.429
   9600.00 0.141     666.149       3.316    1500.000       0.000    0.0002    5.696  514.931    6.200  290.542    1.157
   9660.00 0.144     659.526      10.152    1500.000       0.000    0.0002    5.502  680.147    5.919  292.440    1.537
   9720.00 0.135     653.863       5.307    1420.000       0.000    0.0002    5.542  873.343    6.569  295.701    1.821
   9780.00 0.138     645.887       6.667    1380.000       0.000    0.0002    5.762  993.613    6.495  299.837    1.725
   9840.00 0.143     648.650      13.094    1500.000       0.000    0.0002    5.906 1001.034    6.172  302.884    1.896
   9900.00 0.141     647.014      10.208    1940.000       0.000    0.0002    5.894  921.666    6.529  303.752    1.567
   9960.00 0.139     644.042      11.529    1940.000       0.000    0.0002    5.788  706.241    6.678  304.548    1.298
  10020.00 0.144     648.163       4.422    1460.000       0.000    0.0002    5.631  685.074    5.713  306.078    1.392
  10080.00 0.146     650.368       8.629    1460.000       0.000    0.0002    5.445  643.142    6.628  305.875    1.299
  10140.00 0.143     648.855       2.598    1500.000       0.000    0.0002    5.311  632.396    5.446  303.676    1.335
  10200.00 0.145     648.919      11.351    1460.000       0.000    0.0002    5.225  552.798    5.418  301.786    1.284
  10260.00 0.154     648.680      10.143    1420.000       0.000    0.0002    5.234  583.918    5.075  301.663    1.258
  10320.00 0.156     647.644      16.287    1460.000       0.000    0.0002    5.276  631.299    4.994  302.206    1.238
  10380.00 0.160     648.440       6.881    1460.000       0.000    0.0002    5.236  601.437    6.167  302.421    1.445
  10440.00 0.162     648.434       8.343    1500.000       0.000    0.0002    5.298  581.532    6.101  303.151    1.340
  10500.00 0.165     647.300       9.288    1500.000       0.000    0.0002    5.385  648.879    5.350  304.021    1.368
  10560.00 0.160     644.901      10.959    1380.000       0.000    0.0002    5.446  529.806    4.961  304.613    1.230
  10620.00 0.157     646.708       2.671    1500.000       0.000    0.0002    5.611  489.866    5.246  306.722    1.372
  10680.00 0.157     647.932       4.292    1300.000       0.000    0.0002    5.856  598.379    5.921  310.109    1.306
  10740.00 0.156     651.326       8.424    1420.000       0.000    0.0002    6.181  665.083    5.768  314.202    1.423
  10800.00 0.156     655.070       4.243    1420.000       0.000    0.0002    6.605  675.366    6.995  318.549    1.574
  10860.00 0.150     653.117       7.403    1540.000       0.000    0.0002    7.125  799.598    7.340  322.727    1.602
  10920.00 0.151     653.742       9.935    1540.000       0.000    0.0002    7.551  832.478    6.526  328.337    1.661
  10980.00 0.146     660.467       4.107    1540.000       0.000    0.0002    7.910  835.508    7.004  334.831    1.689
  11040.00 0.144     663.260       4.312    1620.000       0.000    0.0002    8.255  911.813    8.083  342.042    1.848
  11100.00 0.142     657.457       5.430    1620.000       0.000    0.0002    8.490 1158.195    7.012  348.139    1.794
  11160.00 0.145     667.218       2.698    1620.000       0.000    0.0002    8.785 1168.210    7.587  351.837    1.934
  11220.00 0.141     670.381       9.689    1740.000       0.000    0.0002    9.134 1081.160    8.356  355.296    1.843
  11280.00 0.144     678.435      15.850    1940.000       0.000    0.0002    9.291 1250.178    6.456  360.452    1.849
  11340.00 0.146     669.782       2.010    1580.000       0.000    0.0002    9.286 1160.853    7.329  368.575    1.766
  11400.00 0.151     678.412       9.724    1580.000       0.000    0.0002    9.267 1157.417    9.476  376.712    2.017
  11460.00 0.138     676.042       9.929    1620.000       0.000    0.0002    9.149 1306.409    8.874  377.696    2.186
  11520.00 0.135     679.783      12.419    1980.000       0.000    0.0002    8.910 1224.838    7.210  373.941    1.977
  11580.00 0.133     683.015       0.993    1940.000       0.000    0.0002    8.631 1147.504    7.825  370.834    2.259
  11640.00 0.129     690.415       4.264    2060.000       0.000    0.0002    8.226  850.200    5.401  368.830    1.721
  11700.00 0.131     694.796       3.792    1580.000       0.000    0.0002    7.933  668.660    6.157  370.058    1.469
  11760.00 0.133     696.557       3.223    1580.000       0.000    0.0002    7.785  743.009    6.082  370.211    1.619
  11820.00 0.131     687.709       6.294    1460.000       0.000    0.0002    7.907  897.901    7.705  369.732    1.596
  11880.00 0.135     685.145       8.986    1500.000       0.000    0.0002    8.157 1001.223    7.484  372.132    1.833
  11940.00 0.132     674.620      13.061    1580.000       0.000    0.0002    8.451 1021.729    7.844  375.473    2.200
  12000.00 0.134     673.164       9.418    1940.000       0.000    0.0002    8.521  817.785    7.536  374.499    1.806
  12060.00 0.140     676.126      15.393    1940.000       0.000    0.0002    8.447  809.699    6.370  374.845    1.387
  12120.00 0.142     677.103       3.207    1580.000       0.000    0.0002    8.415  799.943    6.414  377.215    1.564
  12180.00 0.135     676.793      12.505    1580.000       0.000    0.0002    8.323  837.474    6.257  374.325    1.728
  12240.00 0.140     685.530      12.730    1700.000       0.000    0.0002    8.041  746.776    5.784  370.580    1.590
  12300.00 0.143     684.342      12.034    1540.000       0.000    0.0002    7.354  807.786    6.618  369.692    1.651
  12360.00 0.147     704.983       4.950    1540.000       0.000    0.0002    6.530  883.611    5.632  367.808    1.608
  12420.00 0.139     686.643      10.931    1620.000       0.000    0.0002    5.710  822.801    5.924  363.346    1.917
  12480.00 0.135     679.602      10.886    1500.000       0.000    0.0002    4.973  593.506    5.806  358.332    1.549
  12540.00 0.134     677.455       6.945    1540.000       0.000    0.0002    4.586  449.657    5.934  353.307    1.232
  12600.00 0.138     679.965      11.429    1500.000       0.000    0.0002    4.486  423.937    5.129  349.990    1.345
  12660.00 0.141     676.401      15.606    1500.000       0.000    0.0002    4.671  540.976    5.550  349.210    1.563
  12720.00 0.138     655.406       3.498    1460.000       0.000    0.0002    5.048  631.132    6.396  350.154    1.447
  12780.00 0.138     659.577      17.390    1500.000       0.000    0.0002    5.439  712.857    6.636  350.924    1.497
  12840.00 0.133     658.315       8.864    1500.000       0.000    0.0002    5.808  743.862    6.338  352.144    1.461
  12900.00 0.134     661.828       4.899    1500.000       0.000    0.0002    6.026  821.154    5.917  353.704    1.622
  12960.00 0.133     666.103       7.022    1580.000       0.000    0.0002    5.959  689.572    5.089  354.241    1.327
  13020.00 0.136     679.137       8.813    1500.000       0.000    0.0002    5.727  483.715    5.194  353.840    1.450
  13080.00 0.136     679.320       4.007    1460.000       0.000    0.0002    5.382  472.675    5.542  352.028    1.371
  13140.00 0.132     674.620       6.753    1500.000       0.000    0.0002    4.980  434.935    5.431  349.363    1.204
  13200.00 0.127     681.846       6.308    1460.000       0.000    0.0002    4.662  442.650    4.946  346.637    1.324
  13260.00 0.131     684.299       7.776    1500.000       0.000    0.0002    4.387  457.233    5.396  343.855    1.405
  13320.00 0.125     689.198       5.636    1460.000       0.000    0.0002    4.156  381.401    4.846  341.557    1.204
  13380.00 0.122     694.731       9.261    1460.000       0.000    0.0002    4.022  471.777    5.901  340.347    1.258
  13440.00 0.122     684.830      10.140    1460.000       0.000    0.0002    3.999  600.333    6.104  339.407    1.393
  13500.00 0.123     667.952       5.924    1380.000       0.000    0.0002    4.049  684.746    5.453  338.185    1.613
  13560.00 0.125     667.549       8.171    1420.000       0.000    0.0002    4.131  646.384    5.346  336.949    1.551
  13620.00 0.125     669.027       8.638    1500.000       0.000    0.0002    4.164  447.737    5.344  336.672    1.370
  13680.00 0.132     674.667       9.630    1460.000       0.000    0.0002    4.022  479.806    5.276  335.817    1.182
  13740.00 0.134     680.509       9.309    1500.000       0.000    0.0002    3.786  476.995    4.752  334.167    1.175
  13800.00 0.138     673.735      12.991    1420.000       0.000    0.0002    3.626  478.529    4.761  331.943    1.218
  13860.00 0.125     667.860       7.782    1500.000       0.000    0.0002    3.588  539.950    6.054  329.969    1.279
  13920.00 0.125     673.542       9.080    1460.000       0.000    0.0002    3.606  598.991    5.353  328.533    1.225
  13980.00 0.123     676.620       9.702    1380.000       0.000    0.0002    3.617  690.973    6.692  328.118    1.744
  14040.00 0.120     679.715       5.988    1420.000       0.000    0.0002    3.504  800.358    6.086  328.405    1.835
  14100.00 0.112     667.090       7.790    1380.000       0.000    0.0002    3.267  736.916    7.483  327.689    1.973
  14160.00 0.107     662.364       5.409    1460.000       0.000    0.0002    2.953  763.927    5.250  326.319    1.335
  14220.00 0.107     661.739       5.584    1460.000       0.000    0.0002    2.640  535.368    4.399  325.123    1.119
  14280.00 0.105     656.195       6.079    1380.000       0.000    0.0002    2.460  360.375    4.217  324.223    0.945
  14340.00 0.109     672.225       8.944    1540.000       0.000    0.0002    2.340  345.191    3.723  322.223    0.981
  14400.00 0.114     654.667      10.108    1420.000       0.000    0.0002    2.365  314.543    4.376  320.180    0.958
  14460.00 0.111     643.436      11.894    1420.000       0.000    0.0002    2.473  279.795    4.595  319.028    1.054
  14520.00 0.116     637.647       6.597    1420.000       0.000    0.0002    2.618  337.241    5.189  318.687    1.202
  14580.00 0.121     641.414       6.990    1500.000       0.000    0.0002    2.708  463.753    5.843  319.541    1.324
  14640.00 0.125     641.556       4.942    1460.000       0.000    0.0002    2.784  450.111    4.845  320.737    0.997
  14700.00 0.125     636.296       3.548    1380.000       0.000    0.0002    2.918  381.759    4.202  321.544    1.174
  14760.00 0.130     652.195       7.205    1380.000       0.000    0.0002    3.092  348.645    4.883  323.508    1.391
  14820.00 0.132     644.222       7.926    1380.000       0.000    0.0002    3.386  396.548    5.326  327.881    1.333
  14880.00 0.130     648.218       7.430    1420.000       0.000    0.0002    3.853  529.421    5.941  333.733    1.450
  14940.00 0.132     652.015       5.582    1420.000       0.000    0.0002    4.539  777.773    7.576  341.076    1.825
  15000.00 0.133     641.612      11.282    1460.000       0.000    0.0002    5.328  924.644    8.078  350.544    1.996
  15060.00 0.136     639.677       1.185    1420.000       0.000    0.0002    6.156  971.486    5.978  360.153    1.947
  15120.00 0.134     648.739       3.108    1940.000       0.000    0.0002    6.966  917.895    6.473  369.649    2.207
  15180.00 0.142     651.188       4.475    1700.000       0.000    0.0002    7.584  795.082    6.323  380.949    1.730
  15240.00 0.145     665.405       5.439    1580.000       0.000    0.0002    8.163  704.790    7.181  393.103    1.602
  15300.00 0.144     669.592       8.776    1500.000       0.000    0.0002    8.609  845.518    8.334  402.523    1.880
  15360.00 0.143     676.082       3.509    1580.000       0.000    0.0002    9.085  941.009    6.932  408.049    2.082
  15420.00 0.149     667.451      11.471    1940.000       0.000    0.0002    9.492  923.539    6.624  410.086    1.800
  15480.00 0.154     660.700       5.851    1940.000       0.000    0.0002    9.804  919.401    6.535  412.311    1.734
  15540.00 0.157     663.907       6.512    1940.000       0.000    0.0002    9.885  756.420    6.800  418.462    1.609
  15600.00 0.160     657.313       9.649    1460.000       0.000    0.0002    9.800  604.866    5.992  423.287    1.441
  15660.00 0.161     661.760       2.580    1500.000       0.000    0.0002    9.598  667.061    6.420  424.648    1.632
  15720.00 0.163     664.084      14.024    1500.000       0.000    0.0002    9.586  855.470    7.936  427.554    1.745
  15780.00 0.163     674.768       8.580    1620.000       0.000    0.0002    9.693 1176.802    9.145  432.442    1.925
  15840.00 0.164     686.746       4.933    1700.000       0.000    0.0002    9.645 1432.024    9.498  434.113    2.358
  15900.00 0.163     686.507      10.045    1940.000       0.000    0.0002    9.426 1460.451    8.337  430.708    2.174
  15960.00 0.165     682.544      14.083    1940.000       0.000    0.0002    8.960 1334.859    7.570  429.692    1.903
  16020.00 0.162     682.711       7.349    1940.000       0.000    0.0002    8.419 1149.577    7.623  432.825    1.796
  16080.00 0.158     682.160       5.401    1940.000       0.000    0.0002    7.955  769.838    6.242  433.064    1.530
  16140.00 0.162     677.023       9.985    1500.000       0.000    0.0002    7.815  600.550    6.280  428.877    1.457
  16200.00 0.168     686.763       7.344    1500.000       0.000    0.0002    8.033  636.238    7.035  424.658    1.456
  16260.00 0.165     693.896       9.363    1500.000       0.000    0.0002    8.499  698.021    6.460  422.794    1.382
  16320.00 0.162     693.624       7.579    1580.000       0.000    0.0002    9.364  673.064    5.593  424.841    1.622
  16380.00 0.167     694.311      10.117    1540.000       0.000    0.0002   10.297  724.284    6.396  433.328    1.804
  16440.00 0.165     693.541      11.259    1740.000       0.000    0.0002   11.202  803.594    7.101  445.987    1.727
  16500.00 0.165     704.273       9.139    1580.000       0.000    0.0002   12.160  943.834    6.981  458.327    1.757
  16560.00 0.162     712.911       6.908    1580.000       0.000    0.0002   13.115 1032.998    7.466  471.671    1.924
  16620.00 0.167     722.229      16.657    1620.000       0.000    0.0002   13.916 1135.023    6.937  486.003    2.311
  16680.00 0.165     714.417      13.117    1940.000       0.000    0.0002   14.352 1332.625    7.970  496.748    2.254
  16740.00 0.169     716.474      11.965    1940.000       0.000    0.0002   14.079 1336.341    8.390  500.894    2.444
  16800.00 0.171     725.808      10.873    1940.000       0.000    0.0002   12.857 1363.735    6.686  500.534    2.340
  16860.00 0.173     716.667       6.695    1940.000       0.000    0.0002   11.391 1073.984    5.801  494.407    2.123
  16920.00 0.168     720.058      11.279    1940.000       0.000    0.0002    9.646  663.757    5.901  488.575    1.593
  16980.00 0.171     714.758       8.063    1660.000       0.000    0.0002    8.101  622.215    5.273  486.144    1.561
  17040.00 0.164     702.149       7.403    1660.000       0.000    0.0002    7.163  626.689    6.598  475.561    1.767
  17100.00 0.155     692.264      11.950    1580.000       0.000    0.0002    6.814  552.785    5.592  460.959    1.272
  17160.00 0.156     683.925       9.827    1500.000       0.000    0.0002    6.806  503.733    5.700  457.117    1.327
  17220.00 0.151     688.331       4.538    1540.000       0.000    0.0002    7.121  527.043    6.151  461.179    1.428
  17280.00 0.147     690.831       8.007    1460.000       0.000    0.0002    7.665  661.614    7.291  461.574    1.402
  17340.00 0.153     704.076       7.134    1460.000       0.000    0.0002    8.420  789.172    6.949  461.010    1.531
  17400.00 0.153     707.261       7.038    1540.000       0.000    0.0002    9.225  761.380    6.971  467.432    1.663
  17460.00 0.155     719.843       6.268    1580.000       0.000    0.0002    9.924  801.827    7.991  476.051    2.133
  17520.00 0.145     718.519      14.276    1620.000       0.000    0.0002   10.324 1057.405    8.872  479.025    1.825
  17580.00 0.152     724.244      11.768    1620.000       0.000    0.0002   10.137 1225.887    8.314  480.085    2.275
  17640.00 0.151     738.382      11.392    1940.000       0.000    0.0002    9.544 1328.086    8.194  479.897    2.402
  17700.00 0.143     723.014       6.404    1940.000       0.000    0.0002    8.780 1000.895    6.231  475.874    1.866
  17760.00 0.137     734.652       5.205    1940.000       0.000    0.0002    7.925  670.485    5.943  472.549    1.741
  17820.00 0.132     742.667       2.074    1580.000       0.000    0.0002    7.191  639.041    6.608  471.171    1.596
  17880.00 0.128     730.875      10.038    1540.000       0.000    0.0002    6.826  673.426    5.960  464.335    1.451
  17940.00 0.127     735.709       9.425    1660.000       0.000    0.0002    6.651  650.534    5.917  456.624    1.481
  18000.00 0.125     738.043      13.855    1620.000       0.000    0.0002    6.611  610.255    6.343  453.303    1.624
  18060.00 0.126     739.846       6.293    1540.000       0.000    0.0002    6.551  647.665    7.001  451.618    1.815
  18120.00 0.126     731.583       4.286    1580.000       0.000    0.0002    6.473  605.340    7.418  450.765    1.605
  18180.00 0.128     724.229       8.343    1500.000       0.000    0.0002    6.515  655.973    6.692  452.078    1.602
  18240.00 0.126     725.377      15.667    1540.000       0.000    0.0002    6.721  763.355    7.562  454.795    1.810
  18300.00 0.128     718.356       3.556    1580.000       0.000    0.0002    6.976  918.339    6.783  455.671    1.910
  18360.00 0.125     716.172       7.422    1940.000       0.000    0.0002    7.133 1002.643    6.992  453.767    2.010
  18420.00 0.130     708.090       9.288    1940.000       0.000    0.0002    7.106  953.825    6.630  453.772    1.759
  18480.00 0.129     699.089       2.732    1940.000       0.000    0.0002    7.213  965.169    6.461  455.779    1.602
  18540.00 0.124     711.361      11.716    1620.000       0.000    0.0002    7.460  924.906    6.194  459.068    1.749
  18600.00 0.126     706.835       3.534    1540.000       0.000    0.0002    7.853  879.885    6.536  463.653    1.582
  18660.00 0.126     709.010       9.670    1940.000       0.000    0.0002    8.143  761.524    6.676  466.330    1.646
  18720.00 0.127     706.207       8.084    1580.000       0.000    0.0002    8.482  688.943    7.429  468.401    1.845
  18780.00 0.129     713.662       5.009    1700.000       0.000    0.0002    8.609  763.439    6.431  469.829    1.584
  18840.00 0.132     726.494      11.402    1580.000       0.000    0.0002    8.557  814.334    7.301  470.000    1.782
  18900.00 0.131     722.985       8.843    1580.000       0.000    0.0002    8.411  913.875    7.570  469.726    1.909
  18960.00 0.133     722.353      10.110    1580.000       0.000    0.0002    7.824 1002.497    8.266  470.188    2.082
  19020.00 0.133     722.574      13.015    1620.000       0.000    0.0002    7.181 1120.113    8.388  469.814    2.180
  19080.00 0.133     726.593       7.033    1940.000       0.000    0.0002    6.410 1195.837   10.092  467.375    2.290
  19140.00 0.128     714.171       6.362    1940.000       0.000    0.0002    5.639 1313.112    9.424  462.835    2.572
  19200.00 0.125     695.529       6.353    1940.000       0.000    0.0002    4.783 1376.351    8.684  456.696    2.290
  19260.00 0.122     678.715       6.064    1940.000       0.000    0.0002    3.813 1204.478    6.727  450.452    1.700
  19320.00 0.121     675.775      11.227    1940.000       0.000    0.0002    3.089  676.126    5.727  446.638    1.452
  19380.00 0.119     675.133       8.589    1580.000       0.000    0.0002    2.611  484.723    6.632  437.693    1.277
  19440.00 0.122     676.000      11.640    1540.000       0.000    0.0002    2.398  488.569    4.748  423.380    0.984
  19500.00 0.125     681.605      11.311    1580.000       0.000    0.0002    2.307  380.768    3.612  414.467    0.947
  19560.00 0.125     673.021      12.710    1500.000       0.000    0.0002    2.303  357.650    3.776  413.412    0.968
  19620.00 0.129     670.964       7.183    1540.000       0.000    0.0002    2.319  276.550    4.100  411.588    0.972
  19680.00 0.136     668.905       6.786    1540.000       0.000    0.0002    2.401  269.606    3.649  406.367    0.949
  19740.00 0.139     681.441      10.158    1580.000       0.000    0.0002    2.556  187.144    3.889  403.029    1.021
  19800.00 0.137     686.714      14.821    1580.000       0.000    0.0002    2.729  279.072    4.412  402.582    1.211
  19860.00 0.135     691.449       9.420    1620.000       0.000    0.0002    2.856  354.212    4.736  401.940    1.244
  19920.00 0.140     681.888       6.783    1420.000       0.000    0.0002    2.929  323.361    4.656  401.481    1.109
  19980.00 0.139     688.932       8.126    1500.000       0.000    0.0002    3.019  284.969    3.835  402.238    1.069
  20040.00 0.132     677.449       5.804    1420.000       0.000    0.0002    3.175  335.361    4.152  403.140    1.186
  20100.00 0.131     678.885       8.067    1540.000       0.000    0.0002    3.357  439.237    5.102  403.249    1.324
  20160.00 0.132     676.549      12.171    1500.000       0.000    0.0002    3.570  490.884    6.117  403.511    1.452
  20220.00 0.129     684.545       6.288    1540.000       0.000    0.0002    3.814  548.804    6.699  405.756    1.398
  20280.00 0.125     686.380       6.888    1460.000       0.000    0.0002    4.186  543.583    6.104  409.219    1.472
  20340.00 0.124     689.291       7.441    1460.000       0.000    0.0002    4.653  605.032    6.360  413.460    1.579
  20400.00 0.123     689.901      12.326    1460.000       0.000    0.0002    5.087  584.014    5.783  419.185    1.585
  20460.00 0.127     698.772       7.716    1500.000       0.000    0.0002    5.649  573.842    6.437  426.471    1.625
  20520.00 0.122     698.557       9.579    1580.000       0.000    0.0002    6.205  759.827    7.688  435.177    1.686
  20580.00 0.123     710.376      11.248    1540.000       0.000    0.0002    6.729  959.749    7.574  443.902    1.810
  20640.00 0.125     707.969       9.766    1500.000       0.000    0.0002    7.283 1221.946    7.773  451.929    1.894
  20700.00 0.121     695.232       7.758    1940.000       0.000    0.0002    7.596 1119.808    8.258  457.807    2.434
  20760.00 0.125     675.625       4.844    1940.000       0.000    0.0002    7.599 1036.596    7.693  456.621    2.247
  20820.00 0.124     685.404       9.467    1940.000       0.000    0.0002    7.236  976.833    7.403  454.631    1.816
  20880.00 0.129     705.585       2.642    1780.000       0.000    0.0002    6.603  870.768    6.514  455.375    1.714
  20940.00 0.133     697.422       8.656    1940.000       0.000    0.0002    5.839  707.786    5.981  453.313    1.304
  21000.00 0.130     680.902       9.662    1540.000       0.000    0.0002    5.408  524.907    5.374  447.293    1.188
  21060.00 0.129     681.887       3.434    1540.000       0.000    0.0002    5.350  507.790    4.845  442.203    1.146
  21120.00 0.133     686.569       9.174    1620.000       0.000    0.0002    5.582  480.557    5.299  442.735    1.253
  21180.00 0.128     678.555       8.441    1500.000       0.000    0.0002    6.042  460.742    5.918  446.820    1.368
  21240.00 0.130     693.408      17.416    1460.000       0.000    0.0002    6.615  516.341    6.124  450.871    1.458
  21300.00 0.130     700.674      12.097    1580.000       0.000    0.0002    7.224  623.901    6.339  457.242    1.656
  21360.00 0.132     705.269       9.276    1540.000       0.000    0.0002    7.775  743.603    8.237  465.897    1.741
  21420.00 0.136     713.405       6.093    1620.000       0.000    0.0002    8.242  990.370    8.517  472.899    2.090
  21480.00 0.138     710.124       9.097    1660.000       0.000    0.0002    8.544 1163.397    8.677  476.933    2.166
  21540.00 0.135     703.459       5.982    1980.000       0.000    0.0002    8.476 1031.493    6.934  477.699    1.993
  21600.00 0.139     699.297       9.244    1940.000       0.000    0.0002    8.081 1084.549    6.889  480.099    2.113
  21660.00 0.140     703.061       3.583    1940.000       0.000    0.0002    7.378  748.028    6.312  480.857    1.615
  21720.00 0.138     700.566      15.257    1660.000       0.000    0.0002    6.816  630.515    6.174  479.942    1.540
  21780.00 0.141     707.279       6.551    1500.000       0.000    0.0002    6.587  704.738    7.451  479.394    1.540
  21840.00 0.138     693.640       7.527    1540.000       0.000    0.0002    6.738  740.828    6.979  479.413    1.741
  21900.00 0.133     695.229      12.183    1500.000       0.000    0.0002    7.153  673.311    6.822  481.904    2.130
  21960.00 0.137     710.143       7.857    1940.000       0.000    0.0002    7.520  615.544    6.240  482.726    1.974
  22020.00 0.146     709.664      15.772    1940.000       0.000    0.0002    7.814  755.123    7.403  485.775    1.808
  22080.00 0.153     716.688       7.420    1620.000       0.000    0.0002    8.240 1062.625    9.512  497.560    2.216
  22140.00 0.151     710.615       5.049    1940.000       0.000    0.0002    8.909 1509.635    9.174  512.402    2.657
  22200.00 0.154     701.268       8.304    1940.000       0.000    0.0002    9.570 1753.464   11.004  522.909    3.134
  22260.00 0.145     699.797       6.791    1940.000       0.000    0.0002    9.709 1698.801    8.644  527.735    2.798
  22320.00 0.141     700.415       9.119    1940.000       0.000    0.0002    9.695 1107.801    8.838  537.604    2.080
  22380.00 0.145     705.531       8.600    1940.000       0.000    0.0002    9.830  896.685    7.648  552.512    1.916
  22440.00 0.143     712.675       9.983    1940.000       0.000    0.0002    9.987  895.702    6.624  556.173    1.842
  22500.00 0.146     715.812       9.916    1940.000       0.000    0.0002   10.345  743.853    8.613  551.770    1.979
  22560.00 0.144     719.797       6.508    1940.000       0.000    0.0002   10.985  947.479    8.091  560.233    1.752
  22620.00 0.143     712.743       4.532    1620.000       0.000    0.0002   11.813 1234.231    8.794  575.141    2.091
  22680.00 0.144     708.421       5.671    1940.000       0.000    0.0002   12.898 1421.833   10.195  584.624    2.135
  22740.00 0.146     727.157       5.385    1940.000       0.000    0.0002   13.843 1393.994   11.403  592.321    2.760
  22800.00 0.147     730.416      11.647    1940.000       0.000    0.0002   14.447 1264.751    9.173  605.189    2.610
  22860.00 0.142     731.081       5.489    1940.000       0.000    0.0002   14.606 1328.604    8.257  617.863    2.652
  22920.00 0.149     742.759       8.933    2060.000       0.000    0.0002   14.148 1287.241    8.164  624.716    2.669
  22980.00 0.147     744.172       8.675    1940.000       0.000    0.0002   13.587 1489.808    8.873  630.959    2.344
  23040.00 0.143     735.768       7.713    1940.000       0.000    0.0002   13.096 1302.693   10.162  637.326    2.282
  23100.00 0.136     730.791       6.763    1940.000       0.000    0.0002   12.933 1419.445    9.133  636.942    2.477
  23160.00 0.136     731.485       6.941    1940.000       0.000    0.0002   12.418 1497.439    8.706  628.451    2.624
  23220.00 0.136     733.989       3.506    1940.000       0.000    0.0002   11.670 1297.026    7.168  619.731    2.509
  23280.00 0.136     739.066       4.381    1940.000       0.000    0.0002   10.546  966.284    8.036  612.873    2.352
  23340.00 0.132     755.305       6.617    1940.000       0.000    0.0002    9.244  938.769    7.884  611.733    2.031
  23400.00 0.128     764.762       6.286    1940.000       0.000    0.0002    8.390  973.302    8.458  607.963    2.150
  23460.00 0.125     761.209      10.175    1940.000       0.000    0.0002    8.088  995.577    7.137  596.749    1.732
  23520.00 0.130     753.133       8.518    1940.000       0.000    0.0002    8.206  931.958    7.830  586.870    2.073
  23580.00 0.127     753.129       3.992    1940.000       0.000    0.0002    8.569 1009.778    6.718  585.102    1.937
  23640.00 0.125     754.191       8.460    1620.000       0.000    0.0002    8.953  941.433    8.598  587.743    1.824
  23700.00 0.116     743.544      11.013    1940.000       0.000    0.0002    9.240  874.869    8.837  590.703    1.978
  23760.00 0.117     739.917      13.929    1940.000       0.000    0.0002    9.452 1198.167   10.198  596.039    2.175
  23820.00 0.118     744.948       9.526    1940.000       0.000    0.0002    9.367 1277.884    8.726  596.642    2.653
  23880.00 0.120     752.057      10.387    1940.000       0.000    0.0002    8.876 1332.310    9.275  589.024    2.750
  23940.00 0.117     754.059       3.891    1940.000       0.000    0.0002    7.854 1103.483    8.147  580.387    2.431
  24000.00 0.123     756.223       8.946    1940.000       0.000    0.0002    6.751  820.282    7.574  576.508    2.044
  24060.00 0.129     758.904       8.771    1940.000       0.000    0.0002    5.571  753.723    5.687  570.402    1.567
  24120.00 0.125     738.588       5.020    1660.000       0.000    0.0002    4.631  535.634    5.424  556.821    1.492
  24180.00 0.129     716.226       8.113    1780.000       0.000    0.0002    4.169  388.877    5.305  538.401    1.312
  24240.00 0.125     707.984       6.184    1620.000       0.000    0.0002    3.931  360.748    6.221  525.752    1.409
  24300.00 0.127     700.998      11.593    1580.000       0.000    0.0002    3.752  437.691    5.346  523.731    1.170
  24360.00 0.125     697.804       6.314    1580.000       0.000    0.0002    3.665  436.184    4.518  521.382    1.252
  24420.00 0.130     700.678       9.115    1660.000       0.000    0.0002    3.611  553.472    4.064  511.303    1.050
  24480.00 0.125     707.173       8.031    1700.000       0.000    0.0002    3.660  615.393    3.885  502.658    1.301
  24540.00 0.130     715.367      10.320    1620.000       0.000    0.0002    3.782  572.615    5.249  501.466    1.364
  24600.00 0.127     707.615       9.154    1580.000       0.000    0.0002    3.996  584.429    5.660  501.394    1.459
  24660.00 0.125     698.121       3.718    1620.000       0.000    0.0002    4.262  733.695    7.250  498.873    1.887
  24720.00 0.123     698.574      12.000    1620.000       0.000    0.0002    4.523  853.697    7.610  497.983    1.871
  24780.00 0.122     699.759      12.048    1940.000       0.000    0.0002    4.690 1048.291    8.700  499.978    2.128
  24840.00 0.122     706.786       5.948    1940.000       0.000    0.0002    4.572 1020.518    6.643  500.106    2.136
  24900.00 0.130     696.923       3.715    1940.000       0.000    0.0002    4.255  842.941    6.185  497.211    1.981
  24960.00 0.132     703.481       8.074    1940.000       0.000    0.0002    3.780  562.676    6.085  493.318    1.419
  25020.00 0.123     699.208       9.980    1540.000       0.000    0.0002    3.284  591.281    4.800  488.499    1.446
  25080.00 0.123     703.419      12.207    1620.000       0.000    0.0002    2.860  500.020    5.236  482.231    1.506
  25140.00 0.117     696.258       5.738    1460.000       0.000    0.0002    2.575  455.582    4.136  476.456    1.507
  25200.00 0.120     690.468       9.287    1580.000       0.000    0.0002    2.224  402.954    3.405  471.528    1.281
  25260.00 0.120     685.959      14.776    1700.000       0.000    0.0002    1.998  236.237    4.296  467.476    1.119
  25320.00 0.113     691.552       8.621    1500.000       0.000    0.0002    1.892  190.037    4.841  464.736    1.103
  25380.00 0.112     690.501      14.466    1420.000       0.000    0.0002    1.909  197.149    4.339  462.629    1.072
  25440.00 0.119     693.374       7.935    1380.000       0.000    0.0002    1.952  180.445    3.747  459.993    0.818
  25500.00 0.114     693.233       7.495    1660.000       0.000    0.0002    1.958  173.809    3.301  456.777    0.901
  25560.00 0.117     687.056       8.518    1500.000       0.000    0.0002    1.995  173.437    3.789  456.133    0.918
  25620.00 0.115     690.782       4.440    1380.000       0.000    0.0002    2.032  177.578    4.401  457.980    0.931
  25680.00 0.112     687.364       7.712    1460.000       0.000    0.0002    2.097  207.199    4.329  457.877    1.049
  25740.00 0.112     680.654       4.314    1340.000       0.000    0.0002    2.239  242.325    4.196  456.393    1.046
  25800.00 0.116     689.937       4.151    1420.000       0.000    0.0002    2.473  286.981    4.494  458.204    1.282
  25860.00 0.119     694.743      13.388    1420.000       0.000    0.0002    2.733  252.727    4.606  461.929    1.280
  25920.00 0.124     694.971       9.548    1500.000       0.000    0.0002    3.038  241.289    4.329  462.119    1.061
  25980.00 0.134     694.662      10.750    1420.000       0.000    0.0002    3.299  235.980    3.965  461.433    1.100
  26040.00 0.133     698.453       5.009    1380.000       0.000    0.0002    3.689  294.482    4.911  465.433    1.203
  26100.00 0.127     698.621      10.843    1340.000       0.000    0.0002    4.168  403.353    5.745  472.058    1.516
  26160.00 0.134     698.179       1.056    1660.000       0.000    0.0002    4.868  505.319    6.500  478.277    1.666
  26220.00 0.137     701.640       6.988    1340.000       0.000    0.0002    5.668  625.275    7.888  487.494    1.752
  26280.00 0.139     697.958       5.880    1580.000       0.000    0.0002    6.687  911.986    9.424  501.977    2.129
  26340.00 0.147     700.930       8.804    1620.000       0.000    0.0002    7.790 1231.055    9.729  517.576    2.567
  26400.00 0.149     696.203       6.088    1940.000       0.000    0.0002    8.673 1438.279    9.737  527.888    3.009
  26460.00 0.147     698.003       6.922    1940.000       0.000    0.0002    9.243 1566.779    8.613  532.027    2.727
  26520.00 0.152     704.695       3.376    1940.000       0.000    0.0002    9.393 1297.760    8.728  540.951    2.691
  26580.00 0.154     720.823       8.133    1940.000       0.000    0.0002    9.288 1084.290    9.411  559.285    2.102
  26640.00 0.159     727.320      14.885    1940.000       0.000    0.0002    9.054 1232.175    8.235  573.048    2.065
  26700.00 0.161     724.606       8.212    1940.000       0.000    0.0002    8.827 1164.059    7.551  568.130    2.199
  26760.00 0.162     727.270      10.287    1940.000       0.000    0.0002    8.730  850.209    6.778  561.051    1.816
  26820.00 0.168     731.325       6.725    1580.000       0.000    0.0002    8.814  663.312    5.908  563.781    1.556
  26880.00 0.162     736.566       6.386    1780.000       0.000    0.0002    8.850  729.352    6.854  563.843    1.755
  26940.00 0.162     733.172       4.622    1620.000       0.000    0.0002    9.000  927.647    8.745  555.931    1.946
  27000.00 0.165     749.674       7.834    1580.000       0.000    0.0002    9.120 1002.794    8.321  552.016    2.007
  27060.00 0.171     750.142      11.652    1940.000       0.000    0.0002    8.873  983.128    7.127  554.217    1.799
  27120.00 0.160     762.709       6.210    1940.000       0.000    0.0002    8.566  935.238    8.558  553.760    2.134
  27180.00 0.165     761.662      10.623    1940.000       0.000    0.0002    8.144  862.244    6.417  549.109    1.962
  27240.00 0.155     758.389       4.961    1940.000       0.000    0.0002    7.743  704.290    6.803  546.808    1.550
  27300.00 0.155     765.575       7.685    1660.000       0.000    0.0002    7.177  672.846    5.310  545.549    1.328
  27360.00 0.151     765.396       5.622    1500.000       0.000    0.0002    6.831  636.028    5.901  540.943    1.397
  27420.00 0.142     765.842      10.756    1620.000       0.000    0.0002    6.674  584.300    6.630  534.868    1.448
  27480.00 0.140     761.913       8.522    1500.000       0.000    0.0002    6.648  629.682    6.909  533.411    1.527
  27540.00 0.136     761.324       6.834    1500.000       0.000    0.0002    6.722  713.395    6.283  534.520    1.747
  27600.00 0.138     753.475       8.652    1460.000       0.000    0.0002    6.526  800.411    6.949  529.875    2.030
  27660.00 0.138     764.240       6.042    1500.000       0.000    0.0002    6.259 1035.978    7.794  523.034    1.917
  27720.00 0.140     767.574       4.468    1940.000       0.000    0.0002    5.901  976.326    6.513  519.930    2.470
  27780.00 0.132     747.911       2.662    1940.000       0.000    0.0002    5.631  881.430    6.320  518.346    2.219
  27840.00 0.129     740.303       7.121    1940.000       0.000    0.0002    5.393  792.305    6.004  515.961    1.691
  27900.00 0.127     734.165      11.286    1940.000       0.000    0.0002    5.349  636.114    6.685  516.300    1.756
  27960.00 0.127     739.229       4.586    1620.000       0.000    0.0002    5.566  810.401    8.121  518.235    2.156
  28020.00 0.127     742.923       7.500    1580.000       0.000    0.0002    5.892  971.552    7.998  517.975    2.140
  28080.00 0.132     746.963       8.667    1540.000       0.000    0.0002    6.020  999.414    7.811  515.591    2.219
  28140.00 0.126     745.714       8.378    1940.000       0.000    0.0002    5.899  996.805    7.432  513.314    2.321
  28200.00 0.123     749.781       4.891    1940.000       0.000    0.0002    5.375  845.485    6.992  513.091    1.865
  28260.00 0.122     755.280       5.400    1940.000       0.000    0.0002    4.713  516.630    7.422  517.570    1.600
  28320.00 0.125     743.059       7.490    1700.000       0.000    0.0002    4.248  685.102    6.971  518.271    1.693
  28380.00 0.125     745.647      15.686    1540.000       0.000    0.0002    4.058  690.757    7.242  507.150    1.811
  28440.00 0.127     739.232       8.100    1940.000       0.000    0.0002    3.848  515.485    6.167  498.011    1.659
  28500.00 0.132     722.625       6.174    1660.000       0.000    0.0002    3.720  456.026    4.892  498.237    1.481
  28560.00 0.132     722.148       4.111    1620.000       0.000    0.0002    3.692  342.609    4.829  497.914    1.277
  28620.00 0.136     725.448      12.581    1580.000       0.000    0.0002    3.668  317.971    4.266  491.915    1.129
  28680.00 0.143     723.932      10.393    1540.000       0.000    0.0002    3.751  267.062    5.042  489.262    1.163
  28740.00 0.144     731.932       5.153    1540.000       0.000    0.0002    3.998  313.887    5.827  491.662    1.199
  28800.00 0.140     722.122       2.504    1620.000       0.000    0.0002    4.417  361.586    5.727  493.740    1.317
