#  time      cc     z_cbase    z_ctop_avg  z_ctop_max      zi         we   <<ql>>  <<ql>>_max   w_max   tke     ql_max
     60.00 0.000       0.000       0.000       0.000       0.000    0.0002    0.000    0.000    0.177  616.652    0.000
    120.00 0.000       0.000       0.000       0.000       0.000    0.0002    0.000    0.000    0.282  417.153    0.000
    180.00 0.000       0.000       0.000       0.000       0.000    0.0002    0.000    0.000    0.319  300.215    0.000
    240.00 0.000       0.000       0.000       0.000       0.000    0.0002    0.000    0.000    0.321  225.873    0.000
    300.00 0.000       0.000       0.000       0.000       0.000    0.0002    0.000    0.000    0.332  176.639    0.000
    360.00 0.000       0.000       0.000       0.000       0.000    0.0002    0.000    0.000    0.348  143.477    0.000
    420.00 0.000       0.000       0.000       0.000       0.000    0.0002    0.000    0.000    0.332  121.224    0.000
    480.00 0.000       0.000       0.000       0.000       0.000    0.0002    0.000    0.000    0.340  105.828    0.000
    540.00 0.000       0.000       0.000       0.000       0.000    0.0002    0.000    0.000    0.386   94.019    0.000
    600.00 0.000       0.000       0.000       0.000       0.000    0.0002    0.000    0.000    0.473   84.744    0.000
    660.00 0.000       0.000       0.000       0.000       0.000    0.0002    0.000    0.000    0.522   78.191    0.000
    720.00 0.000       0.000       0.000       0.000       0.000    0.0002    0.000    0.000    0.518   73.901    0.000
    780.00 0.000       0.000       0.000       0.000       0.000    0.0002    0.000    0.000    0.579   71.108    0.000
    840.00 0.000       0.000       0.000       0.000       0.000    0.0002    0.000    0.000    0.646   69.337    0.000
    900.00 0.000       0.000       0.000       0.000       0.000    0.0002    0.000    0.000    0.646   68.169    0.000
    960.00 0.000       0.000       0.000       0.000       0.000    0.0002    0.000    0.000    0.675   67.602    0.000
   1020.00 0.000       0.000       0.000       0.000       0.000    0.0002    0.000    0.000    0.723   68.104    0.000
   1080.00 0.000     580.000       0.000     580.000       0.000    0.0002    0.000    0.630    0.738   69.724    0.014
   1140.00 0.000     580.000       0.000     580.000       0.000    0.0002    0.001    1.606    0.835   72.078    0.036
   1200.00 0.001     580.000       0.000     580.000       0.000    0.0002    0.001    3.293    0.891   75.128    0.074
   1260.00 0.001     570.000       0.000     580.000       0.000    0.0002    0.002    4.918    0.913   79.078    0.086
   1320.00 0.002     574.286       0.000     580.000       0.000    0.0002    0.005    8.718    1.002   84.032    0.125
   1380.00 0.008     560.000       0.000     660.000       0.000    0.0002    0.011   11.571    1.082   90.158    0.157
   1440.00 0.017     562.941       0.000     660.000       0.000    0.0002    0.039   15.087    1.191   97.601    0.178
   1500.00 0.028     565.172      23.621     660.000       0.000    0.0002    0.091   21.851    1.301  106.250    0.257
   1560.00 0.042     566.207      12.644     660.000       0.000    0.0002    0.188   30.346    1.430  116.018    0.298
   1620.00 0.059     567.167       0.000     660.000       0.000    0.0002    0.347   48.713    1.830  126.935    0.435
   1680.00 0.072     567.525       3.932     660.000       0.000    0.0002    0.599   66.523    2.242  138.940    0.510
   1740.00 0.091     568.235       7.754     700.000       0.000    0.0002    0.950   94.779    2.571  151.913    0.672
   1800.00 0.109     569.620       5.101     780.000       0.000    0.0002    1.429  146.955    2.895  165.750    0.839
   1860.00 0.124     569.565       4.980     860.000       0.000    0.0002    2.041  190.761    3.586  180.149    0.889
   1920.00 0.140     570.801       4.983     900.000       0.000    0.0002    2.771  225.834    3.954  194.619    0.978
   1980.00 0.158     572.531       6.296     900.000       0.000    0.0002    3.580  263.060    4.129  208.723    1.012
   2040.00 0.172     574.610       6.440    1300.000       0.000    0.0002    4.464  311.098    4.261  222.335    1.148
   2100.00 0.177     579.669       6.160    1300.000       0.000    0.0002    5.386  357.747    4.598  235.054    1.070
   2160.00 0.186     582.726       3.303    1300.000       0.000    0.0002    6.243  360.357    3.914  246.400    1.136
   2220.00 0.193     589.480       4.183    1300.000       0.000    0.0002    6.984  404.968    4.792  256.329    1.450
   2280.00 0.200     594.066       5.592    1300.000       0.000    0.0002    7.563  381.334    4.553  264.195    1.226
   2340.00 0.207     598.818       9.267    1420.000       0.000    0.0002    7.976  414.556    4.438  269.619    1.136
   2400.00 0.211     605.585      12.561    1420.000       0.000    0.0002    8.139  407.901    4.822  272.727    1.301
   2460.00 0.204     610.048       7.656    1540.000       0.000    0.0002    8.087  483.159    4.491  273.656    1.178
   2520.00 0.202     615.030       6.273    1340.000       0.000    0.0002    7.917  505.841    4.729  272.430    1.330
   2580.00 0.200     620.538       6.235    1420.000       0.000    0.0002    7.614  482.499    4.883  268.847    1.388
   2640.00 0.190     626.256      10.436    1420.000       0.000    0.0002    7.136  497.151    4.540  263.205    1.386
   2700.00 0.179     629.524       5.769    1420.000       0.000    0.0002    6.520  448.712    4.060  256.601    1.386
   2760.00 0.167     634.248      11.358    1460.000       0.000    0.0002    5.796  400.635    4.130  249.584    1.185
   2820.00 0.159     636.098      10.661    1420.000       0.000    0.0002    5.101  442.039    5.049  242.580    1.220
   2880.00 0.154     640.729       8.780    1420.000       0.000    0.0002    4.419  441.304    5.279  235.191    1.261
   2940.00 0.147     639.434       9.684    1500.000       0.000    0.0002    3.888  400.026    4.808  227.542    1.351
   3000.00 0.140     638.188       8.571    1420.000       0.000    0.0002    3.472  369.430    4.271  219.720    1.430
   3060.00 0.140     642.867       5.909    1540.000       0.000    0.0002    3.026  350.446    4.116  212.301    1.200
   3120.00 0.134     648.958       8.885    1420.000       0.000    0.0002    2.589  350.773    3.494  206.491    0.972
   3180.00 0.127     637.471       6.552    1460.000       0.000    0.0002    2.300  373.666    3.289  201.947    0.988
   3240.00 0.122     632.104       5.451    1380.000       0.000    0.0002    2.087  382.367    3.449  196.955    0.960
   3300.00 0.125     638.708       5.479    1420.000       0.000    0.0002    1.933  365.360    3.181  191.905    1.004
   3360.00 0.119     634.867       4.641    1300.000       0.000    0.0002    1.822  321.467    2.887  187.372    0.924
   3420.00 0.118     638.340       6.598    1300.000       0.000    0.0002    1.722  261.354    2.636  183.420    0.750
   3480.00 0.113     630.172       5.690    1340.000       0.000    0.0002    1.640  260.210    3.370  180.593    0.971
   3540.00 0.109     628.449       5.843    1300.000       0.000    0.0002    1.589  335.423    4.331  178.793    1.285
   3600.00 0.102     623.070      13.765    1300.000       0.000    0.0002    1.554  380.211    4.700  177.389    1.167
   3660.00 0.102     629.976       4.748    1300.000       0.000    0.0002    1.510  398.412    3.953  175.868    1.048
   3720.00 0.105     633.704       2.778    1340.000       0.000    0.0002    1.466  342.227    3.321  174.091    0.774
   3780.00 0.110     634.578       5.333    1340.000       0.000    0.0002    1.444  270.409    2.861  172.685    0.658
   3840.00 0.105     623.349       7.488    1300.000       0.000    0.0002    1.485  206.753    2.509  172.098    0.667
   3900.00 0.111     622.649       9.757    1300.000       0.000    0.0002    1.565  175.006    2.739  171.963    0.735
   3960.00 0.106     615.843      13.626    1020.000       0.000    0.0002    1.639  191.370    3.076  171.936    0.924
   4020.00 0.106     618.802       6.267    1220.000       0.000    0.0002    1.707  221.036    3.231  172.076    0.964
   4080.00 0.111     620.000       7.588    1300.000       0.000    0.0002    1.808  219.200    3.163  172.484    0.891
   4140.00 0.108     617.738       7.738    1300.000       0.000    0.0002    1.908  234.270    3.319  173.201    0.827
   4200.00 0.104     614.245      10.660    1340.000       0.000    0.0002    1.954  251.998    2.982  174.354    0.853
   4260.00 0.102     614.149       9.305    1300.000       0.000    0.0002    2.012  274.071    3.993  175.939    1.065
   4320.00 0.105     618.974       5.781    1340.000       0.000    0.0002    2.053  351.601    4.738  177.753    1.223
   4380.00 0.105     622.320       8.399    1420.000       0.000    0.0002    2.117  466.845    5.365  179.581    1.416
   4440.00 0.104     613.035       7.482    1300.000       0.000    0.0002    2.204  503.232    5.113  181.082    1.446
   4500.00 0.107     622.909       3.273    1300.000       0.000    0.0002    2.253  384.717    3.850  182.168    1.072
   4560.00 0.110     616.718       8.027    1340.000       0.000    0.0002    2.262  259.425    3.844  183.510    0.995
   4620.00 0.112     619.041       5.752    1340.000       0.000    0.0002    2.272  265.363    3.715  185.426    0.909
   4680.00 0.116     607.705       8.337    1340.000       0.000    0.0002    2.350  305.876    3.484  187.567    0.874
   4740.00 0.115     608.414       7.949    1460.000       0.000    0.0002    2.486  342.898    3.309  189.742    0.885
   4800.00 0.118     607.884       2.573    1420.000       0.000    0.0002    2.635  358.532    3.178  191.695    0.924
   4860.00 0.121     608.306       4.153    1300.000       0.000    0.0002    2.786  420.937    3.615  193.302    1.122
   4920.00 0.123     607.594       6.004    1300.000       0.000    0.0002    2.958  485.247    4.049  195.137    1.239
   4980.00 0.124     610.988      12.411    1340.000       0.000    0.0002    3.164  508.713    4.661  197.576    1.126
   5040.00 0.124     604.047       5.108    1340.000       0.000    0.0002    3.335  492.466    4.257  200.211    1.173
   5100.00 0.126     609.282      12.932    1340.000       0.000    0.0002    3.480  420.888    3.877  202.684    1.003
   5160.00 0.129     611.879       6.869    1340.000       0.000    0.0002    3.592  443.440    3.690  204.809    0.980
   5220.00 0.126     615.598      14.093    1500.000       0.000    0.0002    3.679  437.080    3.885  206.710    1.238
   5280.00 0.129     619.170       3.283    1380.000       0.000    0.0002    3.798  474.056    4.240  208.626    1.242
   5340.00 0.126     613.282       5.985    1340.000       0.000    0.0002    3.930  507.362    3.979  210.530    1.145
   5400.00 0.130     614.501       6.968    1340.000       0.000    0.0002    4.097  478.554    3.461  212.634    1.032
   5460.00 0.135     620.000      10.236    1340.000       0.000    0.0002    4.320  394.921    4.040  215.166    0.999
   5520.00 0.138     620.071      12.979    1340.000       0.000    0.0002    4.580  419.588    4.827  218.057    1.105
   5580.00 0.137     619.005       5.861    1420.000       0.000    0.0002    4.912  541.419    4.980  221.172    1.218
   5640.00 0.138     618.018       6.513    1460.000       0.000    0.0002    5.394  655.245    4.653  224.849    1.272
   5700.00 0.139     622.522       3.678    1300.000       0.000    0.0002    5.987  725.442    5.435  229.683    1.528
   5760.00 0.136     627.513       8.479    1420.000       0.000    0.0002    6.599  871.615    5.920  235.565    1.551
   5820.00 0.140     629.059       7.178    1340.000       0.000    0.0002    7.130  876.453    5.447  240.947    1.564
   5880.00 0.137     638.686       3.659    1460.000       0.000    0.0002    7.434  739.409    5.969  245.570    1.623
   5940.00 0.136     643.256       5.009    1460.000       0.000    0.0002    7.604  659.570    4.737  250.426    1.394
   6000.00 0.139     641.479       9.683    1460.000       0.000    0.0002    7.539  805.285    4.850  254.250    1.467
   6060.00 0.138     643.858      13.522    1500.000       0.000    0.0002    7.282  805.816    5.729  256.330    1.520
   6120.00 0.135     646.498       4.982    1500.000       0.000    0.0002    6.896  830.350    5.905  256.454    1.825
   6180.00 0.137     648.754       7.972    1460.000       0.000    0.0002    6.381  796.414    6.355  255.186    1.755
   6240.00 0.136     643.900       7.800    1500.000       0.000    0.0002    5.799  653.668    5.520  254.078    1.381
   6300.00 0.136     642.621       2.226    1420.000       0.000    0.0002    5.303  568.262    5.269  253.948    1.392
   6360.00 0.132     636.370      10.111    1420.000       0.000    0.0002    4.925  482.033    5.462  253.329    1.320
   6420.00 0.136     641.538       2.147    1380.000       0.000    0.0002    4.805  590.023    5.802  252.971    1.329
   6480.00 0.137     637.000      10.607    1460.000       0.000    0.0002    4.875  621.267    4.471  251.748    1.196
   6540.00 0.133     639.816       5.783    1420.000       0.000    0.0002    5.025  571.743    4.233  250.754    1.304
   6600.00 0.135     645.316       7.486    1380.000       0.000    0.0002    5.253  550.132    4.532  250.856    1.093
   6660.00 0.142     643.053       4.322    1300.000       0.000    0.0002    5.609  699.280    4.876  252.649    1.097
   6720.00 0.143     644.932       7.979    1420.000       0.000    0.0002    6.092  814.606    5.113  255.963    1.630
   6780.00 0.147     634.238       8.311    1580.000       0.000    0.0002    6.491 1018.144    6.401  260.209    1.859
   6840.00 0.148     642.612       9.455    1660.000       0.000    0.0002    6.825 1141.397    5.933  264.069    1.665
   6900.00 0.148     650.165       6.535    1420.000       0.000    0.0002    7.057 1118.871    6.460  266.691    1.889
   6960.00 0.149     657.386       6.209    1460.000       0.000    0.0002    7.054  977.827    5.101  268.796    1.676
   7020.00 0.151     663.613       5.871    1580.000       0.000    0.0002    6.915  888.884    4.658  270.614    1.563
   7080.00 0.146     657.324       8.796    1580.000       0.000    0.0002    6.636  736.912    4.919  271.094    1.628
   7140.00 0.146     651.893       7.705    1540.000       0.000    0.0002    6.455  519.634    5.294  270.751    1.330
   7200.00 0.143     645.504       7.897    1420.000       0.000    0.0002    6.411  540.255    4.577  269.501    1.268
   7260.00 0.144     646.464       6.531    1380.000       0.000    0.0002    6.448  527.166    4.431  266.936    1.146
   7320.00 0.140     644.056      14.301    1460.000       0.000    0.0002    6.424  431.468    4.959  265.695    1.111
   7380.00 0.139     655.431       8.647    1460.000       0.000    0.0002    6.386  498.206    4.779  267.644    1.224
   7440.00 0.143     658.014       8.390    1460.000       0.000    0.0002    6.377  515.051    4.508  270.166    1.285
   7500.00 0.141     663.125       6.806    1460.000       0.000    0.0002    6.429  474.857    4.857  270.927    1.439
   7560.00 0.143     665.315       4.702    1380.000       0.000    0.0002    6.474  487.746    5.092  271.444    1.260
   7620.00 0.142     667.216      11.237    1460.000       0.000    0.0002    6.523  530.984    5.991  272.684    1.312
   7680.00 0.143     665.315      12.981    1460.000       0.000    0.0002    6.554  583.991    5.702  273.681    1.474
   7740.00 0.145     672.411      11.366    1500.000       0.000    0.0002    6.501  621.145    5.578  275.111    1.544
   7800.00 0.139     670.807      10.246    1540.000       0.000    0.0002    6.404  672.400    6.600  276.732    1.740
   7860.00 0.134     666.473      10.036    1420.000       0.000    0.0002    6.105  702.195    7.724  276.022    1.700
   7920.00 0.138     674.655       4.460    1420.000       0.000    0.0002    5.687  747.507    6.017  273.864    1.381
   7980.00 0.138     679.469       5.593    1620.000       0.000    0.0002    5.348  631.179    5.246  273.147    1.467
   8040.00 0.143     673.560      10.085    1540.000       0.000    0.0002    5.143  628.935    5.074  273.510    1.505
   8100.00 0.140     667.972       3.601    1620.000       0.000    0.0002    5.099  597.837    4.665  273.002    1.239
   8160.00 0.134     665.382       9.891    1420.000       0.000    0.0002    5.025  453.743    5.422  271.981    1.305
   8220.00 0.131     654.701       9.590    1420.000       0.000    0.0002    4.922  437.574    5.191  271.417    1.304
   8280.00 0.131     662.974       7.732    1540.000       0.000    0.0002    4.838  441.802    4.497  270.314    1.297
   8340.00 0.128     657.553       9.446    1500.000       0.000    0.0002    4.756  535.139    4.507  269.742    1.338
   8400.00 0.131     648.284      10.560    1500.000       0.000    0.0002    4.686  554.745    4.715  270.302    1.299
   8460.00 0.129     651.288       5.000    1460.000       0.000    0.0002    4.612  498.137    4.615  271.006    1.453
   8520.00 0.132     655.926       6.000    1420.000       0.000    0.0002    4.600  478.048    5.107  272.345    1.322
   8580.00 0.130     652.210      12.772    1460.000       0.000    0.0002    4.716  662.396    5.798  274.501    1.515
   8640.00 0.130     648.593       9.606    1420.000       0.000    0.0002    4.980  812.893    6.123  277.114    1.394
   8700.00 0.132     656.599       5.915    1460.000       0.000    0.0002    5.378  894.459    5.834  280.808    1.705
   8760.00 0.129     644.151      11.887    1420.000       0.000    0.0002    5.757 1090.962    6.139  285.165    2.047
   8820.00 0.130     654.802       2.260    1500.000       0.000    0.0002    6.127 1138.816    6.836  288.320    1.845
   8880.00 0.137     656.292      10.339    1700.000       0.000    0.0002    6.439 1202.309    7.301  292.493    1.822
   8940.00 0.133     653.541      10.422    1660.000       0.000    0.0002    6.703 1251.135    7.372  299.128    2.118
   9000.00 0.136     644.991       4.309    1940.000       0.000    0.0002    6.792 1325.337    7.093  304.178    2.189
   9060.00 0.135     654.628       6.679    1940.000       0.000    0.0002    6.776 1043.933    7.522  304.320    1.856
   9120.00 0.131     653.520       9.572    1580.000       0.000    0.0002    6.649 1048.461    7.068  304.531    1.716
   9180.00 0.135     664.765      11.697    1660.000       0.000    0.0002    6.477  950.729    6.856  305.186    1.619
   9240.00 0.133     662.505       1.215    1460.000       0.000    0.0002    6.293  826.691    5.262  303.885    1.232
   9300.00 0.137     660.213      11.687    1460.000       0.000    0.0002    6.095  557.037    4.952  301.713    1.255
   9360.00 0.146     661.200       8.533    1460.000       0.000    0.0002    5.926  454.656    5.829  300.376    1.162
   9420.00 0.143     658.567      11.877    1500.000       0.000    0.0002    5.842  495.237    5.312  299.617    1.118
   9480.00 0.139     654.667       6.947    1460.000       0.000    0.0002    5.686  559.567    4.866  298.130    1.335
   9540.00 0.141     660.764       8.542    1460.000       0.000    0.0002    5.556  603.749    6.030  295.831    1.385
   9600.00 0.139     673.544       6.386    1540.000       0.000    0.0002    5.476  675.239    5.651  293.992    1.544
   9660.00 0.134     668.655       7.855    1540.000       0.000    0.0002    5.300  770.911    4.308  292.905    1.370
   9720.00 0.137     656.714       7.464    1540.000       0.000    0.0002    5.105  695.933    4.311  292.106    1.329
   9780.00 0.135     657.690       7.690    1420.000       0.000    0.0002    4.990  535.838    4.785  291.986    1.150
   9840.00 0.131     654.041       9.236    1500.000       0.000    0.0002    5.005  469.383    4.832  292.485    1.134
   9900.00 0.137     655.865       6.453    1460.000       0.000    0.0002    5.149  614.967    4.763  293.656    1.228
   9960.00 0.137     662.714       8.321    1540.000       0.000    0.0002    5.389  787.336    5.093  296.146    1.639
  10020.00 0.133     669.890      11.868    1420.000       0.000    0.0002    5.719  849.699    6.124  299.769    2.416
  10080.00 0.135     670.362       8.152    1460.000       0.000    0.0002    6.043  875.876    5.833  302.901    2.272
  10140.00 0.137     664.128      12.883    1940.000       0.000    0.0002    6.238  989.968    6.182  304.962    2.181
  10200.00 0.135     661.664       2.459    1540.000       0.000    0.0002    6.356 1026.193    5.372  308.328    2.570
  10260.00 0.130     657.448       4.878    1940.000       0.000    0.0002    6.358  892.490    6.016  310.861    2.131
  10320.00 0.125     652.374       9.922    1580.000       0.000    0.0002    6.260  707.780    5.658  312.661    1.388
  10380.00 0.128     659.468      11.293    1580.000       0.000    0.0002    6.130  779.315    5.645  313.559    1.326
  10440.00 0.123     672.198       8.990    1620.000       0.000    0.0002    6.006  782.432    5.176  313.641    1.526
  10500.00 0.120     664.219       7.181    1540.000       0.000    0.0002    5.892  840.110    5.290  315.604    1.369
  10560.00 0.119     664.527      11.605    1580.000       0.000    0.0002    5.847  849.776    5.916  315.574    1.370
  10620.00 0.121     664.829      10.382    1580.000       0.000    0.0002    5.880  650.004    5.762  313.268    1.392
  10680.00 0.126     659.535       3.992    1540.000       0.000    0.0002    5.856  666.316    5.795  312.410    1.347
  10740.00 0.131     673.234      14.243    1540.000       0.000    0.0002    5.861  880.116    6.343  313.886    1.821
  10800.00 0.130     663.077       2.627    1540.000       0.000    0.0002    5.845 1002.227    6.670  315.586    2.094
  10860.00 0.132     671.132       7.718    1540.000       0.000    0.0002    5.743 1004.517    6.496  315.540    1.875
  10920.00 0.130     674.011       7.571    1420.000       0.000    0.0002    5.718 1214.965    6.096  315.537    1.553
  10980.00 0.125     664.591       5.370    1940.000       0.000    0.0002    5.852 1020.129    6.526  319.202    1.556
  11040.00 0.127     651.094       5.374    1540.000       0.000    0.0002    6.168 1118.458    7.019  325.125    1.736
  11100.00 0.130     645.085      11.111    1620.000       0.000    0.0002    6.453 1077.779    6.962  327.678    1.772
  11160.00 0.133     650.623       8.022    1660.000       0.000    0.0002    6.654  909.148    6.745  328.366    1.737
  11220.00 0.131     647.709       3.240    1540.000       0.000    0.0002    6.926  977.937    7.673  330.213    2.070
  11280.00 0.132     656.815       7.074    1940.000       0.000    0.0002    7.026 1005.925    5.876  331.334    2.125
  11340.00 0.133     649.377       2.198    1620.000       0.000    0.0002    6.854  797.812    5.117  330.973    1.569
  11400.00 0.131     664.544       8.566    1660.000       0.000    0.0002    6.480  774.062    4.862  330.831    1.811
  11460.00 0.131     661.338       6.431    1540.000       0.000    0.0002    6.010  641.603    4.735  329.185    1.692
  11520.00 0.134     669.690      11.075    1540.000       0.000    0.0002    5.526  695.850    4.773  324.881    1.277
  11580.00 0.133     669.485       6.949    1500.000       0.000    0.0002    5.129  636.179    4.738  322.398    1.184
  11640.00 0.125     665.234       8.008    1620.000       0.000    0.0002    4.902  595.964    4.515  321.286    1.189
  11700.00 0.126     665.825       5.981    1420.000       0.000    0.0002    4.807  610.702    4.914  318.001    1.358
  11760.00 0.132     660.370      17.708    1540.000       0.000    0.0002    4.724  629.417    5.308  315.097    1.398
  11820.00 0.134     672.555      10.985    1580.000       0.000    0.0002    4.553  678.584    6.207  314.172    1.434
  11880.00 0.136     677.953       5.637    1580.000       0.000    0.0002    4.440  681.737    6.945  313.123    1.505
  11940.00 0.136     672.832       9.821    1500.000       0.000    0.0002    4.525  786.875    6.315  313.133    1.592
  12000.00 0.140     683.415      11.498    1420.000       0.000    0.0002    4.597  898.075    7.109  313.354    1.665
  12060.00 0.138     688.014       8.901    1500.000       0.000    0.0002    4.687  887.837    7.591  313.103    1.834
  12120.00 0.140     681.843      14.678    1700.000       0.000    0.0002    4.678  960.643    6.138  313.057    1.788
  12180.00 0.135     674.250       7.667    1460.000       0.000    0.0002    4.469  576.443    5.225  312.367    1.216
  12240.00 0.137     674.902       9.840    1460.000       0.000    0.0002    4.217  332.518    5.201  310.657    1.146
  12300.00 0.139     680.525       7.005    1500.000       0.000    0.0002    3.956  313.884    4.178  307.846    1.114
  12360.00 0.139     674.851       5.009    1460.000       0.000    0.0002    3.732  290.766    4.411  306.104    0.975
  12420.00 0.143     667.850       7.099    1460.000       0.000    0.0002    3.466  241.503    4.356  305.637    1.095
  12480.00 0.141     657.093       7.785    1460.000       0.000    0.0002    3.234  308.096    5.002  303.857    1.134
  12540.00 0.138     657.531       9.418    1460.000       0.000    0.0002    3.120  333.478    4.345  302.160    0.872
  12600.00 0.132     662.214       5.756    1420.000       0.000    0.0002    3.187  316.265    4.685  302.282    1.010
  12660.00 0.129     662.038      11.472    1420.000       0.000    0.0002    3.383  376.753    4.984  302.604    1.011
  12720.00 0.129     654.307       6.490    1460.000       0.000    0.0002    3.626  413.144    5.015  303.636    1.151
  12780.00 0.130     658.649       6.867    1460.000       0.000    0.0002    3.811  429.347    5.396  305.673    1.159
  12840.00 0.133     649.284       8.624    1420.000       0.000    0.0002    3.906  446.863    4.957  307.540    1.277
  12900.00 0.134     657.891       6.364    1460.000       0.000    0.0002    3.932  436.734    4.449  308.622    1.213
  12960.00 0.135     664.108       5.477    1380.000       0.000    0.0002    3.841  355.617    3.979  308.473    1.163
  13020.00 0.139     663.662       4.296    1380.000       0.000    0.0002    3.664  318.901    3.741  308.559    1.002
  13080.00 0.140     679.650       8.846    1420.000       0.000    0.0002    3.529  269.687    3.982  309.577    1.059
  13140.00 0.143     665.000       5.856    1380.000       0.000    0.0002    3.489  325.081    4.841  310.165    1.165
  13200.00 0.145     652.973       3.986    1460.000       0.000    0.0002    3.598  363.467    5.525  310.657    1.158
  13260.00 0.145     655.960       8.451    1460.000       0.000    0.0002    3.799  427.525    5.376  312.741    1.363
  13320.00 0.153     655.335       7.604    1420.000       0.000    0.0002    4.128  569.369    7.004  316.509    1.580
  13380.00 0.155     664.929       4.834    1500.000       0.000    0.0002    4.484  688.940    6.921  320.730    1.587
  13440.00 0.160     660.856       6.300    1500.000       0.000    0.0002    4.768  745.562    6.201  324.031    1.757
  13500.00 0.161     661.939       8.242    1380.000       0.000    0.0002    5.043  643.268    4.829  326.951    1.357
  13560.00 0.162     658.855      12.952    1420.000       0.000    0.0002    5.312  447.834    5.070  331.999    1.210
  13620.00 0.163     666.756       2.093    1420.000       0.000    0.0002    5.645  461.884    5.107  338.204    1.203
  13680.00 0.163     663.353       2.216    1420.000       0.000    0.0002    5.977  491.166    5.320  342.894    1.222
  13740.00 0.163     662.093       6.099    1420.000       0.000    0.0002    6.336  558.215    6.028  347.134    1.409
  13800.00 0.163     660.360       6.547    1420.000       0.000    0.0002    6.648  683.592    6.147  351.734    1.443
  13860.00 0.169     661.153       4.150    1500.000       0.000    0.0002    6.921  775.745    5.927  356.009    1.704
  13920.00 0.171     665.763      10.870    1540.000       0.000    0.0002    7.219  837.504    6.386  359.431    2.137
  13980.00 0.169     661.331       7.033    1580.000       0.000    0.0002    7.352  855.534    6.809  362.148    2.225
  14040.00 0.175     665.411       7.531    1940.000       0.000    0.0002    7.354  855.274    5.335  363.948    1.956
  14100.00 0.178     664.451       8.269    1940.000       0.000    0.0002    7.279  672.257    5.945  367.029    1.278
  14160.00 0.181     669.529       6.380    1540.000       0.000    0.0002    7.377  570.906    6.514  371.806    1.337
  14220.00 0.181     664.054       8.297    1460.000       0.000    0.0002    7.881  663.613    7.023  375.564    1.548
  14280.00 0.181     663.185       7.611    1420.000       0.000    0.0002    8.646  780.953    6.120  378.856    1.775
  14340.00 0.181     665.459       3.568    1460.000       0.000    0.0002    9.330  661.191    6.262  383.274    1.737
  14400.00 0.181     672.757       5.973    1660.000       0.000    0.0002    9.769  517.204    6.341  387.787    1.504
  14460.00 0.183     685.087       6.205    1540.000       0.000    0.0002    9.944  560.247    6.237  392.637    1.371
  14520.00 0.183     684.225       8.556    1580.000       0.000    0.0002   10.072  635.619    7.143  398.269    1.745
  14580.00 0.182     688.387       4.382    1460.000       0.000    0.0002   10.110  668.264    6.208  403.228    1.721
  14640.00 0.184     690.504      11.194    1500.000       0.000    0.0002   10.086  754.561    7.934  406.273    1.584
  14700.00 0.188     695.521       6.276    1500.000       0.000    0.0002   10.018 1017.436    7.650  408.765    1.662
  14760.00 0.180     694.201       6.856    1500.000       0.000    0.0002    9.871 1081.416    7.231  411.253    2.005
  14820.00 0.170     701.782       2.845    1500.000       0.000    0.0002    9.736 1086.073    6.440  412.648    1.896
  14880.00 0.165     689.139       2.908    1940.000       0.000    0.0002    9.471  987.664    7.204  413.197    1.851
  14940.00 0.160     685.793       5.823    1940.000       0.000    0.0002    9.076  796.791    6.458  411.206    1.666
  15000.00 0.159     691.595       3.037    1580.000       0.000    0.0002    8.566  847.594    7.100  407.219    1.714
  15060.00 0.159     692.527      12.221    1460.000       0.000    0.0002    8.198  691.960    8.000  403.358    1.859
  15120.00 0.161     685.046       7.416    1540.000       0.000    0.0002    7.887  694.037    5.976  397.776    1.890
  15180.00 0.161     693.202       7.921    1540.000       0.000    0.0002    7.343  572.846    6.090  392.134    1.715
  15240.00 0.157     698.069      12.804    1540.000       0.000    0.0002    6.765  501.237    5.895  390.209    1.426
  15300.00 0.157     708.336      13.126    1540.000       0.000    0.0002    6.411  579.632    5.311  389.172    1.542
  15360.00 0.155     689.057       6.038    1500.000       0.000    0.0002    6.356  611.467    7.013  387.019    1.729
  15420.00 0.153     694.888       6.677    1580.000       0.000    0.0002    6.391  678.707    7.458  384.686    1.800
  15480.00 0.157     690.373       6.491    1460.000       0.000    0.0002    6.394  665.750    5.324  383.609    1.319
  15540.00 0.160     688.737       7.854    1580.000       0.000    0.0002    6.281  739.956    5.890  384.036    1.506
  15600.00 0.158     688.563       7.264    1540.000       0.000    0.0002    6.067  594.773    5.362  383.956    1.347
  15660.00 0.162     692.821       8.718    1540.000       0.000    0.0002    5.802  421.300    5.295  382.245    1.384
  15720.00 0.160     691.111      11.202    1460.000       0.000    0.0002    5.599  427.757    5.295  380.042    1.258
  15780.00 0.153     683.631       4.745    1580.000       0.000    0.0002    5.495  492.857    5.420  378.643    1.393
  15840.00 0.154     674.241       8.639    1420.000       0.000    0.0002    5.403  511.790    4.507  377.469    1.375
  15900.00 0.158     678.983       6.965    1540.000       0.000    0.0002    5.429  373.346    5.928  377.895    1.640
  15960.00 0.155     670.503       8.050    1460.000       0.000    0.0002    5.623  451.985    6.627  381.243    1.524
  16020.00 0.161     687.739       6.707    1380.000       0.000    0.0002    6.141  495.836    5.762  383.694    1.501
  16080.00 0.153     693.344       5.440    1500.000       0.000    0.0002    6.734  500.315    5.807  385.533    1.336
  16140.00 0.154     704.254       9.016    1460.000       0.000    0.0002    7.337  535.593    6.088  390.161    1.311
  16200.00 0.153     715.311      11.356    1420.000       0.000    0.0002    8.026  658.733    6.337  396.660    1.347
  16260.00 0.153     720.670       5.678    1540.000       0.000    0.0002    8.677  850.959    6.403  404.276    1.478
  16320.00 0.152     721.029       2.990    1500.000       0.000    0.0002    9.371  902.843    7.248  413.237    1.950
  16380.00 0.145     722.424       6.801    1500.000       0.000    0.0002    9.825  898.954    8.911  423.591    2.004
  16440.00 0.148     723.273       6.347    1940.000       0.000    0.0002   10.141  956.508    8.305  432.060    2.073
  16500.00 0.142     725.955      10.052    1620.000       0.000    0.0002   10.163  992.917    8.127  436.050    2.309
  16560.00 0.143     725.983       8.205    1940.000       0.000    0.0002    9.891  969.441    7.655  438.791    2.055
  16620.00 0.142     707.724      14.655    1940.000       0.000    0.0002    9.587 1188.059    8.354  444.108    1.993
  16680.00 0.140     710.453       6.237    1660.000       0.000    0.0002    9.311 1357.911    9.465  447.968    2.471
  16740.00 0.138     697.522       6.124    1940.000       0.000    0.0002    8.949 1277.245    7.507  445.795    1.980
  16800.00 0.141     692.361       8.819    1940.000       0.000    0.0002    8.410 1317.028    8.350  442.470    2.175
  16860.00 0.137     698.434      10.214    1940.000       0.000    0.0002    7.662 1208.407    6.178  441.839    1.852
  16920.00 0.139     697.338       2.277    1940.000       0.000    0.0002    6.921  715.330    6.504  437.960    1.547
  16980.00 0.141     689.499       8.532    1540.000       0.000    0.0002    6.252  580.576    5.455  428.262    1.602
  17040.00 0.142     687.285      15.567    1580.000       0.000    0.0002    5.909  572.846    5.624  420.967    1.358
  17100.00 0.138     700.922       4.504    1660.000       0.000    0.0002    5.810  574.861    5.745  416.849    1.229
  17160.00 0.144     701.698      12.394    1620.000       0.000    0.0002    5.930  659.033    5.985  414.111    1.353
  17220.00 0.150     694.984       8.208    1540.000       0.000    0.0002    6.159  732.848    6.534  413.030    1.629
  17280.00 0.153     704.032      10.688    1540.000       0.000    0.0002    6.363  842.096    6.938  412.964    1.674
  17340.00 0.156     714.228       8.674    1540.000       0.000    0.0002    6.432  769.055    6.965  411.584    1.536
  17400.00 0.154     699.618      17.393    1540.000       0.000    0.0002    6.455  788.296    6.639  411.105    1.593
  17460.00 0.152     702.756       3.045    1500.000       0.000    0.0002    6.523  810.615    8.098  413.959    1.816
  17520.00 0.151     700.519      11.086    1540.000       0.000    0.0002    6.706  788.344    7.366  415.979    1.927
  17580.00 0.146     701.536       7.913    1940.000       0.000    0.0002    6.824  670.969    6.155  416.234    1.504
  17640.00 0.147     706.821       6.788    1540.000       0.000    0.0002    6.964  842.379    6.601  419.382    1.684
  17700.00 0.148     713.289       6.380    1540.000       0.000    0.0002    7.084  792.197    6.565  421.352    1.560
  17760.00 0.150     706.169       8.474    1580.000       0.000    0.0002    6.971  733.268    5.716  419.215    1.797
  17820.00 0.148     706.535      10.231    1580.000       0.000    0.0002    6.679  624.275    6.283  415.416    1.724
  17880.00 0.148     709.803      14.342    1660.000       0.000    0.0002    6.361  759.407    8.568  413.799    1.860
  17940.00 0.149     714.141       5.957    1620.000       0.000    0.0002    6.068  766.045    8.362  414.587    1.611
  18000.00 0.139     713.944       7.077    1540.000       0.000    0.0002    5.841  834.900    7.488  412.751    1.927
  18060.00 0.136     723.943       7.133    1500.000       0.000    0.0002    5.680  661.185    6.277  408.419    1.700
  18120.00 0.139     707.170       7.135    1580.000       0.000    0.0002    5.605  698.401    5.600  407.163    1.615
  18180.00 0.134     710.876       8.066    1500.000       0.000    0.0002    5.499  579.555    5.972  406.821    1.496
  18240.00 0.131     713.532       6.357    1580.000       0.000    0.0002    5.405  734.835    6.375  404.050    1.610
  18300.00 0.133     706.250      12.316    1580.000       0.000    0.0002    5.231  726.632    7.013  400.609    2.192
  18360.00 0.131     707.374       8.566    1940.000       0.000    0.0002    4.917  655.935    5.525  398.132    1.627
  18420.00 0.128     686.743       9.714    1620.000       0.000    0.0002    4.654  713.326    5.834  397.999    1.771
  18480.00 0.123     693.333       8.175    1540.000       0.000    0.0002    4.476  582.617    6.068  396.641    1.524
  18540.00 0.123     695.794       7.183    1620.000       0.000    0.0002    4.246  551.944    5.708  393.070    1.385
  18600.00 0.130     690.844       9.719    1540.000       0.000    0.0002    4.036  570.928    6.266  391.388    1.427
  18660.00 0.125     693.984       7.461    1500.000       0.000    0.0002    4.086  632.354    6.371  392.307    1.404
  18720.00 0.129     682.792       4.189    1540.000       0.000    0.0002    4.205  607.839    6.129  392.050    1.469
  18780.00 0.129     692.665      14.329    1460.000       0.000    0.0002    4.265  540.743    6.490  389.949    1.740
  18840.00 0.132     688.762      11.608    1500.000       0.000    0.0002    4.169  463.968    6.035  388.446    1.502
  18900.00 0.135     692.523       6.207    1580.000       0.000    0.0002    4.091  372.656    5.955  388.913    1.271
  18960.00 0.128     699.084      10.344    1500.000       0.000    0.0002    4.008  418.412    6.306  390.008    1.390
  19020.00 0.123     698.884       3.785    1540.000       0.000    0.0002    4.043  478.365    6.160  389.319    1.449
  19080.00 0.123     692.000       1.149    1500.000       0.000    0.0002    4.156  528.472    6.396  389.150    1.338
  19140.00 0.125     694.912       7.319    1420.000       0.000    0.0002    4.305  547.557    6.580  391.325    1.482
  19200.00 0.125     699.377       3.541    1420.000       0.000    0.0002    4.387  543.094    6.493  393.100    1.447
  19260.00 0.125     697.432       6.304    1500.000       0.000    0.0002    4.356  616.816    5.639  393.583    1.258
  19320.00 0.132     705.630      14.185    1580.000       0.000    0.0002    4.361  656.551    6.405  394.209    1.580
  19380.00 0.133     699.633       8.917    1500.000       0.000    0.0002    4.329  650.711    6.529  393.611    1.733
  19440.00 0.137     699.288       6.690    1580.000       0.000    0.0002    4.111  609.914    6.246  391.697    1.669
  19500.00 0.142     679.346       4.200    1540.000       0.000    0.0002    3.712  615.156    4.580  391.121    1.352
  19560.00 0.135     678.667       8.432    1500.000       0.000    0.0002    3.354  520.264    4.370  391.827    1.155
  19620.00 0.132     679.002       4.732    1460.000       0.000    0.0002    3.169  464.760    4.821  390.103    1.157
  19680.00 0.132     667.704       9.630    1580.000       0.000    0.0002    3.226  375.691    5.112  387.558    1.341
  19740.00 0.132     666.580       5.250    1540.000       0.000    0.0002    3.489  387.420    5.372  387.783    1.100
  19800.00 0.140     667.972       7.972    1460.000       0.000    0.0002    3.782  388.038    4.880  388.624    1.116
  19860.00 0.137     673.783       8.348    1540.000       0.000    0.0002    4.057  387.471    5.369  389.698    1.198
  19920.00 0.142     663.172       5.621    1420.000       0.000    0.0002    4.340  373.575    5.149  392.654    1.218
  19980.00 0.146     680.968      10.050    1460.000       0.000    0.0002    4.718  450.025    5.683  397.501    1.215
  20040.00 0.148     683.537      12.198    1460.000       0.000    0.0002    5.122  506.837    6.166  402.328    1.329
  20100.00 0.146     684.698       8.188    1500.000       0.000    0.0002    5.638  622.826    6.524  406.340    1.587
  20160.00 0.145     686.577       2.192    1500.000       0.000    0.0002    6.157  747.958    6.068  410.665    1.625
  20220.00 0.146     687.067       3.133    1500.000       0.000    0.0002    6.422  734.024    6.471  414.292    1.521
  20280.00 0.154     697.338       8.082    1620.000       0.000    0.0002    6.508  741.540    6.161  417.441    1.637
  20340.00 0.153     687.943       3.222    1660.000       0.000    0.0002    6.541  850.726    6.658  421.733    1.777
  20400.00 0.152     698.269       5.673    1580.000       0.000    0.0002    6.521  779.498    7.306  428.678    1.776
  20460.00 0.154     704.628       3.803    1580.000       0.000    0.0002    6.423  760.123    6.735  433.125    2.140
  20520.00 0.156     694.742      10.360    1940.000       0.000    0.0002    6.193  722.719    6.449  430.144    1.952
  20580.00 0.153     690.032       6.901    1940.000       0.000    0.0002    5.999  616.876    6.455  427.660    1.847
  20640.00 0.155     679.526      11.280    1940.000       0.000    0.0002    5.860  520.234    5.806  429.675    1.364
  20700.00 0.160     682.317       7.043    1500.000       0.000    0.0002    5.814  437.499    5.336  430.368    1.309
  20760.00 0.161     685.356       7.504    1460.000       0.000    0.0002    5.841  437.515    6.036  429.364    1.306
  20820.00 0.164     690.714      10.476    1580.000       0.000    0.0002    5.881  551.931    6.203  431.229    1.510
  20880.00 0.165     699.705       5.820    1540.000       0.000    0.0002    6.012  620.130    6.635  434.627    1.596
  20940.00 0.165     700.296       3.964    1500.000       0.000    0.0002    6.231  672.139    7.218  435.681    1.606
  21000.00 0.172     707.330      13.580    1540.000       0.000    0.0002    6.403  777.533    6.050  434.862    1.701
  21060.00 0.170     710.100       9.039    1540.000       0.000    0.0002    6.284  661.546    6.192  432.660    2.013
  21120.00 0.175     718.939       8.184    1620.000       0.000    0.0002    5.956  460.445    5.642  431.285    1.380
  21180.00 0.174     712.342       2.721    1540.000       0.000    0.0002    5.651  415.101    4.779  431.536    1.358
  21240.00 0.168     712.116       4.058    1540.000       0.000    0.0002    5.309  391.215    6.019  431.411    1.366
  21300.00 0.163     715.772      10.855    1540.000       0.000    0.0002    5.040  466.553    6.186  431.450    1.489
  21360.00 0.158     708.607       8.885    1460.000       0.000    0.0002    4.911  509.144    6.627  430.870    1.199
  21420.00 0.159     707.262       4.185    1420.000       0.000    0.0002    4.870  603.711    6.417  429.779    1.477
  21480.00 0.155     712.283       8.189    1420.000       0.000    0.0002    4.834  710.562    8.203  429.083    1.879
  21540.00 0.144     709.898      16.814    1500.000       0.000    0.0002    4.744  595.197    6.223  427.663    1.262
  21600.00 0.144     716.271       6.610    1580.000       0.000    0.0002    4.727  513.200    5.987  427.175    1.473
  21660.00 0.144     718.816       9.882    1620.000       0.000    0.0002    4.753  380.406    5.508  427.195    1.328
  21720.00 0.146     721.035       7.746    1580.000       0.000    0.0002    4.843  381.250    6.216  426.374    1.449
  21780.00 0.151     716.311      12.686    1460.000       0.000    0.0002    4.922  408.627    5.600  425.030    1.273
  21840.00 0.148     710.231       8.515    1580.000       0.000    0.0002    4.838  433.540    5.448  422.655    1.336
  21900.00 0.156     710.892       8.607    1660.000       0.000    0.0002    4.635  427.493    5.336  421.576    1.160
  21960.00 0.162     710.361       9.699    1460.000       0.000    0.0002    4.358  341.382    4.639  421.322    1.192
  22020.00 0.159     709.018       9.233    1500.000       0.000    0.0002    4.229  285.157    5.092  419.725    1.123
  22080.00 0.159     698.154       3.231    1540.000       0.000    0.0002    4.338  298.836    4.645  418.679    1.096
  22140.00 0.156     696.693       4.399    1540.000       0.000    0.0002    4.605  306.181    4.847  419.295    1.289
  22200.00 0.158     698.580      11.975    1460.000       0.000    0.0002    5.008  392.881    5.687  421.304    1.348
  22260.00 0.155     703.855       6.256    1420.000       0.000    0.0002    5.551  474.082    6.124  424.941    1.335
  22320.00 0.168     707.035       5.436    1500.000       0.000    0.0002    6.119  495.611    6.409  429.993    1.426
  22380.00 0.165     713.274      13.748    1500.000       0.000    0.0002    6.638  610.023    6.210  435.077    1.427
  22440.00 0.170     704.017       5.194    1620.000       0.000    0.0002    7.152  636.489    6.765  438.303    1.422
  22500.00 0.167     697.895      11.901    1460.000       0.000    0.0002    7.594  662.317    7.604  442.164    1.713
  22560.00 0.160     710.000       6.982    1460.000       0.000    0.0002    7.832  833.357    7.377  447.431    1.544
  22620.00 0.163     715.030       7.455    1620.000       0.000    0.0002    7.974  884.076    7.181  452.282    1.751
  22680.00 0.166     721.235       7.853    1580.000       0.000    0.0002    7.993  868.181    7.384  455.617    1.871
  22740.00 0.165     731.098      12.552    1540.000       0.000    0.0002    7.795  782.155    6.909  456.865    1.856
  22800.00 0.165     726.942       7.976    1540.000       0.000    0.0002    7.729  747.038    6.738  459.533    1.755
  22860.00 0.162     730.904       5.090    1940.000       0.000    0.0002    7.777  625.158    6.260  464.237    1.445
  22920.00 0.163     727.646      11.124    1460.000       0.000    0.0002    8.037  442.513    6.928  468.892    1.537
  22980.00 0.163     734.978       2.930    1460.000       0.000    0.0002    8.388  519.106    6.993  472.685    1.649
  23040.00 0.161     741.821       7.527    1540.000       0.000    0.0002    8.776  733.228    7.394  478.904    1.691
  23100.00 0.166     741.178      14.698    1540.000       0.000    0.0002    9.228  868.370    8.493  487.776    1.727
  23160.00 0.169     750.173       3.699    1580.000       0.000    0.0002    9.610 1023.568    8.804  493.284    2.247
  23220.00 0.168     746.386      11.176    1940.000       0.000    0.0002    9.712 1170.945    8.338  493.864    2.673
  23280.00 0.167     745.714       5.452    1980.000       0.000    0.0002    9.749 1114.433    7.159  495.808    2.005
  23340.00 0.171     756.548       5.735    1940.000       0.000    0.0002    9.848  948.020    7.441  503.661    1.825
  23400.00 0.170     753.583       9.410    1620.000       0.000    0.0002   10.016  814.255    7.531  513.496    1.579
  23460.00 0.167     753.819       7.988    1540.000       0.000    0.0002   10.151  847.176    9.043  520.825    2.152
  23520.00 0.170     749.770      10.460    1580.000       0.000    0.0002   10.485 1035.250    8.878  528.088    2.139
  23580.00 0.171     746.867       4.835    1940.000       0.000    0.0002   10.627 1090.906    8.860  532.044    2.137
  23640.00 0.166     737.298       9.486    1940.000       0.000    0.0002   10.585  974.320    7.316  533.118    2.337
  23700.00 0.166     742.121      16.583    1940.000       0.000    0.0002   10.245  890.166    9.857  537.029    1.958
  23760.00 0.168     742.554       9.144    1940.000       0.000    0.0002    9.603  992.802    9.762  541.024    2.180
  23820.00 0.166     742.643      12.012    1940.000       0.000    0.0002    9.082 1198.910    9.372  537.949    2.097
  23880.00 0.169     732.312       5.809    1940.000       0.000    0.0002    8.684 1225.047    8.683  529.884    2.393
  23940.00 0.165     725.282      10.089    1940.000       0.000    0.0002    8.488  932.107    7.182  522.928    2.015
  24000.00 0.173     725.670      11.396    1940.000       0.000    0.0002    8.444  764.670    6.472  522.788    1.644
  24060.00 0.168     726.029       6.580    1580.000       0.000    0.0002    8.435  736.009    6.429  522.753    1.593
  24120.00 0.174     739.888      13.604    1620.000       0.000    0.0002    8.253  655.813    7.819  517.084    1.649
  24180.00 0.174     731.036       7.647    1580.000       0.000    0.0002    8.109  792.286    7.044  513.406    1.871
  24240.00 0.171     735.442       8.234    1940.000       0.000    0.0002    8.167  771.904    7.624  513.060    1.731
  24300.00 0.170     747.059       7.948    1580.000       0.000    0.0002    8.449  744.408    6.678  512.106    1.730
  24360.00 0.167     737.956      13.752    1940.000       0.000    0.0002    8.939  750.737    7.966  511.457    1.718
  24420.00 0.160     741.407       9.633    1540.000       0.000    0.0002    9.358  970.326    7.282  515.260    1.960
  24480.00 0.160     751.933       4.840    1580.000       0.000    0.0002    9.786 1100.104    8.861  523.151    2.141
  24540.00 0.159     749.325       8.988    1940.000       0.000    0.0002   10.079 1394.320   10.604  528.862    2.752
  24600.00 0.154     746.076       3.829    1940.000       0.000    0.0002   10.179 1535.157   10.130  526.422    2.569
  24660.00 0.157     755.514      10.436    1940.000       0.000    0.0002    9.780 1511.132    7.708  520.172    2.420
  24720.00 0.154     769.333       8.127    1940.000       0.000    0.0002    8.889 1271.964    7.519  521.317    2.050
  24780.00 0.154     780.571       8.667    1940.000       0.000    0.0002    7.682  917.915    6.062  526.113    1.887
  24840.00 0.143     783.612       7.155    1940.000       0.000    0.0002    6.690  630.045    6.525  521.311    1.491
  24900.00 0.138     783.398       7.221    1620.000       0.000    0.0002    6.239  625.449    6.388  504.911    1.438
  24960.00 0.139     775.439       6.632    1740.000       0.000    0.0002    6.031  672.966    6.052  490.492    1.380
  25020.00 0.134     774.390       7.541    1700.000       0.000    0.0002    5.836  724.427    7.109  487.548    1.598
  25080.00 0.128     764.076       6.057    1580.000       0.000    0.0002    5.639  717.333    7.718  485.001    1.826
  25140.00 0.127     764.138       4.483    1620.000       0.000    0.0002    5.448  777.246    7.688  477.163    2.104
  25200.00 0.128     755.924      11.352    1940.000       0.000    0.0002    5.152  801.547    6.673  472.454    1.931
  25260.00 0.128     767.252       6.947    1940.000       0.000    0.0002    4.688  736.226    6.465  472.600    1.665
  25320.00 0.128     776.274      10.951    1940.000       0.000    0.0002    4.119  529.157    6.526  469.453    1.588
  25380.00 0.128     756.412       3.130    1540.000       0.000    0.0002    3.638  555.937    4.916  461.662    1.607
  25440.00 0.123     750.794      10.079    1580.000       0.000    0.0002    3.262  443.314    4.718  454.161    1.116
  25500.00 0.117     740.083      10.917    1460.000       0.000    0.0002    2.918  391.100    4.681  449.578    1.105
  25560.00 0.113     739.567       5.628    1500.000       0.000    0.0002    2.666  307.756    4.611  444.850    1.190
  25620.00 0.118     730.103       9.402    1540.000       0.000    0.0002    2.509  332.612    5.351  438.768    1.155
  25680.00 0.119     734.168       8.501    1580.000       0.000    0.0002    2.454  264.304    4.359  434.548    1.121
  25740.00 0.123     737.302       9.444    1540.000       0.000    0.0002    2.456  220.147    4.820  432.875    1.112
  25800.00 0.125     738.434      12.290    1540.000       0.000    0.0002    2.516  282.550    4.559  431.020    1.134
  25860.00 0.129     734.015      14.280    1500.000       0.000    0.0002    2.672  312.930    5.068  429.076    1.142
  25920.00 0.132     737.486       7.542    1500.000       0.000    0.0002    2.841  418.478    6.780  428.783    1.375
  25980.00 0.128     720.228       8.859    1460.000       0.000    0.0002    3.152  584.136    7.558  430.377    1.785
  26040.00 0.128     713.867       6.819    1580.000       0.000    0.0002    3.399  687.011    7.871  432.361    1.788
  26100.00 0.124     719.646       8.448    1500.000       0.000    0.0002    3.621  711.737    6.729  433.734    1.784
  26160.00 0.126     719.806       0.000    1500.000       0.000    0.0002    3.710  511.004    5.444  434.620    1.536
  26220.00 0.123     735.476      13.929    1540.000       0.000    0.0002    3.731  437.020    5.750  435.173    1.320
  26280.00 0.128     747.300       5.741    1580.000       0.000    0.0002    3.751  372.759    5.834  436.017    1.220
  26340.00 0.125     747.750      12.524    1540.000       0.000    0.0002    3.856  412.521    6.615  436.587    1.338
  26400.00 0.128     739.086       9.752    1540.000       0.000    0.0002    3.922  500.094    6.384  434.497    1.620
  26460.00 0.122     750.442      12.008    1580.000       0.000    0.0002    3.871  478.615    5.971  431.112    1.328
  26520.00 0.128     747.405      12.481    1580.000       0.000    0.0002    3.721  425.555    5.973  429.693    1.326
  26580.00 0.130     748.045      16.541    1540.000       0.000    0.0002    3.564  389.528    4.459  430.571    1.241
  26640.00 0.138     740.495       5.760    1540.000       0.000    0.0002    3.347  291.367    4.571  430.289    1.161
  26700.00 0.135     747.332       4.864    1500.000       0.000    0.0002    3.172  246.859    5.294  427.948    1.029
  26760.00 0.138     736.254      14.876    1500.000       0.000    0.0002    3.049  280.652    5.602  425.645    1.318
  26820.00 0.142     728.897       5.552    1540.000       0.000    0.0002    2.995  366.311    5.636  424.686    1.311
  26880.00 0.145     715.135       6.959    1460.000       0.000    0.0002    3.011  397.630    5.716  424.731    1.258
  26940.00 0.145     705.782       8.370    1500.000       0.000    0.0002    3.138  319.584    5.296  425.753    1.148
  27000.00 0.149     698.358       6.995    1540.000       0.000    0.0002    3.326  331.464    5.570  426.922    1.409
  27060.00 0.151     705.835       7.585    1500.000       0.000    0.0002    3.543  472.584    6.252  427.457    1.370
  27120.00 0.145     701.210       7.059    1460.000       0.000    0.0002    3.844  593.944    6.605  429.441    1.538
  27180.00 0.148     709.769       5.479    1540.000       0.000    0.0002    4.250  744.512    7.132  433.827    1.421
  27240.00 0.153     718.790       3.535    1460.000       0.000    0.0002    4.682  725.217    7.242  437.400    1.863
  27300.00 0.158     714.961       4.977    1420.000       0.000    0.0002    5.100  687.433    7.464  439.114    1.445
  27360.00 0.157     719.596       7.434    1620.000       0.000    0.0002    5.523  749.595    6.823  442.070    1.456
  27420.00 0.157     726.211       6.584    1580.000       0.000    0.0002    5.892  738.025    6.777  445.306    1.751
  27480.00 0.153     736.752      13.726    1580.000       0.000    0.0002    6.197  514.214    5.609  448.830    1.431
  27540.00 0.157     729.643       4.806    1500.000       0.000    0.0002    6.571  479.772    5.757  455.824    1.395
  27600.00 0.159     747.692      11.815    1460.000       0.000    0.0002    7.124  657.499    7.044  467.145    1.825
  27660.00 0.161     749.666      12.006    1540.000       0.000    0.0002    7.921  900.241    9.193  483.175    2.418
  27720.00 0.156     754.710       8.013    1460.000       0.000    0.0002    8.639 1241.933   11.850  498.823    2.731
  27780.00 0.161     766.000       4.364    1940.000       0.000    0.0002    8.989 1357.550    9.009  503.759    2.817
  27840.00 0.164     773.095      10.327    1940.000       0.000    0.0002    8.785 1351.777    8.125  500.238    2.802
  27900.00 0.163     769.730       7.928    1940.000       0.000    0.0002    8.218  965.855    8.699  505.621    2.035
  27960.00 0.157     761.271       7.194    1940.000       0.000    0.0002    7.705  930.136    7.434  522.441    1.824
  28020.00 0.156     766.334       9.423    1940.000       0.000    0.0002    7.456  875.995    8.022  526.751    1.709
  28080.00 0.163     753.033       6.366    1940.000       0.000    0.0002    7.530  761.673    8.132  513.879    1.897
  28140.00 0.160     754.551       8.097    1580.000       0.000    0.0002    7.876  771.999    7.921  510.724    1.903
  28200.00 0.161     752.644      10.182    1940.000       0.000    0.0002    8.096  761.210    8.154  520.904    1.879
  28260.00 0.160     748.537       7.378    1940.000       0.000    0.0002    8.173  625.131    7.494  524.787    1.554
  28320.00 0.160     753.354      12.378    1540.000       0.000    0.0002    8.165  482.946    6.361  522.861    1.499
  28380.00 0.166     756.966       7.541    1620.000       0.000    0.0002    8.430  695.874    7.619  523.534    1.649
  28440.00 0.168     759.767       8.285    1500.000       0.000    0.0002    8.826  828.481    8.568  527.112    2.168
  28500.00 0.161     759.152       9.758    1580.000       0.000    0.0002    9.126  854.674    8.944  531.650    2.111
  28560.00 0.162     752.851       8.416    1940.000       0.000    0.0002    9.289  936.370    7.413  537.002    2.400
  28620.00 0.156     750.563       8.188    1940.000       0.000    0.0002    9.275  745.299    8.195  541.298    2.097
  28680.00 0.154     759.114       6.234    1980.000       0.000    0.0002    9.167  786.500    7.445  547.276    1.820
  28740.00 0.158     775.247       6.173    1700.000       0.000    0.0002    9.229  897.934    7.562  553.863    1.938
  28800.00 0.154     769.460       2.032    1940.000       0.000    0.0002    9.400 1130.006    7.847  556.096    2.128
