#  time      cc     z_cbase    z_ctop_avg  z_ctop_max      zi         we   <<ql>>  <<ql>>_max   w_max   tke     ql_max
     60.00 0.000       0.000       0.000       0.000       0.000    0.0002    0.000    0.000    0.193  616.634    0.000
    120.00 0.000       0.000       0.000       0.000       0.000    0.0002    0.000    0.000    0.285  417.107    0.000
    180.00 0.000       0.000       0.000       0.000       0.000    0.0002    0.000    0.000    0.350  300.152    0.000
    240.00 0.000       0.000       0.000       0.000       0.000    0.0002    0.000    0.000    0.287  225.817    0.000
    300.00 0.000       0.000       0.000       0.000       0.000    0.0002    0.000    0.000    0.271  176.585    0.000
    360.00 0.000       0.000       0.000       0.000       0.000    0.0002    0.000    0.000    0.327  143.400    0.000
    420.00 0.000       0.000       0.000       0.000       0.000    0.0002    0.000    0.000    0.364  121.137    0.000
    480.00 0.000       0.000       0.000       0.000       0.000    0.0002    0.000    0.000    0.365  105.738    0.000
    540.00 0.000       0.000       0.000       0.000       0.000    0.0002    0.000    0.000    0.369   93.909    0.000
    600.00 0.000       0.000       0.000       0.000       0.000    0.0002    0.000    0.000    0.414   84.621    0.000
    660.00 0.000       0.000       0.000       0.000       0.000    0.0002    0.000    0.000    0.437   78.067    0.000
    720.00 0.000       0.000       0.000       0.000       0.000    0.0002    0.000    0.000    0.452   73.764    0.000
    780.00 0.000       0.000       0.000       0.000       0.000    0.0002    0.000    0.000    0.499   70.965    0.000
    840.00 0.000       0.000       0.000       0.000       0.000    0.0002    0.000    0.000    0.592   69.181    0.000
    900.00 0.000       0.000       0.000       0.000       0.000    0.0002    0.000    0.000    0.653   67.949    0.000
    960.00 0.000       0.000       0.000       0.000       0.000    0.0002    0.000    0.000    0.676   67.315    0.000
   1020.00 0.000       0.000       0.000       0.000       0.000    0.0002    0.000    0.000    0.674   67.776    0.000
   1080.00 0.000       0.000       0.000       0.000       0.000    0.0002    0.000    0.000    0.744   69.310    0.000
   1140.00 0.000       0.000       0.000       0.000       0.000    0.0002    0.000    0.000    0.816   71.530    0.000
   1200.00 0.000       0.000       0.000       0.000       0.000    0.0002    0.000    0.000    0.877   74.424    0.000
   1260.00 0.000     560.000       0.000     580.000       0.000    0.0002    0.001    2.308    0.901   78.137    0.052
   1320.00 0.002     562.857       0.000     580.000       0.000    0.0002    0.002    3.968    1.010   82.773    0.089
   1380.00 0.007     563.704       0.000     580.000       0.000    0.0002    0.010    9.432    1.061   88.567    0.129
   1440.00 0.013     561.887       0.000     660.000       0.000    0.0002    0.030   12.644    1.139   95.631    0.180
   1500.00 0.020     563.902       0.000     660.000       0.000    0.0002    0.075   20.740    1.370  103.830    0.223
   1560.00 0.034     564.638       4.203     660.000       0.000    0.0002    0.153   32.027    1.596  113.147    0.316
   1620.00 0.048     566.802      11.574     660.000       0.000    0.0002    0.276   50.264    1.919  123.633    0.435
   1680.00 0.064     566.312       0.000     660.000       0.000    0.0002    0.470   83.767    2.422  135.209    0.570
   1740.00 0.082     567.343       9.851     660.000       0.000    0.0002    0.749  121.362    2.592  147.781    0.744
   1800.00 0.101     568.530       5.590     660.000       0.000    0.0002    1.129  155.076    3.407  161.175    0.874
   1860.00 0.119     569.651       3.409     700.000       0.000    0.0002    1.600  180.303    3.847  175.020    0.899
   1920.00 0.137     568.612       5.516     740.000       0.000    0.0002    2.170  217.536    3.541  188.973    0.901
   1980.00 0.153     570.479       6.677     740.000       0.000    0.0002    2.833  258.845    3.368  202.800    0.979
   2040.00 0.164     572.333       4.725    1300.000       0.000    0.0002    3.531  251.861    4.026  215.980    0.834
   2100.00 0.177     574.924       6.179    1300.000       0.000    0.0002    4.239  322.003    3.836  228.139    0.992
   2160.00 0.183     581.387       4.907    1300.000       0.000    0.0002    4.926  293.240    3.956  239.018    1.009
   2220.00 0.186     585.039       6.719    1300.000       0.000    0.0002    5.552  287.042    3.957  248.324    1.001
   2280.00 0.191     586.445       4.706    1300.000       0.000    0.0002    6.115  344.983    4.427  255.823    1.184
   2340.00 0.193     594.242       7.601    1300.000       0.000    0.0002    6.568  381.528    4.350  261.394    1.038
   2400.00 0.192     597.992       3.050    1300.000       0.000    0.0002    6.968  387.749    4.010  265.083    1.213
   2460.00 0.194     599.950       5.503    1300.000       0.000    0.0002    7.273  395.511    4.661  266.795    1.202
   2520.00 0.197     606.253       5.831    1300.000       0.000    0.0002    7.421  387.195    5.115  266.216    1.358
   2580.00 0.190     610.141       8.678    1340.000       0.000    0.0002    7.429  414.804    5.335  263.670    1.189
   2640.00 0.189     612.413       5.806    1420.000       0.000    0.0002    7.227  417.920    4.495  259.715    1.231
   2700.00 0.185     620.264       8.639    1380.000       0.000    0.0002    6.874  495.249    4.605  254.569    1.514
   2760.00 0.178     619.672       9.056    1420.000       0.000    0.0002    6.411  574.879    4.638  248.513    1.356
   2820.00 0.174     628.079       5.498    1500.000       0.000    0.0002    5.908  588.438    4.169  241.767    1.273
   2880.00 0.166     634.860       6.579    1380.000       0.000    0.0002    5.426  564.254    3.829  234.481    1.244
   2940.00 0.157     638.351      10.513    1380.000       0.000    0.0002    4.886  499.323    4.198  227.184    1.129
   3000.00 0.149     631.634       5.065    1340.000       0.000    0.0002    4.363  430.430    3.925  220.068    1.151
   3060.00 0.147     638.339       5.681    1420.000       0.000    0.0002    3.834  322.023    3.921  213.190    1.061
   3120.00 0.142     631.615       4.536    1380.000       0.000    0.0002    3.414  228.372    3.646  206.647    1.061
   3180.00 0.138     640.780       4.894    1460.000       0.000    0.0002    3.011  223.674    3.702  200.520    1.102
   3240.00 0.132     647.505       4.732    1300.000       0.000    0.0002    2.714  218.019    3.229  194.805    0.911
   3300.00 0.131     646.468       6.357    1300.000       0.000    0.0002    2.494  224.753    3.267  189.620    0.821
   3360.00 0.124     651.591       4.126    1380.000       0.000    0.0002    2.323  213.447    2.918  185.413    0.838
   3420.00 0.121     649.798       7.247    1340.000       0.000    0.0002    2.183  205.220    2.799  182.238    0.795
   3480.00 0.121     650.465       4.970    1300.000       0.000    0.0002    2.094  188.958    3.359  179.741    0.941
   3540.00 0.114     637.645       8.737    1340.000       0.000    0.0002    2.098  231.377    4.088  177.645    0.957
   3600.00 0.113     647.419       6.594    1340.000       0.000    0.0002    2.090  278.211    4.311  175.803    1.056
   3660.00 0.115     637.834       8.917    1300.000       0.000    0.0002    2.082  334.180    4.106  174.537    1.027
   3720.00 0.111     635.877       5.439    1300.000       0.000    0.0002    2.100  396.514    3.808  174.105    0.973
   3780.00 0.105     631.019       5.231    1300.000       0.000    0.0002    2.158  396.125    3.659  174.192    0.940
   3840.00 0.108     631.882       9.932    1300.000       0.000    0.0002    2.187  331.783    4.019  174.578    1.226
   3900.00 0.106     635.520       5.450    1420.000       0.000    0.0002    2.227  354.959    4.336  175.199    1.374
   3960.00 0.101     627.536       4.493    1460.000       0.000    0.0002    2.273  353.332    4.371  175.857    1.272
   4020.00 0.105     630.070       8.531    1380.000       0.000    0.0002    2.271  296.111    3.844  176.389    1.048
   4080.00 0.100     632.518       8.900    1540.000       0.000    0.0002    2.259  296.263    3.945  177.154    1.064
   4140.00 0.105     628.000       4.047    1500.000       0.000    0.0002    2.289  317.560    3.597  178.682    0.901
   4200.00 0.100     619.804       2.647    1300.000       0.000    0.0002    2.388  316.128    4.190  180.333    1.031
   4260.00 0.106     622.488       2.765    1420.000       0.000    0.0002    2.567  352.136    4.485  181.788    1.031
   4320.00 0.108     619.365       4.036    1460.000       0.000    0.0002    2.865  409.595    4.221  183.656    1.111
   4380.00 0.110     614.956       8.496    1300.000       0.000    0.0002    3.194  466.522    4.687  185.982    1.244
   4440.00 0.110     610.844       7.067    1380.000       0.000    0.0002    3.496  509.873    4.579  188.530    1.078
   4500.00 0.114     610.987       0.000    1300.000       0.000    0.0002    3.746  547.270    3.467  191.474    1.042
   4560.00 0.114     610.366       9.806    1340.000       0.000    0.0002    3.963  590.579    4.121  195.171    1.047
   4620.00 0.116     614.093       5.148    1420.000       0.000    0.0002    4.127  610.218    4.307  198.809    1.190
   4680.00 0.113     621.041       6.811    1380.000       0.000    0.0002    4.176  595.039    4.483  201.260    1.336
   4740.00 0.115     622.038       9.130    1380.000       0.000    0.0002    4.172  583.252    4.722  202.632    1.171
   4800.00 0.119     619.673       2.454    1420.000       0.000    0.0002    4.071  564.650    4.617  203.389    1.123
   4860.00 0.120     628.114       5.598    1460.000       0.000    0.0002    3.896  489.133    4.087  203.987    1.093
   4920.00 0.118     617.510      13.029    1380.000       0.000    0.0002    3.725  413.130    4.372  204.369    1.157
   4980.00 0.124     615.503       6.193    1460.000       0.000    0.0002    3.554  354.780    4.017  203.909    1.127
   5040.00 0.125     618.986       6.043    1460.000       0.000    0.0002    3.440  325.986    3.808  203.465    0.972
   5100.00 0.123     611.730       4.016    1380.000       0.000    0.0002    3.386  311.626    3.714  203.783    1.097
   5160.00 0.123     619.046       3.380    1420.000       0.000    0.0002    3.406  377.881    4.608  204.730    1.366
   5220.00 0.123     623.802       8.594    1420.000       0.000    0.0002    3.430  438.484    5.063  205.959    1.335
   5280.00 0.125     626.353       5.098    1380.000       0.000    0.0002    3.497  388.692    4.366  206.540    1.060
   5340.00 0.126     628.140       6.705    1380.000       0.000    0.0002    3.566  385.081    4.164  206.612    1.086
   5400.00 0.128     629.084       6.221    1300.000       0.000    0.0002    3.607  377.027    3.726  206.942    1.056
   5460.00 0.131     629.794       4.150    1380.000       0.000    0.0002    3.548  371.856    3.037  207.365    0.958
   5520.00 0.130     639.662       7.880    1380.000       0.000    0.0002    3.418  352.164    3.240  207.626    0.902
   5580.00 0.129     639.127       9.791    1420.000       0.000    0.0002    3.298  298.257    3.369  208.223    0.869
   5640.00 0.128     641.714       3.543    1420.000       0.000    0.0002    3.204  280.581    3.926  209.050    1.054
   5700.00 0.126     638.295       7.209    1300.000       0.000    0.0002    3.190  355.361    4.439  209.452    1.120
   5760.00 0.125     632.863       5.176    1420.000       0.000    0.0002    3.254  440.951    4.796  209.731    1.039
   5820.00 0.125     632.374       1.284    1500.000       0.000    0.0002    3.376  529.322    4.798  210.738    0.998
   5880.00 0.133     628.766       9.687    1300.000       0.000    0.0002    3.469  610.832    4.517  212.675    1.334
   5940.00 0.131     630.841       2.467    1300.000       0.000    0.0002    3.451  648.270    5.142  214.514    1.489
   6000.00 0.128     633.282       5.687    1340.000       0.000    0.0002    3.390  543.366    4.808  215.734    1.356
   6060.00 0.131     632.714       8.290    1380.000       0.000    0.0002    3.302  534.270    4.238  216.161    1.032
   6120.00 0.136     639.065       2.158    1460.000       0.000    0.0002    3.119  503.537    3.874  216.061    1.190
   6180.00 0.141     631.438       9.636    1380.000       0.000    0.0002    2.977  442.179    3.860  215.783    1.026
   6240.00 0.139     631.197       7.887    1420.000       0.000    0.0002    2.890  331.215    3.416  215.271    1.049
   6300.00 0.135     623.387       5.369    1420.000       0.000    0.0002    2.913  256.380    3.041  215.165    0.858
   6360.00 0.137     621.283       6.310    1300.000       0.000    0.0002    2.988  251.248    3.886  215.751    1.082
   6420.00 0.138     626.809       8.050    1420.000       0.000    0.0002    3.108  249.158    4.425  217.033    0.959
   6480.00 0.137     625.490       6.381    1420.000       0.000    0.0002    3.264  305.266    3.906  218.344    1.100
   6540.00 0.141     630.625       6.771    1340.000       0.000    0.0002    3.401  343.141    4.247  219.327    1.137
   6600.00 0.145     631.130       7.386    1420.000       0.000    0.0002    3.517  330.696    3.848  220.526    1.209
   6660.00 0.143     636.986       5.445    1380.000       0.000    0.0002    3.632  335.103    4.197  221.973    1.025
   6720.00 0.141     635.486       5.000    1340.000       0.000    0.0002    3.738  407.882    4.617  223.872    1.046
   6780.00 0.143     634.247       4.247    1380.000       0.000    0.0002    3.853  447.619    4.798  226.125    1.262
   6840.00 0.142     627.241       5.897    1420.000       0.000    0.0002    3.964  435.479    4.665  227.606    1.247
   6900.00 0.146     629.431       1.940    1420.000       0.000    0.0002    4.103  521.463    5.032  228.686    1.185
   6960.00 0.140     634.564      10.592    1380.000       0.000    0.0002    4.325  590.659    4.812  230.943    1.194
   7020.00 0.144     632.047      12.149    1460.000       0.000    0.0002    4.581  723.503    4.351  234.087    1.225
   7080.00 0.139     626.035       7.649    1460.000       0.000    0.0002    4.847  771.136    4.567  237.490    1.227
   7140.00 0.136     621.293      13.860    1380.000       0.000    0.0002    5.129  759.280    4.624  240.707    1.363
   7200.00 0.140     623.548       6.887    1500.000       0.000    0.0002    5.369  730.038    4.789  243.168    1.363
   7260.00 0.140     626.014       7.343    1460.000       0.000    0.0002    5.581  639.436    5.233  245.311    1.406
   7320.00 0.138     629.416       8.460    1420.000       0.000    0.0002    5.745  546.240    5.114  247.730    1.267
   7380.00 0.147     634.925       4.378    1460.000       0.000    0.0002    5.921  496.292    4.569  250.038    1.126
   7440.00 0.149     641.018       3.941    1380.000       0.000    0.0002    6.176  570.210    4.390  252.480    1.199
   7500.00 0.151     648.136      13.031    1380.000       0.000    0.0002    6.416  649.220    5.013  255.245    1.339
   7560.00 0.151     643.404       3.079    1420.000       0.000    0.0002    6.601  678.035    5.215  258.644    1.413
   7620.00 0.148     641.053       6.053    1380.000       0.000    0.0002    6.821  670.212    4.804  261.968    1.375
   7680.00 0.148     638.086       7.360    1380.000       0.000    0.0002    7.059  629.098    4.995  265.171    1.448
   7740.00 0.149     640.296       5.977    1420.000       0.000    0.0002    7.254  748.302    5.503  269.119    1.571
   7800.00 0.153     645.664       4.320    1380.000       0.000    0.0002    7.421  831.634    6.619  273.710    1.629
   7860.00 0.150     648.683       7.902    1460.000       0.000    0.0002    7.501  866.989    6.835  277.202    2.041
   7920.00 0.152     655.891      10.722    1500.000       0.000    0.0002    7.459  910.747    5.607  279.258    1.860
   7980.00 0.153     655.796      11.529    1580.000       0.000    0.0002    7.370  833.622    5.651  281.947    1.801
   8040.00 0.147     645.298       8.179    1580.000       0.000    0.0002    7.237  826.867    5.222  283.936    1.530
   8100.00 0.148     639.474       7.763    1620.000       0.000    0.0002    7.068  749.996    5.460  283.947    1.608
   8160.00 0.149     643.869       7.279    1620.000       0.000    0.0002    6.710  555.701    5.124  283.201    1.305
   8220.00 0.154     651.329       7.120    1460.000       0.000    0.0002    6.293  436.110    4.585  281.997    1.101
   8280.00 0.153     654.824       6.262    1500.000       0.000    0.0002    5.944  397.448    4.144  279.168    1.154
   8340.00 0.154     662.289      12.464    1460.000       0.000    0.0002    5.636  363.228    4.562  275.824    1.131
   8400.00 0.156     664.618       8.643    1460.000       0.000    0.0002    5.344  358.555    4.189  273.249    1.004
   8460.00 0.153     672.907       3.067    1500.000       0.000    0.0002    5.137  382.550    4.371  271.423    1.086
   8520.00 0.153     666.912       5.600    1380.000       0.000    0.0002    5.040  383.717    4.318  271.200    1.001
   8580.00 0.150     661.958       7.504    1460.000       0.000    0.0002    5.076  393.738    4.621  272.331    1.068
   8640.00 0.149     664.852       2.361    1420.000       0.000    0.0002    5.258  423.595    4.701  273.492    1.026
   8700.00 0.150     652.964       8.404    1380.000       0.000    0.0002    5.617  457.167    4.585  274.754    1.048
   8760.00 0.146     660.267       5.500    1300.000       0.000    0.0002    5.957  644.040    4.738  276.895    1.373
   8820.00 0.147     660.132       4.371    1420.000       0.000    0.0002    6.249  859.212    5.574  280.840    1.790
   8880.00 0.145     655.278       8.061    1460.000       0.000    0.0002    6.516  964.345    5.954  285.466    1.915
   8940.00 0.150     659.021       1.077    1500.000       0.000    0.0002    6.663  894.051    6.316  289.292    2.169
   9000.00 0.146     663.344       9.197    1580.000       0.000    0.0002    6.734  985.009    5.790  291.824    1.962
   9060.00 0.147     659.536       7.032    1500.000       0.000    0.0002    6.676 1076.780    5.544  293.388    2.150
   9120.00 0.141     656.672      10.815    1500.000       0.000    0.0002    6.523  962.667    5.226  295.487    1.575
   9180.00 0.137     664.413       2.562    1580.000       0.000    0.0002    6.359  795.201    5.414  296.916    1.474
   9240.00 0.141     667.361      10.556    1540.000       0.000    0.0002    6.216  623.162    6.139  296.010    1.652
   9300.00 0.143     664.110       8.493    1460.000       0.000    0.0002    6.060  651.691    6.036  294.734    1.471
   9360.00 0.142     671.724       5.414    1460.000       0.000    0.0002    5.773  624.211    4.492  293.242    1.321
   9420.00 0.145     671.265       4.722    1500.000       0.000    0.0002    5.516  535.011    4.614  290.715    1.157
   9480.00 0.150     667.597       5.455    1420.000       0.000    0.0002    5.331  493.169    3.766  288.986    1.071
   9540.00 0.153     661.783       7.134    1380.000       0.000    0.0002    5.366  481.116    4.472  289.059    1.075
   9600.00 0.149     656.078       3.301    1460.000       0.000    0.0002    5.659  516.853    5.305  291.255    1.159
   9660.00 0.152     651.640       5.113    1420.000       0.000    0.0002    6.135  544.800    5.290  295.431    1.364
   9720.00 0.156     654.044       7.398    1380.000       0.000    0.0002    6.563  674.600    5.555  299.797    1.646
   9780.00 0.156     653.750      13.000    1380.000       0.000    0.0002    6.970  756.675    5.961  303.917    1.625
   9840.00 0.152     662.756       7.051    1380.000       0.000    0.0002    7.232  824.973    6.277  307.209    1.861
   9900.00 0.152     676.270       7.846    1500.000       0.000    0.0002    7.291  802.483    6.321  309.332    1.905
   9960.00 0.144     672.000       7.932    1620.000       0.000    0.0002    7.201  713.658    6.337  310.842    2.015
  10020.00 0.144     677.424      13.424    1620.000       0.000    0.0002    6.939  754.450    6.105  312.700    1.509
  10080.00 0.141     679.482       7.876    1500.000       0.000    0.0002    6.558  815.611    5.953  314.758    1.634
  10140.00 0.139     683.480       9.842    1500.000       0.000    0.0002    6.407  888.279    5.718  317.244    1.663
  10200.00 0.134     680.109       9.872    1500.000       0.000    0.0002    6.393  842.061    5.966  318.065    1.572
  10260.00 0.131     670.243       6.953    1540.000       0.000    0.0002    6.569  788.175    5.478  319.947    1.279
  10320.00 0.133     671.429       6.850    1540.000       0.000    0.0002    6.930  812.307    5.905  323.168    1.483
  10380.00 0.130     667.940       8.577    1460.000       0.000    0.0002    7.215  722.580    6.392  324.967    1.702
  10440.00 0.136     665.305      10.179    1500.000       0.000    0.0002    7.445  746.992    6.410  326.371    1.589
  10500.00 0.134     664.095       8.007    1540.000       0.000    0.0002    7.602  799.185    6.633  328.973    1.521
  10560.00 0.135     658.700      12.455    1620.000       0.000    0.0002    7.611  914.830    8.096  331.183    1.760
  10620.00 0.137     664.848       6.952    1500.000       0.000    0.0002    7.416  889.288    6.540  331.801    1.939
  10680.00 0.139     666.046       9.420    1940.000       0.000    0.0002    7.138  912.223    5.286  331.925    1.741
  10740.00 0.144     666.044       9.915    1580.000       0.000    0.0002    6.862  775.297    5.505  332.379    1.491
  10800.00 0.147     672.119      12.020    1540.000       0.000    0.0002    6.738  834.992    6.166  332.600    1.485
  10860.00 0.153     666.336       4.992    1580.000       0.000    0.0002    6.906  847.192    6.487  331.712    1.479
  10920.00 0.152     665.064      11.923    1460.000       0.000    0.0002    7.081  832.214    7.206  331.859    1.714
  10980.00 0.149     665.517       8.177    1580.000       0.000    0.0002    7.388  814.680    6.490  334.346    1.392
  11040.00 0.148     665.263       6.217    1580.000       0.000    0.0002    7.755  777.427    5.779  337.644    1.557
  11100.00 0.145     674.680       9.529    1500.000       0.000    0.0002    8.119  691.347    6.440  340.479    1.524
  11160.00 0.140     676.237       7.387    1500.000       0.000    0.0002    8.602  614.907    6.574  343.898    1.499
  11220.00 0.139     677.163       2.907    1500.000       0.000    0.0002    9.259  667.591    6.622  351.000    1.704
  11280.00 0.138     687.208       1.166    1580.000       0.000    0.0002   10.124  995.403    8.387  363.060    2.111
  11340.00 0.142     696.495       3.952    1500.000       0.000    0.0002   10.964 1297.335    8.479  377.449    2.253
  11400.00 0.145     705.261       6.138    1940.000       0.000    0.0002   11.581 1407.259   10.368  387.539    2.563
  11460.00 0.147     708.239       8.505    1940.000       0.000    0.0002   11.690 1628.664    8.160  389.956    2.282
  11520.00 0.151     703.554       5.557    1940.000       0.000    0.0002   10.954 1334.831    8.780  389.349    2.152
  11580.00 0.156     714.545      10.721    1940.000       0.000    0.0002    9.685 1321.799    8.014  393.578    2.184
  11640.00 0.158     717.840      16.389    1940.000       0.000    0.0002    8.324 1344.551    6.590  394.145    2.098
  11700.00 0.152     701.158       9.871    1940.000       0.000    0.0002    7.156 1088.101    5.628  381.453    1.438
  11760.00 0.149     700.852       8.590    1660.000       0.000    0.0002    6.093  795.582    4.875  369.848    1.396
  11820.00 0.146     682.580       2.613    1580.000       0.000    0.0002    5.359  581.145    4.605  364.856    1.202
  11880.00 0.145     678.182      11.313    1500.000       0.000    0.0002    4.858  463.907    5.046  356.547    1.180
  11940.00 0.146     671.867      10.733    1500.000       0.000    0.0002    4.461  461.240    5.554  346.003    1.311
  12000.00 0.149     681.211      10.671    1740.000       0.000    0.0002    4.124  436.560    4.283  340.232    1.285
  12060.00 0.145     669.681      13.311    1580.000       0.000    0.0002    3.964  374.379    5.095  336.556    1.300
  12120.00 0.148     679.901       3.064    1540.000       0.000    0.0002    3.952  366.557    5.036  331.626    1.078
  12180.00 0.147     673.156       5.216    1580.000       0.000    0.0002    4.016  355.694    4.021  329.252    1.082
  12240.00 0.146     678.559       7.102    1540.000       0.000    0.0002    4.089  291.999    4.224  330.316    1.058
  12300.00 0.145     666.408       8.735    1420.000       0.000    0.0002    4.261  304.060    4.163  330.473    1.121
  12360.00 0.142     677.732       6.598    1500.000       0.000    0.0002    4.557  314.453    4.524  328.979    1.172
  12420.00 0.144     669.728       4.354    1540.000       0.000    0.0002    4.861  347.967    4.994  329.505    1.223
  12480.00 0.148     672.013       9.109    1500.000       0.000    0.0002    5.080  400.400    5.171  331.830    1.184
  12540.00 0.148     681.254       5.314    1500.000       0.000    0.0002    5.237  406.272    5.988  333.224    1.288
  12600.00 0.145     678.555       4.908    1500.000       0.000    0.0002    5.284  505.582    6.141  333.460    1.238
  12660.00 0.143     678.120       9.744    1500.000       0.000    0.0002    5.288  527.676    4.671  333.959    1.202
  12720.00 0.148     689.720       2.636    1500.000       0.000    0.0002    5.205  420.697    4.725  334.252    1.087
  12780.00 0.149     681.931       7.070    1420.000       0.000    0.0002    5.017  419.482    5.101  334.251    1.236
  12840.00 0.146     673.378       5.217    1460.000       0.000    0.0002    4.812  413.943    5.481  334.592    1.336
  12900.00 0.140     676.923       8.322    1460.000       0.000    0.0002    4.689  428.015    5.245  334.953    1.235
  12960.00 0.134     667.650       7.723    1460.000       0.000    0.0002    4.661  447.478    4.680  334.895    1.361
  13020.00 0.134     661.749       3.097    1540.000       0.000    0.0002    4.792  473.916    5.585  335.422    1.312
  13080.00 0.133     658.681       8.388    1540.000       0.000    0.0002    4.959  582.122    6.721  336.870    1.428
  13140.00 0.136     662.361       6.762    1500.000       0.000    0.0002    5.175  810.227    8.643  339.228    1.734
  13200.00 0.128     665.551       2.091    1580.000       0.000    0.0002    5.477 1031.214    7.963  342.233    2.143
  13260.00 0.132     666.876      13.678    1540.000       0.000    0.0002    5.718 1038.030    8.881  344.471    1.870
  13320.00 0.127     666.820      11.149    1540.000       0.000    0.0002    5.865 1011.385    5.911  346.692    1.707
  13380.00 0.131     666.394       5.651    1660.000       0.000    0.0002    5.959  811.181    5.952  349.100    1.620
  13440.00 0.133     669.338       6.213    1500.000       0.000    0.0002    5.931  697.474    6.405  350.330    1.446
  13500.00 0.134     669.433       4.424    1620.000       0.000    0.0002    5.986  725.563    6.582  351.463    1.514
  13560.00 0.133     673.725       9.725    1420.000       0.000    0.0002    6.019  739.083    7.420  353.124    1.526
  13620.00 0.129     669.981       4.461    1540.000       0.000    0.0002    6.039  853.080    7.319  355.598    1.643
  13680.00 0.132     669.185       8.852    1460.000       0.000    0.0002    6.131 1091.011    8.541  359.288    1.929
  13740.00 0.135     675.072       5.326    1460.000       0.000    0.0002    6.136 1457.559    7.859  362.438    1.905
  13800.00 0.128     671.103       7.224    1940.000       0.000    0.0002    6.060 1686.557    9.693  363.350    2.701
  13860.00 0.130     665.800       9.793    1940.000       0.000    0.0002    5.891 1711.590    6.923  361.170    1.911
  13920.00 0.129     657.358       7.849    1940.000       0.000    0.0002    5.678 1459.738    6.100  361.476    2.251
  13980.00 0.132     659.852      12.052    1940.000       0.000    0.0002    5.483 1277.447    5.927  365.210    1.775
  14040.00 0.129     656.377       9.396    1940.000       0.000    0.0002    5.403 1110.401    6.739  367.214    1.475
  14100.00 0.132     672.251       4.428    1940.000       0.000    0.0002    5.443  828.381    6.998  365.484    1.381
  14160.00 0.132     678.484       8.614    1500.000       0.000    0.0002    5.635  802.809    5.948  362.099    1.455
  14220.00 0.128     684.656      10.344    1500.000       0.000    0.0002    5.912  773.562    6.806  360.643    1.783
  14280.00 0.133     686.397       5.404    1540.000       0.000    0.0002    6.107  875.550    6.675  361.864    1.731
  14340.00 0.130     685.243       5.543    1460.000       0.000    0.0002    6.043  883.345    6.069  362.083    1.811
  14400.00 0.133     685.120      14.622    1940.000       0.000    0.0002    5.701  748.782    5.650  359.591    1.703
  14460.00 0.131     695.316       9.219    1540.000       0.000    0.0002    5.144  551.413    5.728  357.093    1.702
  14520.00 0.138     687.518       4.397    1500.000       0.000    0.0002    4.538  552.322    5.314  355.505    1.360
  14580.00 0.136     702.086       1.978    1540.000       0.000    0.0002    4.007  556.568    4.875  351.485    1.364
  14640.00 0.134     686.642       8.759    1540.000       0.000    0.0002    3.630  552.887    5.037  346.280    1.438
  14700.00 0.135     680.144       0.975    1420.000       0.000    0.0002    3.471  575.184    4.408  342.900    1.488
  14760.00 0.134     667.418       5.636    1420.000       0.000    0.0002    3.360  459.010    4.253  341.614    1.613
  14820.00 0.129     666.515       7.992    1380.000       0.000    0.0002    3.254  440.059    4.296  341.401    1.270
  14880.00 0.134     652.145       8.109    1540.000       0.000    0.0002    3.213  379.539    5.128  341.549    1.478
  14940.00 0.139     654.246       8.842    1540.000       0.000    0.0002    3.350  349.588    4.336  341.443    1.275
  15000.00 0.140     650.678       3.235    1500.000       0.000    0.0002    3.575  339.464    4.006  341.172    0.960
  15060.00 0.148     648.731      10.708    1540.000       0.000    0.0002    3.884  349.093    4.420  342.414    1.203
  15120.00 0.153     648.224       9.792    1500.000       0.000    0.0002    4.260  399.576    4.291  344.784    1.329
  15180.00 0.160     658.718       9.802    1460.000       0.000    0.0002    4.749  416.990    4.307  347.622    1.254
  15240.00 0.161     662.792       4.067    1460.000       0.000    0.0002    5.393  421.885    5.178  353.034    1.277
  15300.00 0.159     660.919       4.931    1460.000       0.000    0.0002    6.121  520.617    5.569  361.080    1.494
  15360.00 0.164     667.821       3.701    1420.000       0.000    0.0002    6.862  570.587    5.590  369.618    1.455
  15420.00 0.161     668.997      10.456    1460.000       0.000    0.0002    7.612  569.844    5.794  378.117    1.723
  15480.00 0.157     669.193       9.472    1380.000       0.000    0.0002    8.252  607.398    6.454  386.551    1.757
  15540.00 0.162     671.463       8.627    1500.000       0.000    0.0002    8.701  647.539    7.349  394.227    1.665
  15600.00 0.164     687.362       9.657    1500.000       0.000    0.0002    8.985  823.968    8.784  400.476    1.795
  15660.00 0.168     687.983       9.724    1540.000       0.000    0.0002    9.256  953.334    8.575  404.962    1.991
  15720.00 0.173     690.452      12.542    1940.000       0.000    0.0002    9.354 1030.352    7.429  408.488    2.235
  15780.00 0.174     694.165       5.498    1940.000       0.000    0.0002    9.027 1024.867    6.959  408.953    2.024
  15840.00 0.175     679.109       6.769    1940.000       0.000    0.0002    8.295  778.344    6.080  406.903    1.748
  15900.00 0.177     689.462      10.566    1620.000       0.000    0.0002    7.373  470.910    5.365  405.640    1.385
  15960.00 0.172     691.080       6.591    1580.000       0.000    0.0002    6.620  489.501    5.414  404.610    1.309
  16020.00 0.169     681.592       3.936    1500.000       0.000    0.0002    6.184  529.625    5.970  398.860    1.302
  16080.00 0.167     687.449       6.276    1540.000       0.000    0.0002    5.955  512.390    5.741  391.363    1.271
  16140.00 0.160     680.428       4.893    1540.000       0.000    0.0002    5.681  418.876    5.432  388.443    1.154
  16200.00 0.157     677.950       5.373    1420.000       0.000    0.0002    5.358  365.459    4.876  387.205    1.235
  16260.00 0.155     689.194       9.826    1540.000       0.000    0.0002    5.124  359.530    5.036  384.071    1.309
  16320.00 0.155     702.587       2.208    1540.000       0.000    0.0002    5.000  409.133    5.133  381.297    1.275
  16380.00 0.150     700.065       8.604    1500.000       0.000    0.0002    5.072  435.420    4.984  380.653    1.161
  16440.00 0.148     708.132       6.744    1460.000       0.000    0.0002    5.210  504.044    5.853  380.434    1.348
  16500.00 0.142     709.331       4.803    1500.000       0.000    0.0002    5.373  609.314    6.967  379.435    1.435
  16560.00 0.139     704.499       4.745    1500.000       0.000    0.0002    5.395  760.293    7.408  378.907    1.655
  16620.00 0.137     708.699      15.508    1500.000       0.000    0.0002    5.346  795.322    6.910  379.047    1.682
  16680.00 0.138     711.943       8.269    1500.000       0.000    0.0002    5.138  775.302    5.890  376.490    1.631
  16740.00 0.133     708.367       7.193    1620.000       0.000    0.0002    4.762  748.137    5.590  372.207    1.748
  16800.00 0.130     705.113       7.481    1540.000       0.000    0.0002    4.231  551.694    5.453  369.321    1.377
  16860.00 0.129     707.774      12.075    1500.000       0.000    0.0002    3.660  431.195    5.659  368.783    1.342
  16920.00 0.124     712.338       9.116    1540.000       0.000    0.0002    3.267  360.774    5.126  366.736    1.104
  16980.00 0.114     707.009      11.239    1420.000       0.000    0.0002    3.095  385.379    5.609  363.991    1.359
  17040.00 0.118     701.074       7.273    1420.000       0.000    0.0002    3.222  634.141    7.108  363.767    1.771
  17100.00 0.117     686.806       8.476    1460.000       0.000    0.0002    3.562  870.509    9.008  365.891    1.905
  17160.00 0.118     683.388       2.686    1500.000       0.000    0.0002    3.896 1066.611    9.575  368.858    1.875
  17220.00 0.125     673.882       9.059    1940.000       0.000    0.0002    4.094 1170.149    6.728  370.157    2.217
  17280.00 0.126     685.087       3.612    1940.000       0.000    0.0002    4.109  842.116    6.164  369.462    2.182
  17340.00 0.132     681.299       7.755    1940.000       0.000    0.0002    3.889  482.240    5.613  371.462    1.608
  17400.00 0.133     675.046       6.018    1580.000       0.000    0.0002    3.719  393.661    5.743  376.057    1.181
  17460.00 0.141     682.014      10.486    1540.000       0.000    0.0002    3.845  543.932    6.352  376.582    1.437
  17520.00 0.142     680.309       5.660    1420.000       0.000    0.0002    4.288  626.827    7.337  376.322    1.715
  17580.00 0.138     677.376       7.199    1460.000       0.000    0.0002    4.856  769.896    8.901  382.765    1.971
  17640.00 0.144     674.552      10.558    1460.000       0.000    0.0002    5.437  901.041    8.182  391.714    2.020
  17700.00 0.153     671.483       7.081    1620.000       0.000    0.0002    5.838  865.427    8.596  396.386    2.500
  17760.00 0.152     662.512       7.021    1740.000       0.000    0.0002    5.850  761.150    7.697  396.298    2.189
  17820.00 0.158     668.259      11.248    1940.000       0.000    0.0002    5.548  721.046    6.818  396.545    1.658
  17880.00 0.161     674.103       9.909    1940.000       0.000    0.0002    5.075  590.385    6.428  399.653    1.511
  17940.00 0.161     676.182      11.697    1500.000       0.000    0.0002    4.565  542.070    4.842  400.117    1.267
  18000.00 0.159     667.607       6.472    1580.000       0.000    0.0002    4.344  595.305    5.005  395.788    1.177
  18060.00 0.154     664.762       7.778    1460.000       0.000    0.0002    4.419  553.315    4.783  392.290    1.243
  18120.00 0.158     668.421       7.276    1460.000       0.000    0.0002    4.690  657.339    6.566  393.093    1.606
  18180.00 0.165     667.834       6.350    1540.000       0.000    0.0002    4.999  723.998    5.882  395.739    1.432
  18240.00 0.169     672.023       5.173    1460.000       0.000    0.0002    5.392  602.701    4.511  397.739    1.062
  18300.00 0.169     677.746       7.688    1500.000       0.000    0.0002    5.789  526.265    4.358  401.333    1.050
  18360.00 0.170     680.000       3.621    1500.000       0.000    0.0002    6.247  395.589    5.295  407.060    1.215
  18420.00 0.176     697.562       5.319    1580.000       0.000    0.0002    6.773  441.052    5.822  412.719    1.462
  18480.00 0.175     705.014      10.390    1420.000       0.000    0.0002    7.387  544.142    5.793  417.691    1.244
  18540.00 0.174     707.640       6.461    1460.000       0.000    0.0002    8.052  570.626    5.784  424.516    1.301
  18600.00 0.172     708.239       9.773    1460.000       0.000    0.0002    8.822  719.830    6.196  433.049    1.509
  18660.00 0.172     710.894       7.858    1420.000       0.000    0.0002    9.599  746.796    6.786  440.920    1.661
  18720.00 0.179     714.041       3.456    1500.000       0.000    0.0002   10.256  671.550    7.527  448.469    1.589
  18780.00 0.175     718.689       5.467    1460.000       0.000    0.0002   10.736  679.808    7.177  457.084    1.761
  18840.00 0.176     727.812       8.643    1500.000       0.000    0.0002   10.940  659.732    6.795  465.018    1.689
  18900.00 0.173     726.308      13.777    1460.000       0.000    0.0002   11.143  796.381    7.224  472.576    1.680
  18960.00 0.170     733.811       8.825    1540.000       0.000    0.0002   11.285  872.063    7.996  481.747    1.998
  19020.00 0.173     733.465       2.394    1580.000       0.000    0.0002   11.450  948.713    8.650  487.344    2.363
  19080.00 0.170     731.264       8.420    1940.000       0.000    0.0002   11.540  945.787    6.625  486.477    2.060
  19140.00 0.168     739.476       7.394    1540.000       0.000    0.0002   11.442  654.455    6.909  488.047    1.719
  19200.00 0.173     756.102      12.429    1500.000       0.000    0.0002   11.332  718.469    6.710  491.493    1.642
  19260.00 0.167     756.398       4.744    1540.000       0.000    0.0002   11.011  705.127    6.246  492.054    1.557
  19320.00 0.164     760.239       6.537    1460.000       0.000    0.0002   10.729  732.457    6.571  491.757    1.559
  19380.00 0.163     760.927       7.833    1580.000       0.000    0.0002   10.314  645.373    6.149  491.517    1.590
  19440.00 0.157     757.178       9.085    1540.000       0.000    0.0002    9.801  558.473    6.114  490.023    1.503
  19500.00 0.157     733.302       6.512    1540.000       0.000    0.0002    9.087  566.225    7.244  486.599    1.497
  19560.00 0.157     745.047       7.321    1540.000       0.000    0.0002    8.379  773.136    6.761  482.097    1.692
  19620.00 0.153     756.805       8.594    1740.000       0.000    0.0002    7.774  904.790    7.436  475.284    2.021
  19680.00 0.152     742.637       9.582    1580.000       0.000    0.0002    7.198  801.060    5.661  468.365    1.371
  19740.00 0.156     722.696       7.398    1500.000       0.000    0.0002    6.647  591.511    6.210  463.787    1.508
  19800.00 0.155     723.507       3.254    1460.000       0.000    0.0002    6.224  470.498    6.243  460.190    1.504
  19860.00 0.152     718.684       8.218    1500.000       0.000    0.0002    5.970  624.647    6.233  457.088    1.597
  19920.00 0.157     717.134       6.012    1540.000       0.000    0.0002    5.995  698.180    6.548  456.638    1.653
  19980.00 0.155     722.271       4.669    1620.000       0.000    0.0002    6.166  748.273    6.332  456.262    1.957
  20040.00 0.157     715.677       3.795    1580.000       0.000    0.0002    6.300  716.579    7.697  454.887    2.049
  20100.00 0.149     711.522       7.463    1620.000       0.000    0.0002    6.431  623.875    6.547  453.729    1.779
  20160.00 0.152     703.205       8.045    1700.000       0.000    0.0002    6.493  581.298    6.515  455.584    1.562
  20220.00 0.150     707.830       8.972    1700.000       0.000    0.0002    6.648  613.715    7.440  458.807    1.725
  20280.00 0.143     706.027      11.027    1500.000       0.000    0.0002    6.783  711.002    7.815  460.804    1.658
  20340.00 0.143     710.411       5.788    1580.000       0.000    0.0002    7.052  543.709    7.335  461.184    1.473
  20400.00 0.143     717.104      12.675    1660.000       0.000    0.0002    7.219  757.685    5.880  462.605    1.502
  20460.00 0.144     711.361       2.109    1580.000       0.000    0.0002    7.442  831.639    7.050  467.514    1.707
  20520.00 0.142     724.631       9.365    1540.000       0.000    0.0002    7.765  786.233    6.667  473.615    1.653
  20580.00 0.149     724.183       9.477    1540.000       0.000    0.0002    8.168  964.529    7.083  481.199    1.958
  20640.00 0.139     725.614       2.807    1620.000       0.000    0.0002    8.596  983.181    7.914  488.693    2.149
  20700.00 0.136     729.013       9.910    1940.000       0.000    0.0002    8.878  919.134    8.429  492.053    1.935
  20760.00 0.138     727.513       6.808    1660.000       0.000    0.0002    8.874 1066.903    9.586  495.058    2.304
  20820.00 0.137     712.954       4.484    1940.000       0.000    0.0002    8.455 1194.954    7.499  494.811    2.276
  20880.00 0.135     708.288       5.117    1980.000       0.000    0.0002    7.659 1167.490    8.232  492.068    2.078
  20940.00 0.140     711.608       9.406    1940.000       0.000    0.0002    6.910  829.292    7.041  493.686    1.754
  21000.00 0.140     709.354       8.726    1940.000       0.000    0.0002    6.290  799.480    7.064  491.339    1.726
  21060.00 0.136     703.292      10.376    1540.000       0.000    0.0002    5.834  749.574    4.929  480.086    1.451
  21120.00 0.143     696.997      11.911    1540.000       0.000    0.0002    5.251  643.625    5.371  471.297    1.528
  21180.00 0.145     702.968       8.769    1540.000       0.000    0.0002    4.767  442.387    4.867  466.915    1.100
  21240.00 0.141     704.844       8.581    1700.000       0.000    0.0002    4.514  346.507    5.142  462.069    1.189
  21300.00 0.132     682.435       6.458    1500.000       0.000    0.0002    4.442  460.473    5.376  456.753    1.292
  21360.00 0.135     681.779      10.417    1460.000       0.000    0.0002    4.530  512.269    5.629  453.796    1.237
  21420.00 0.137     686.430       6.679    1580.000       0.000    0.0002    4.720  472.277    5.318  451.652    1.199
  21480.00 0.138     693.133       8.283    1460.000       0.000    0.0002    4.894  467.326    5.939  449.820    1.327
  21540.00 0.135     691.336       5.668    1460.000       0.000    0.0002    5.136  510.921    6.104  451.225    1.454
  21600.00 0.138     706.772      10.229    1540.000       0.000    0.0002    5.347  546.789    6.911  453.125    1.573
  21660.00 0.135     713.721       9.147    1500.000       0.000    0.0002    5.527  533.110    6.077  451.665    1.594
  21720.00 0.142     724.014       7.136    1540.000       0.000    0.0002    5.593  528.166    6.162  449.890    1.641
  21780.00 0.136     732.029       4.847    1500.000       0.000    0.0002    5.573  396.209    5.571  451.744    1.304
  21840.00 0.141     735.156       6.401    1540.000       0.000    0.0002    5.467  528.818    6.057  454.553    1.570
  21900.00 0.141     736.181       3.299    1580.000       0.000    0.0002    5.455  538.746    5.541  455.615    1.310
  21960.00 0.138     727.447      10.284    1500.000       0.000    0.0002    5.533  526.006    7.201  457.067    1.462
  22020.00 0.134     731.606       4.526    1500.000       0.000    0.0002    5.658  545.428    7.481  458.843    1.618
  22080.00 0.134     729.124      10.803    1500.000       0.000    0.0002    5.559  520.184    6.094  458.630    1.422
  22140.00 0.137     734.071      12.214    1500.000       0.000    0.0002    5.317  415.243    5.189  457.328    1.384
  22200.00 0.142     734.768       7.504    1500.000       0.000    0.0002    5.243  430.700    6.506  458.372    1.457
  22260.00 0.142     723.614       8.916    1580.000       0.000    0.0002    5.291  495.330    7.867  458.651    1.566
  22320.00 0.141     721.416       5.941    1500.000       0.000    0.0002    5.394  590.570    6.909  456.463    1.819
  22380.00 0.138     721.277       5.674    1580.000       0.000    0.0002    5.285  598.850    6.769  453.128    1.764
  22440.00 0.138     720.885       7.009    1580.000       0.000    0.0002    5.120  539.727    5.974  451.501    1.669
  22500.00 0.137     723.132       8.790    1540.000       0.000    0.0002    4.733  562.887    6.598  450.187    1.553
  22560.00 0.138     711.206       6.986    1580.000       0.000    0.0002    4.241  370.743    5.910  448.058    1.374
  22620.00 0.136     718.566       7.312    1460.000       0.000    0.0002    3.959  447.066    6.338  446.512    1.363
  22680.00 0.135     715.712       3.532    1500.000       0.000    0.0002    3.861  496.285    6.695  443.974    1.456
  22740.00 0.141     709.428       7.868    1500.000       0.000    0.0002    3.917  515.088    6.964  440.291    1.383
  22800.00 0.137     713.737       4.520    1580.000       0.000    0.0002    4.008  490.940    6.478  437.518    1.652
  22860.00 0.137     722.989       8.541    1580.000       0.000    0.0002    4.008  419.525    5.971  436.799    1.305
  22920.00 0.138     717.848       5.291    1540.000       0.000    0.0002    3.904  287.471    5.433  437.545    1.235
  22980.00 0.141     722.738       2.288    1540.000       0.000    0.0002    3.883  380.497    6.046  437.678    1.298
  23040.00 0.138     719.717       7.032    1500.000       0.000    0.0002    3.955  456.494    6.667  437.129    1.251
  23100.00 0.140     730.330       8.974    1620.000       0.000    0.0002    4.098  552.371    5.725  437.027    1.371
  23160.00 0.142     726.919       8.193    1460.000       0.000    0.0002    4.290  481.272    5.898  437.535    1.273
  23220.00 0.137     732.371       8.663    1540.000       0.000    0.0002    4.478  519.711    6.685  439.589    1.457
  23280.00 0.140     711.518       8.586    1420.000       0.000    0.0002    4.676  718.205    7.247  443.684    1.596
  23340.00 0.140     716.139       6.922    1420.000       0.000    0.0002    4.924  809.485    8.495  448.980    1.940
  23400.00 0.136     717.594       9.048    1580.000       0.000    0.0002    5.130  978.620   10.052  451.820    2.385
  23460.00 0.137     702.000       9.107    1940.000       0.000    0.0002    5.053  993.590    9.191  450.038    2.594
  23520.00 0.136     707.253       5.530    1980.000       0.000    0.0002    4.711  882.227    7.784  449.407    1.975
  23580.00 0.140     699.861      10.330    1700.000       0.000    0.0002    4.416  789.822    8.892  451.687    1.841
  23640.00 0.139     694.798       6.151    1580.000       0.000    0.0002    4.082  841.374    6.778  449.149    1.673
  23700.00 0.134     694.109      11.200    1580.000       0.000    0.0002    3.780  624.945    5.911  442.858    1.655
  23760.00 0.140     693.089       6.946    1540.000       0.000    0.0002    3.593  412.973    5.065  438.989    1.138
  23820.00 0.141     689.223       6.701    1580.000       0.000    0.0002    3.500  296.705    4.613  437.597    1.024
  23880.00 0.143     695.145       7.966    1660.000       0.000    0.0002    3.559  265.149    4.494  435.660    1.076
  23940.00 0.145     697.162       6.689    1660.000       0.000    0.0002    3.764  284.530    4.880  433.035    1.089
  24000.00 0.150     706.439      10.081    1660.000       0.000    0.0002    4.057  322.969    5.569  432.861    1.338
  24060.00 0.152     702.448       6.055    1540.000       0.000    0.0002    4.450  427.024    6.001  435.289    1.298
  24120.00 0.154     712.591       6.423    1580.000       0.000    0.0002    4.815  507.709    6.377  437.289    1.283
  24180.00 0.154     708.621       9.319    1540.000       0.000    0.0002    5.182  557.935    6.048  438.817    1.340
  24240.00 0.154     714.834      14.105    1420.000       0.000    0.0002    5.616  586.829    5.910  441.538    1.421
  24300.00 0.155     712.598       7.717    1460.000       0.000    0.0002    6.002  626.278    5.839  445.432    1.461
  24360.00 0.153     727.134       8.057    1420.000       0.000    0.0002    6.357  554.724    6.538  451.214    1.489
  24420.00 0.158     734.427       0.898    1460.000       0.000    0.0002    6.535  548.961    7.043  457.624    1.647
  24480.00 0.147     749.767      10.498    1580.000       0.000    0.0002    6.638  501.991    7.230  461.481    1.703
  24540.00 0.145     749.241       8.600    1460.000       0.000    0.0002    6.674  491.401    6.177  461.845    1.508
  24600.00 0.137     752.214       3.250    1580.000       0.000    0.0002    6.569  462.632    5.655  461.019    1.482
  24660.00 0.135     765.895       8.282    1580.000       0.000    0.0002    6.213  467.539    6.003  460.380    1.564
  24720.00 0.135     777.261       5.045    1500.000       0.000    0.0002    5.726  520.859    6.464  458.591    1.532
  24780.00 0.132     770.296       6.926    1500.000       0.000    0.0002    5.254  512.535    6.464  455.763    1.427
  24840.00 0.135     763.032       2.166    1540.000       0.000    0.0002    4.896  381.616    5.070  452.169    1.496
  24900.00 0.133     751.934       9.282    1500.000       0.000    0.0002    4.627  345.552    5.618  448.949    1.261
  24960.00 0.129     745.434       8.755    1580.000       0.000    0.0002    4.408  365.840    6.053  447.055    1.308
  25020.00 0.136     736.547      10.504    1540.000       0.000    0.0002    4.324  433.333    6.615  446.296    1.414
  25080.00 0.135     727.441      11.760    1460.000       0.000    0.0002    4.472  449.977    6.757  445.039    1.423
  25140.00 0.138     727.420       0.954    1500.000       0.000    0.0002    4.737  493.947    6.863  445.110    1.386
  25200.00 0.137     721.500       9.607    1540.000       0.000    0.0002    5.052  555.048    7.082  445.735    1.610
  25260.00 0.140     722.827      12.461    1580.000       0.000    0.0002    5.279  572.633    5.857  444.606    1.410
  25320.00 0.147     728.657       9.619    1540.000       0.000    0.0002    5.342  503.442    5.373  442.823    1.413
  25380.00 0.150     732.662       8.864    1540.000       0.000    0.0002    5.234  372.771    4.702  442.738    1.436
  25440.00 0.159     742.699       4.632    1540.000       0.000    0.0002    5.289  417.015    5.434  446.660    1.538
  25500.00 0.158     733.097       9.954    1500.000       0.000    0.0002    5.595  558.611    6.617  452.322    1.842
  25560.00 0.152     733.397       5.353    1540.000       0.000    0.0002    6.128  633.812    7.401  457.672    1.900
  25620.00 0.152     733.172       5.829    1580.000       0.000    0.0002    6.733  713.788    8.065  462.484    1.855
  25680.00 0.159     734.663      11.534    1940.000       0.000    0.0002    7.023  830.127    8.038  464.957    2.395
  25740.00 0.156     738.750      14.719    1940.000       0.000    0.0002    7.016  758.548    7.147  465.003    2.116
  25800.00 0.164     734.985       8.239    1940.000       0.000    0.0002    6.753  717.503    7.524  465.535    1.964
  25860.00 0.163     737.718       7.297    1660.000       0.000    0.0002    6.224  593.356    6.697  466.232    1.626
  25920.00 0.163     734.174       8.348    1580.000       0.000    0.0002    5.656  603.311    5.509  464.838    1.713
  25980.00 0.162     724.736       4.706    1500.000       0.000    0.0002    5.170  396.561    5.821  460.072    1.281
  26040.00 0.170     724.814       8.080    1580.000       0.000    0.0002    4.827  370.185    4.438  457.515    1.159
  26100.00 0.170     724.576       9.755    1540.000       0.000    0.0002    4.665  391.211    5.148  458.605    1.202
  26160.00 0.166     728.059      11.235    1540.000       0.000    0.0002    4.812  384.314    5.284  458.744    1.286
  26220.00 0.165     724.934       6.499    1540.000       0.000    0.0002    5.051  483.378    6.669  458.168    1.447
  26280.00 0.162     736.145       7.440    1500.000       0.000    0.0002    5.247  667.978    7.160  460.155    1.584
  26340.00 0.163     738.743       5.269    1580.000       0.000    0.0002    5.486  797.062    8.553  462.740    1.999
  26400.00 0.160     736.712       6.941    1420.000       0.000    0.0002    5.680  873.105    8.923  464.001    2.143
  26460.00 0.167     735.328       4.730    1940.000       0.000    0.0002    5.838  869.464    7.256  468.133    1.872
  26520.00 0.163     735.569       6.048    1580.000       0.000    0.0002    6.042  876.112    8.786  477.336    1.923
  26580.00 0.167     730.205       4.751    1540.000       0.000    0.0002    6.419 1156.376    9.074  487.176    2.189
  26640.00 0.163     727.766       4.858    1940.000       0.000    0.0002    6.928 1493.615   10.997  493.597    2.313
  26700.00 0.168     733.721      10.930    1940.000       0.000    0.0002    7.173 1341.766    7.968  492.735    3.023
  26760.00 0.160     728.196       7.768    1940.000       0.000    0.0002    7.093 1024.861    6.562  490.513    2.338
  26820.00 0.164     733.672       7.910    1940.000       0.000    0.0002    6.780  725.872    6.021  498.005    1.622
  26880.00 0.167     734.219       3.854    1940.000       0.000    0.0002    6.620  689.207    6.876  507.797    1.751
  26940.00 0.176     743.449       5.396    1540.000       0.000    0.0002    6.607  885.558    7.072  505.118    2.189
  27000.00 0.173     736.610       5.113    1940.000       0.000    0.0002    6.769  875.775    7.228  497.931    2.253
  27060.00 0.174     743.647      10.351    1940.000       0.000    0.0002    7.033  710.323    6.881  494.414    1.604
  27120.00 0.178     739.561       8.615    1700.000       0.000    0.0002    7.232  500.805    7.027  498.548    1.418
  27180.00 0.175     751.978       9.136    1700.000       0.000    0.0002    7.358  594.949    7.084  504.052    1.675
  27240.00 0.177     756.451       6.492    1620.000       0.000    0.0002    7.419  616.054    6.941  504.890    1.612
  27300.00 0.174     758.682       8.640    1540.000       0.000    0.0002    7.451  653.662    7.207  501.807    1.776
  27360.00 0.174     768.820       9.916    1660.000       0.000    0.0002    7.347  589.285    6.248  497.744    1.683
  27420.00 0.176     771.766       3.143    1620.000       0.000    0.0002    6.920  519.514    7.205  496.157    1.439
  27480.00 0.183     771.722      12.523    1580.000       0.000    0.0002    6.463  615.757    5.911  495.831    1.644
  27540.00 0.180     766.450       2.683    1540.000       0.000    0.0002    6.063  560.755    6.151  493.848    1.663
  27600.00 0.178     751.593       3.874    1580.000       0.000    0.0002    5.914  586.139    6.448  492.151    1.466
  27660.00 0.173     754.310      11.746    1620.000       0.000    0.0002    5.865  436.002    6.826  489.148    1.394
  27720.00 0.168     758.087       4.580    1460.000       0.000    0.0002    5.865  411.417    6.563  487.219    1.520
  27780.00 0.167     749.605       6.999    1540.000       0.000    0.0002    5.994  452.909    5.859  487.520    1.403
  27840.00 0.169     754.298       7.699    1620.000       0.000    0.0002    6.180  621.842    5.595  488.642    1.406
  27900.00 0.167     744.737       8.129    1700.000       0.000    0.0002    6.377  653.008    5.872  489.315    1.606
  27960.00 0.163     743.604       8.949    1580.000       0.000    0.0002    6.602  585.758    6.578  490.273    1.695
  28020.00 0.172     754.148       6.250    1580.000       0.000    0.0002    6.796  577.436    5.812  491.044    1.573
  28080.00 0.174     757.335       7.377    1580.000       0.000    0.0002    6.832  545.912    6.442  490.860    1.651
  28140.00 0.186     751.009       8.676    1540.000       0.000    0.0002    6.799  639.152    6.361  491.888    1.457
  28200.00 0.188     748.187       7.021    1540.000       0.000    0.0002    6.900  575.532    5.660  494.998    1.469
  28260.00 0.183     747.776       5.539    1540.000       0.000    0.0002    7.179  608.629    6.665  499.238    1.532
  28320.00 0.181     744.259       4.097    1540.000       0.000    0.0002    7.593  611.838    7.542  503.034    1.643
  28380.00 0.179     759.537       4.980    1540.000       0.000    0.0002    8.023  595.091    6.964  505.556    1.684
  28440.00 0.173     761.803       7.775    1540.000       0.000    0.0002    8.451  485.840    6.175  510.255    1.565
  28500.00 0.172     777.564       8.640    1580.000       0.000    0.0002    8.767  526.446    6.342  519.228    1.493
  28560.00 0.171     784.217       7.379    1580.000       0.000    0.0002    9.014  615.618    6.855  528.168    1.602
  28620.00 0.164     779.048      12.440    1580.000       0.000    0.0002    9.167  608.295    7.809  533.516    1.726
  28680.00 0.171     784.864       8.383    1540.000       0.000    0.0002    9.284  603.673    7.487  537.469    1.658
  28740.00 0.170     782.410       9.842    1540.000       0.000    0.0002    9.194  647.738    7.115  539.538    1.783
  28800.00 0.173     769.492       5.876    1620.000       0.000    0.0002    8.982  552.600    7.604  539.338    1.592
