#  time      cc     z_cbase    z_ctop_avg  z_ctop_max      zi         we   <<ql>>  <<ql>>_max   w_max   tke     ql_max
     60.00 0.000       0.000       0.000       0.000       0.000    0.0002    0.000    0.000    0.190  616.638    0.000
    120.00 0.000       0.000       0.000       0.000       0.000    0.0002    0.000    0.000    0.285  417.132    0.000
    180.00 0.000       0.000       0.000       0.000       0.000    0.0002    0.000    0.000    0.314  300.201    0.000
    240.00 0.000       0.000       0.000       0.000       0.000    0.0002    0.000    0.000    0.303  225.868    0.000
    300.00 0.000       0.000       0.000       0.000       0.000    0.0002    0.000    0.000    0.249  176.625    0.000
    360.00 0.000       0.000       0.000       0.000       0.000    0.0002    0.000    0.000    0.282  143.441    0.000
    420.00 0.000       0.000       0.000       0.000       0.000    0.0002    0.000    0.000    0.319  121.181    0.000
    480.00 0.000       0.000       0.000       0.000       0.000    0.0002    0.000    0.000    0.338  105.790    0.000
    540.00 0.000       0.000       0.000       0.000       0.000    0.0002    0.000    0.000    0.362   93.977    0.000
    600.00 0.000       0.000       0.000       0.000       0.000    0.0002    0.000    0.000    0.382   84.688    0.000
    660.00 0.000       0.000       0.000       0.000       0.000    0.0002    0.000    0.000    0.435   78.115    0.000
    720.00 0.000       0.000       0.000       0.000       0.000    0.0002    0.000    0.000    0.493   73.811    0.000
    780.00 0.000       0.000       0.000       0.000       0.000    0.0002    0.000    0.000    0.509   71.030    0.000
    840.00 0.000       0.000       0.000       0.000       0.000    0.0002    0.000    0.000    0.531   69.269    0.000
    900.00 0.000       0.000       0.000       0.000       0.000    0.0002    0.000    0.000    0.589   68.091    0.000
    960.00 0.000       0.000       0.000       0.000       0.000    0.0002    0.000    0.000    0.665   67.526    0.000
   1020.00 0.000       0.000       0.000       0.000       0.000    0.0002    0.000    0.000    0.719   68.051    0.000
   1080.00 0.000       0.000       0.000       0.000       0.000    0.0002    0.000    0.000    0.778   69.683    0.000
   1140.00 0.000       0.000       0.000       0.000       0.000    0.0002    0.000    0.000    0.810   72.057    0.000
   1200.00 0.000       0.000       0.000       0.000       0.000    0.0002    0.000    0.000    0.892   75.135    0.000
   1260.00 0.000     580.000       0.000     580.000       0.000    0.0002    0.000    0.403    1.017   79.088    0.009
   1320.00 0.002     571.111       0.000     580.000       0.000    0.0002    0.002    2.513    1.091   84.045    0.056
   1380.00 0.009     559.459       0.000     580.000       0.000    0.0002    0.013    5.173    1.205   90.197    0.116
   1440.00 0.017     562.857       0.000     580.000       0.000    0.0002    0.045   13.068    1.406   97.635    0.157
   1500.00 0.028     564.483      10.000     660.000       0.000    0.0002    0.102   24.098    1.637  106.251    0.276
   1560.00 0.044     565.055       2.967     660.000       0.000    0.0002    0.204   37.800    1.808  115.985    0.384
   1620.00 0.060     565.749       2.186     660.000       0.000    0.0002    0.374   65.878    2.351  126.853    0.552
   1680.00 0.075     568.701       1.753     660.000       0.000    0.0002    0.628   99.389    2.539  138.811    0.707
   1740.00 0.093     569.186       1.417     700.000       0.000    0.0002    0.993  129.711    3.252  151.762    0.762
   1800.00 0.111     567.456       6.798     740.000       0.000    0.0002    1.467  162.254    3.714  165.512    0.817
   1860.00 0.128     568.244       7.328     780.000       0.000    0.0002    2.083  209.106    3.429  179.823    0.832
   1920.00 0.139     569.474       8.351     820.000       0.000    0.0002    2.839  237.782    3.832  194.439    1.012
   1980.00 0.153     572.026       4.880     860.000       0.000    0.0002    3.668  311.900    4.336  209.031    1.063
   2040.00 0.161     575.455      11.030    1300.000       0.000    0.0002    4.533  324.043    4.334  222.954    1.060
   2100.00 0.176     580.278       4.889    1300.000       0.000    0.0002    5.343  367.892    4.598  235.654    1.176
   2160.00 0.182     583.646       7.480    1300.000       0.000    0.0002    6.081  398.996    4.646  246.701    1.085
   2220.00 0.188     588.601       6.477    1340.000       0.000    0.0002    6.732  430.808    4.672  256.038    1.245
   2280.00 0.194     592.358       7.137    1340.000       0.000    0.0002    7.274  470.218    4.423  263.801    1.175
   2340.00 0.197     596.188      11.139    1340.000       0.000    0.0002    7.648  487.392    4.456  269.244    1.238
   2400.00 0.201     603.758       6.691    1380.000       0.000    0.0002    7.870  458.201    4.253  271.748    1.237
   2460.00 0.195     606.583       9.111    1300.000       0.000    0.0002    7.805  425.642    4.261  270.988    1.214
   2520.00 0.193     608.838       5.152    1300.000       0.000    0.0002    7.557  368.046    3.773  268.291    1.194
   2580.00 0.190     612.769       5.256    1300.000       0.000    0.0002    7.170  305.809    3.717  263.810    1.000
   2640.00 0.185     618.841       9.697    1500.000       0.000    0.0002    6.662  343.519    3.816  258.230    1.075
   2700.00 0.181     619.030       9.191    1380.000       0.000    0.0002    6.136  296.838    4.216  251.928    0.998
   2760.00 0.173     625.529       8.547    1380.000       0.000    0.0002    5.673  330.940    4.587  244.338    1.066
   2820.00 0.167     632.199       7.214    1460.000       0.000    0.0002    5.296  395.548    4.623  236.543    1.131
   2880.00 0.159     631.490       8.971    1340.000       0.000    0.0002    5.029  371.094    3.893  229.575    1.072
   2940.00 0.156     635.824       9.639    1460.000       0.000    0.0002    4.771  359.821    4.173  223.045    1.069
   3000.00 0.150     635.791      11.028    1340.000       0.000    0.0002    4.507  399.357    3.952  217.277    1.053
   3060.00 0.142     640.207       9.172    1300.000       0.000    0.0002    4.239  428.401    4.424  212.244    1.137
   3120.00 0.134     652.933       5.647    1340.000       0.000    0.0002    3.931  419.090    4.580  207.235    1.035
   3180.00 0.128     644.229       3.771    1460.000       0.000    0.0002    3.675  408.235    4.193  202.487    0.984
   3240.00 0.124     644.269       9.723    1420.000       0.000    0.0002    3.394  436.776    3.665  198.112    1.213
   3300.00 0.120     643.462       2.688    1380.000       0.000    0.0002    3.068  398.112    3.814  193.892    1.005
   3360.00 0.117     642.917       3.000    1340.000       0.000    0.0002    2.702  292.523    3.610  190.118    1.051
   3420.00 0.108     639.865       7.991    1300.000       0.000    0.0002    2.410  233.666    3.270  187.091    1.129
   3480.00 0.105     634.079      12.681    1300.000       0.000    0.0002    2.239  288.075    3.429  184.472    1.055
   3540.00 0.101     642.233       9.223    1300.000       0.000    0.0002    2.086  292.659    3.587  181.730    1.016
   3600.00 0.099     643.251      11.232    1300.000       0.000    0.0002    1.939  324.490    4.141  179.083    1.057
   3660.00 0.107     641.553      17.489    1460.000       0.000    0.0002    1.854  305.899    3.924  176.847    0.941
   3720.00 0.109     639.018       5.357    1380.000       0.000    0.0002    1.780  225.372    3.535  175.184    0.993
   3780.00 0.105     641.445       5.501    1420.000       0.000    0.0002    1.716  208.783    3.123  174.182    0.900
   3840.00 0.107     635.927       6.819    1300.000       0.000    0.0002    1.683  262.741    3.314  173.740    1.001
   3900.00 0.103     630.000       8.952    1420.000       0.000    0.0002    1.713  316.660    3.572  173.721    1.127
   3960.00 0.102     623.165       5.947    1300.000       0.000    0.0002    1.742  332.800    3.574  173.744    0.989
   4020.00 0.096     617.056       4.619    1340.000       0.000    0.0002    1.793  335.403    3.588  173.733    0.994
   4080.00 0.100     618.824      10.882    1300.000       0.000    0.0002    1.803  271.096    3.586  173.989    0.944
   4140.00 0.104     622.061       6.370    1300.000       0.000    0.0002    1.775  226.215    3.293  174.676    0.816
   4200.00 0.111     622.291       5.815    1340.000       0.000    0.0002    1.748  223.503    2.991  175.517    0.756
   4260.00 0.108     620.452       8.869    1380.000       0.000    0.0002    1.717  231.478    2.740  176.270    0.782
   4320.00 0.109     618.206       5.561    1300.000       0.000    0.0002    1.720  218.649    3.019  176.887    0.753
   4380.00 0.107     622.551       7.335    1300.000       0.000    0.0002    1.744  213.176    3.531  177.547    0.787
   4440.00 0.110     620.177       4.390    1300.000       0.000    0.0002    1.807  251.062    3.653  178.692    0.836
   4500.00 0.108     619.456      12.336    1300.000       0.000    0.0002    1.878  302.850    3.829  180.418    0.877
   4560.00 0.109     619.281       8.629    1300.000       0.000    0.0002    1.963  351.964    3.950  182.290    1.045
   4620.00 0.113     615.000       5.172    1300.000       0.000    0.0002    2.047  338.007    4.084  183.877    1.006
   4680.00 0.110     613.348       1.463    1300.000       0.000    0.0002    2.149  345.054    3.755  185.308    0.923
   4740.00 0.107     611.455       2.909    1300.000       0.000    0.0002    2.254  349.326    3.158  186.914    0.828
   4800.00 0.114     613.978      16.602    1300.000       0.000    0.0002    2.372  324.968    3.315  188.940    0.818
   4860.00 0.118     614.203       6.501    1340.000       0.000    0.0002    2.465  266.718    3.268  191.240    0.887
   4920.00 0.118     614.711      11.612    1300.000       0.000    0.0002    2.556  250.192    3.698  193.453    1.035
   4980.00 0.126     612.868       9.574    1300.000       0.000    0.0002    2.679  310.500    3.961  195.316    1.125
   5040.00 0.131     611.850       9.645    1300.000       0.000    0.0002    2.806  343.847    3.784  196.891    1.015
   5100.00 0.133     611.823       9.392    1300.000       0.000    0.0002    2.972  362.969    4.064  198.453    1.112
   5160.00 0.132     614.096       9.446    1300.000       0.000    0.0002    3.181  408.057    4.572  200.365    1.077
   5220.00 0.131     614.542      13.421    1460.000       0.000    0.0002    3.402  419.737    4.747  202.827    1.031
   5280.00 0.131     619.776      10.579    1300.000       0.000    0.0002    3.706  389.729    4.142  205.746    1.083
   5340.00 0.129     614.556      10.662    1420.000       0.000    0.0002    3.983  432.309    4.046  208.810    1.015
   5400.00 0.128     619.160       6.832    1300.000       0.000    0.0002    4.186  543.633    4.122  212.159    1.087
   5460.00 0.132     618.741       6.185    1380.000       0.000    0.0002    4.391  636.771    4.132  215.524    1.217
   5520.00 0.131     612.164       8.545    1380.000       0.000    0.0002    4.661  703.093    4.633  218.063    1.358
   5580.00 0.133     613.676       9.522    1460.000       0.000    0.0002    4.955  688.759    5.082  219.529    1.318
   5640.00 0.136     623.292      10.018    1420.000       0.000    0.0002    5.230  601.538    5.012  221.252    1.217
   5700.00 0.137     626.050       8.363    1420.000       0.000    0.0002    5.474  698.030    5.246  224.188    1.410
   5760.00 0.133     629.191       8.346    1460.000       0.000    0.0002    5.699  786.694    4.664  227.347    1.528
   5820.00 0.134     632.969       2.623    1460.000       0.000    0.0002    5.875  683.494    4.356  230.003    1.013
   5880.00 0.137     634.281       8.526    1460.000       0.000    0.0002    6.021  529.128    4.354  232.948    1.000
   5940.00 0.139     640.387       6.467    1460.000       0.000    0.0002    6.213  453.494    4.176  236.348    1.244
   6000.00 0.141     643.194       9.410    1380.000       0.000    0.0002    6.453  499.546    5.369  239.792    1.331
   6060.00 0.138     645.679       8.818    1420.000       0.000    0.0002    6.581  526.441    5.425  242.269    1.460
   6120.00 0.133     640.257      12.367    1380.000       0.000    0.0002    6.610  609.466    5.312  243.732    1.398
   6180.00 0.133     634.972       6.055    1420.000       0.000    0.0002    6.447  669.640    4.815  244.171    1.372
   6240.00 0.135     642.650      12.051    1380.000       0.000    0.0002    6.101  606.454    4.360  243.708    1.236
   6300.00 0.134     639.343      10.036    1580.000       0.000    0.0002    5.622  515.255    4.290  243.100    1.199
   6360.00 0.133     649.319       6.151    1460.000       0.000    0.0002    5.128  457.449    5.158  242.500    1.359
   6420.00 0.134     647.372       8.832    1460.000       0.000    0.0002    4.834  416.767    4.678  241.337    1.061
   6480.00 0.132     642.214       4.576    1380.000       0.000    0.0002    4.846  499.360    4.460  240.759    1.014
   6540.00 0.135     647.899       8.225    1420.000       0.000    0.0002    5.134  624.019    4.518  242.233    1.158
   6600.00 0.134     641.673       5.709    1380.000       0.000    0.0002    5.497  748.004    5.284  244.689    1.333
   6660.00 0.137     642.776       7.438    1340.000       0.000    0.0002    5.941  851.775    5.553  247.208    1.418
   6720.00 0.135     644.332       4.910    1340.000       0.000    0.0002    6.382  909.707    5.525  249.952    1.522
   6780.00 0.136     651.485       6.869    1380.000       0.000    0.0002    6.728  867.228    6.173  253.269    1.423
   6840.00 0.139     647.649      13.930    1380.000       0.000    0.0002    6.994  717.972    5.019  257.657    1.369
   6900.00 0.147     647.421       3.095    1460.000       0.000    0.0002    7.106  728.027    5.179  263.132    1.583
   6960.00 0.150     658.042       4.861    1500.000       0.000    0.0002    7.101  752.294    6.065  267.987    1.677
   7020.00 0.145     653.008       9.345    1460.000       0.000    0.0002    7.031  764.954    6.393  270.215    1.837
   7080.00 0.141     651.917      14.715    1580.000       0.000    0.0002    6.964  853.426    6.327  269.366    1.999
   7140.00 0.142     642.513       6.575    1500.000       0.000    0.0002    6.772  954.068    5.337  266.973    1.913
   7200.00 0.135     636.000       5.550    1500.000       0.000    0.0002    6.424  807.069    3.884  266.054    1.644
   7260.00 0.136     643.184      10.018    1500.000       0.000    0.0002    6.060  594.537    3.837  266.901    1.398
   7320.00 0.134     640.146       3.759    1540.000       0.000    0.0002    5.765  457.918    4.558  267.431    1.312
   7380.00 0.134     633.163       8.958    1420.000       0.000    0.0002    5.719  519.273    5.146  268.076    1.276
   7440.00 0.134     641.095      10.912    1380.000       0.000    0.0002    5.891  648.206    5.350  269.095    1.350
   7500.00 0.138     643.534       9.894    1580.000       0.000    0.0002    6.288  775.484    5.498  270.385    1.423
   7560.00 0.141     646.805       3.282    1460.000       0.000    0.0002    6.753  716.844    5.923  272.464    1.390
   7620.00 0.136     658.925       1.828    1500.000       0.000    0.0002    7.125  697.808    6.637  275.053    1.545
   7680.00 0.137     660.427       8.470    1540.000       0.000    0.0002    7.447  768.342    6.626  278.063    1.657
   7740.00 0.134     670.146       8.029    1460.000       0.000    0.0002    7.625  653.039    4.941  280.792    1.554
   7800.00 0.133     674.799       9.560    1540.000       0.000    0.0002    7.633  659.090    5.571  284.253    1.717
   7860.00 0.135     674.519       2.178    1540.000       0.000    0.0002    7.502  790.570    6.160  286.765    1.848
   7920.00 0.127     664.751      12.874    1500.000       0.000    0.0002    7.222  924.258    5.556  286.207    2.086
   7980.00 0.127     659.002      12.706    1500.000       0.000    0.0002    6.772  824.766    4.861  283.881    1.660
   8040.00 0.124     646.877       5.217    1460.000       0.000    0.0002    6.306  746.470    5.040  282.836    1.480
   8100.00 0.123     646.375       7.291    1460.000       0.000    0.0002    5.719  608.172    4.697  281.581    1.089
   8160.00 0.126     655.590       3.404    1460.000       0.000    0.0002    5.159  517.170    4.635  277.494    1.140
   8220.00 0.132     674.148       3.963    1500.000       0.000    0.0002    4.700  572.471    5.051  273.415    1.114
   8280.00 0.131     660.673       4.710    1500.000       0.000    0.0002    4.502  553.758    5.295  270.747    1.238
   8340.00 0.132     657.934       5.941    1380.000       0.000    0.0002    4.392  488.149    4.525  267.938    1.319
   8400.00 0.135     653.841       2.246    1460.000       0.000    0.0002    4.326  497.419    3.768  265.673    1.128
   8460.00 0.134     653.053       7.971    1380.000       0.000    0.0002    4.265  450.501    3.954  265.064    1.318
   8520.00 0.131     651.078       2.305    1460.000       0.000    0.0002    4.165  383.376    3.889  264.551    1.019
   8580.00 0.132     642.931      10.761    1380.000       0.000    0.0002    4.009  370.709    4.031  263.654    1.057
   8640.00 0.134     643.971      10.200    1460.000       0.000    0.0002    3.935  314.411    4.862  263.879    1.040
   8700.00 0.137     640.427       8.932    1380.000       0.000    0.0002    4.013  365.621    4.632  264.940    0.984
   8760.00 0.135     642.857       7.523    1420.000       0.000    0.0002    4.204  426.665    5.001  265.701    1.314
   8820.00 0.140     639.161       3.531    1500.000       0.000    0.0002    4.417  570.348    5.882  266.889    1.451
   8880.00 0.136     638.489      14.173    1380.000       0.000    0.0002    4.687  665.655    5.817  269.102    1.376
   8940.00 0.137     639.679       4.349    1500.000       0.000    0.0002    4.911  716.331    5.862  271.378    1.444
   9000.00 0.135     644.072       5.297    1460.000       0.000    0.0002    5.034  822.973    6.856  272.862    1.633
   9060.00 0.136     646.140       8.294    1380.000       0.000    0.0002    4.995  821.364    7.011  273.590    1.721
   9120.00 0.133     640.847      10.460    1460.000       0.000    0.0002    4.784  859.059    5.981  274.232    1.881
   9180.00 0.135     652.029      11.775    1460.000       0.000    0.0002    4.527  655.793    4.099  274.574    1.203
   9240.00 0.137     652.682       3.659    1420.000       0.000    0.0002    4.280  515.657    4.648  274.687    1.113
   9300.00 0.132     653.137       3.506    1420.000       0.000    0.0002    4.144  484.889    4.964  273.336    1.067
   9360.00 0.131     646.543       8.216    1420.000       0.000    0.0002    4.040  487.933    4.688  271.602    1.280
   9420.00 0.133     648.477       7.193    1460.000       0.000    0.0002    3.909  509.510    4.621  271.482    1.292
   9480.00 0.132     653.247       6.865    1540.000       0.000    0.0002    3.763  445.881    4.708  271.774    1.264
   9540.00 0.134     647.956      15.146    1460.000       0.000    0.0002    3.625  406.070    4.132  270.926    1.173
   9600.00 0.129     658.189       9.962    1500.000       0.000    0.0002    3.404  272.865    4.209  269.293    0.915
   9660.00 0.130     656.479       8.315    1580.000       0.000    0.0002    3.242  282.763    4.749  268.342    1.040
   9720.00 0.135     655.217      14.529    1460.000       0.000    0.0002    3.116  270.041    4.687  267.334    1.035
   9780.00 0.135     658.553       4.485    1460.000       0.000    0.0002    2.970  311.940    3.955  265.950    0.927
   9840.00 0.135     649.656       6.691    1420.000       0.000    0.0002    2.915  360.816    3.986  264.964    1.104
   9900.00 0.133     655.743       1.211    1460.000       0.000    0.0002    2.907  401.471    5.089  264.971    1.159
   9960.00 0.129     651.245      11.283    1340.000       0.000    0.0002    2.974  393.130    5.106  265.749    1.080
  10020.00 0.126     641.467      10.116    1300.000       0.000    0.0002    3.114  409.835    4.115  266.307    0.998
  10080.00 0.127     647.077       6.423    1420.000       0.000    0.0002    3.299  435.261    4.498  266.909    1.088
  10140.00 0.128     648.876       8.076    1460.000       0.000    0.0002    3.531  414.310    5.047  268.915    1.167
  10200.00 0.128     649.008       5.038    1420.000       0.000    0.0002    3.782  431.283    5.003  272.112    1.195
  10260.00 0.128     647.786      11.107    1380.000       0.000    0.0002    4.127  429.221    5.254  275.378    1.286
  10320.00 0.130     642.448       7.307    1420.000       0.000    0.0002    4.497  510.884    5.325  278.557    1.248
  10380.00 0.130     654.157       6.330    1460.000       0.000    0.0002    4.831  614.517    5.708  282.475    1.508
  10440.00 0.135     648.809       2.599    1500.000       0.000    0.0002    5.052  752.624    5.643  286.810    1.821
  10500.00 0.135     647.243       9.009    1380.000       0.000    0.0002    5.155  780.016    5.334  289.279    1.697
  10560.00 0.132     647.061       4.399    1420.000       0.000    0.0002    5.130  702.951    5.349  289.859    1.588
  10620.00 0.134     648.102      11.387    1460.000       0.000    0.0002    5.022  657.962    4.969  291.159    1.660
  10680.00 0.136     647.935       8.151    1380.000       0.000    0.0002    4.874  500.477    4.928  293.406    1.132
  10740.00 0.134     644.945      10.218    1460.000       0.000    0.0002    4.763  498.982    4.545  294.657    1.075
  10800.00 0.139     648.330      13.076    1420.000       0.000    0.0002    4.787  393.352    4.839  295.661    1.194
  10860.00 0.142     651.448       7.379    1460.000       0.000    0.0002    5.030  343.205    4.905  297.644    1.173
  10920.00 0.141     650.328       5.492    1420.000       0.000    0.0002    5.400  382.921    5.838  300.490    1.155
  10980.00 0.144     655.059       4.298    1540.000       0.000    0.0002    5.864  492.678    6.013  303.798    1.328
  11040.00 0.144     656.407       8.203    1380.000       0.000    0.0002    6.365  596.083    5.515  308.086    1.277
  11100.00 0.146     657.655       9.648    1380.000       0.000    0.0002    6.814  565.236    5.376  312.577    1.153
  11160.00 0.148     668.567       6.326    1460.000       0.000    0.0002    7.253  514.940    5.324  318.340    1.377
  11220.00 0.153     667.847       9.123    1460.000       0.000    0.0002    7.748  607.341    5.828  325.751    1.448
  11280.00 0.155     667.129       6.278    1380.000       0.000    0.0002    8.267  777.320    6.103  333.187    1.540
  11340.00 0.153     667.134      10.096    1420.000       0.000    0.0002    8.809  943.474    7.171  341.179    1.833
  11400.00 0.156     663.579       6.688    1500.000       0.000    0.0002    9.150 1074.132    7.561  347.302    1.981
  11460.00 0.159     671.077       1.969    1580.000       0.000    0.0002    9.369 1105.422    6.598  350.071    1.683
  11520.00 0.163     673.393       7.928    1540.000       0.000    0.0002    9.512 1086.099    8.131  353.535    2.018
  11580.00 0.162     675.060       5.783    1940.000       0.000    0.0002    9.246 1106.170    8.308  356.163    1.880
  11640.00 0.166     679.059       9.000    1940.000       0.000    0.0002    8.684 1106.074    7.246  359.145    2.129
  11700.00 0.165     674.341       4.889    1660.000       0.000    0.0002    8.129  991.896    6.335  360.182    1.732
  11760.00 0.159     678.187       5.161    1940.000       0.000    0.0002    7.804  643.928    6.067  358.700    1.450
  11820.00 0.154     674.557      14.905    1540.000       0.000    0.0002    7.812  714.366    7.378  359.792    1.491
  11880.00 0.154     684.293      13.386    1540.000       0.000    0.0002    8.019  893.025    6.909  362.933    1.603
  11940.00 0.156     680.908      11.049    1460.000       0.000    0.0002    8.233  997.475    7.233  364.196    1.901
  12000.00 0.149     681.997       5.401    1540.000       0.000    0.0002    8.142 1317.156    7.680  364.445    2.437
  12060.00 0.145     686.981       6.779    1940.000       0.000    0.0002    7.822 1534.662    6.791  364.288    2.198
  12120.00 0.138     683.958       2.544    1940.000       0.000    0.0002    7.302 1341.654    6.290  364.657    1.966
  12180.00 0.141     687.979       6.390    1940.000       0.000    0.0002    6.671 1068.693    5.833  363.903    1.929
  12240.00 0.134     684.088       6.095    1940.000       0.000    0.0002    6.121  868.865    5.227  360.737    1.773
  12300.00 0.131     685.502       5.576    1940.000       0.000    0.0002    5.783  684.241    5.797  355.217    1.237
  12360.00 0.132     682.509       9.779    1500.000       0.000    0.0002    5.598  531.741    5.747  349.598    1.363
  12420.00 0.135     682.310       7.292    1460.000       0.000    0.0002    5.619  625.489    6.889  345.637    1.283
  12480.00 0.134     688.707      12.168    1540.000       0.000    0.0002    5.807  802.129    6.528  343.672    1.347
  12540.00 0.139     682.707       6.151    1420.000       0.000    0.0002    6.316  922.099    5.656  343.193    1.256
  12600.00 0.142     687.057       5.026    1460.000       0.000    0.0002    6.840  944.500    5.991  344.148    1.573
  12660.00 0.143     685.959      10.582    1540.000       0.000    0.0002    6.998  914.276    5.656  346.559    1.631
  12720.00 0.146     691.600       3.867    1940.000       0.000    0.0002    6.922  800.887    5.576  350.149    1.537
  12780.00 0.144     689.848       7.750    1540.000       0.000    0.0002    6.651  724.952    5.261  353.288    1.477
  12840.00 0.144     695.789       9.610    1580.000       0.000    0.0002    6.293  691.133    6.448  355.062    1.696
  12900.00 0.141     697.439       5.294    1620.000       0.000    0.0002    5.999  790.748    8.014  356.665    1.914
  12960.00 0.138     687.774      10.989    1500.000       0.000    0.0002    5.890  985.676    7.345  357.096    2.108
  13020.00 0.131     675.911       4.535    1500.000       0.000    0.0002    5.905  855.089    6.335  354.736    1.732
  13080.00 0.126     664.565       4.217    1420.000       0.000    0.0002    5.947  770.764    7.619  353.341    1.809
  13140.00 0.125     667.123       8.141    1500.000       0.000    0.0002    5.824  718.825    5.242  353.177    1.645
  13200.00 0.124     667.008       7.244    1540.000       0.000    0.0002    5.572  696.095    5.497  353.069    1.520
  13260.00 0.134     670.473       3.382    1580.000       0.000    0.0002    5.250  568.064    4.918  353.205    1.334
  13320.00 0.132     664.436       8.355    1540.000       0.000    0.0002    5.143  623.699    5.865  353.424    1.413
  13380.00 0.132     670.185      10.185    1500.000       0.000    0.0002    5.187  750.889    6.749  353.394    1.666
  13440.00 0.134     665.319       8.707    1500.000       0.000    0.0002    5.329  844.955    6.677  353.089    2.047
  13500.00 0.140     668.741       7.413    1500.000       0.000    0.0002    5.241  855.084    6.096  351.756    1.743
  13560.00 0.144     668.095       2.245    1580.000       0.000    0.0002    4.986  831.138    6.858  349.698    1.680
  13620.00 0.141     664.083      10.104    1620.000       0.000    0.0002    4.732  727.044    6.080  347.739    1.683
  13680.00 0.139     666.690       4.437    1620.000       0.000    0.0002    4.572  534.063    4.400  346.730    1.119
  13740.00 0.144     666.227       5.719    1500.000       0.000    0.0002    4.514  482.693    5.032  347.772    1.086
  13800.00 0.143     661.772       8.859    1500.000       0.000    0.0002    4.545  504.143    5.230  348.245    1.297
  13860.00 0.145     669.899       4.108    1500.000       0.000    0.0002    4.692  449.939    5.938  345.814    1.199
  13920.00 0.148     674.876       5.190    1540.000       0.000    0.0002    4.883  534.943    5.863  345.390    1.315
  13980.00 0.145     670.743       3.480    1500.000       0.000    0.0002    5.146  626.894    6.285  347.830    1.433
  14040.00 0.141     662.837       7.716    1420.000       0.000    0.0002    5.481  690.065    6.914  350.368    1.670
  14100.00 0.144     671.506       5.618    1460.000       0.000    0.0002    5.859  756.255    6.084  353.181    1.780
  14160.00 0.145     676.605      12.773    1420.000       0.000    0.0002    6.225  660.177    7.301  357.112    1.604
  14220.00 0.145     676.824       8.108    1420.000       0.000    0.0002    6.615  781.730    7.697  362.578    1.633
  14280.00 0.146     673.689       8.347    1460.000       0.000    0.0002    6.979  908.430    7.969  368.337    1.818
  14340.00 0.145     686.105       4.587    1500.000       0.000    0.0002    7.095 1136.289    8.470  370.779    2.063
  14400.00 0.143     684.164       4.232    1940.000       0.000    0.0002    6.822 1073.482    6.784  369.145    1.829
  14460.00 0.140     681.082       8.586    1940.000       0.000    0.0002    6.394  851.949    6.620  370.277    1.489
  14520.00 0.139     684.211      13.018    1580.000       0.000    0.0002    6.128  640.775    5.726  374.178    1.270
  14580.00 0.137     673.950       7.829    1540.000       0.000    0.0002    5.949  614.890    5.653  373.850    1.172
  14640.00 0.137     670.481      13.155    1500.000       0.000    0.0002    5.934  630.737    6.438  371.957    1.414
  14700.00 0.137     670.643      10.750    1540.000       0.000    0.0002    6.082  535.937    6.231  373.308    1.518
  14760.00 0.139     673.239       4.577    1500.000       0.000    0.0002    6.335  600.618    5.737  375.199    1.231
  14820.00 0.135     668.969       6.546    1540.000       0.000    0.0002    6.592  540.892    6.134  377.915    1.330
  14880.00 0.138     679.894       5.593    1500.000       0.000    0.0002    6.752  542.009    6.992  381.948    1.471
  14940.00 0.142     688.268       6.484    1500.000       0.000    0.0002    6.913  615.489    5.549  383.967    1.329
  15000.00 0.146     693.032       5.561    1540.000       0.000    0.0002    7.137  575.666    5.507  386.317    1.487
  15060.00 0.146     700.201      15.712    1500.000       0.000    0.0002    7.515  679.289    6.790  394.412    1.829
  15120.00 0.146     688.447       7.379    1580.000       0.000    0.0002    8.158  771.408    7.962  405.503    1.883
  15180.00 0.149     683.541       4.164    1500.000       0.000    0.0002    9.036  941.337    7.613  414.903    2.237
  15240.00 0.148     680.165       8.562    1940.000       0.000    0.0002    9.866  915.878    7.339  420.302    2.231
  15300.00 0.149     690.458      14.706    1940.000       0.000    0.0002   10.279  948.389    7.082  424.730    2.366
  15360.00 0.154     703.370       7.377    1940.000       0.000    0.0002   10.158  772.402    6.882  433.623    1.789
  15420.00 0.155     711.150       4.976    1660.000       0.000    0.0002    9.766  619.742    7.609  443.807    1.663
  15480.00 0.160     716.829       6.494    1700.000       0.000    0.0002    9.478  753.992    8.746  442.131    1.771
  15540.00 0.161     708.801       8.710    1580.000       0.000    0.0002    9.310  821.950    7.163  434.358    1.781
  15600.00 0.161     694.191       7.716    1540.000       0.000    0.0002    8.966  698.517    7.629  433.632    1.770
  15660.00 0.161     696.727       5.333    1460.000       0.000    0.0002    8.416  795.330    6.243  434.698    1.828
  15720.00 0.159     699.877       6.064    1500.000       0.000    0.0002    7.684  689.566    6.116  430.555    1.447
  15780.00 0.165     713.116       5.608    1500.000       0.000    0.0002    6.961  627.535    6.357  425.289    1.388
  15840.00 0.166     713.803       5.286    1540.000       0.000    0.0002    6.300  610.758    5.625  421.598    1.220
  15900.00 0.160     716.916       7.145    1500.000       0.000    0.0002    5.602  421.921    5.099  415.449    1.155
  15960.00 0.160     707.829       6.177    1500.000       0.000    0.0002    4.943  327.539    5.050  408.586    1.185
  16020.00 0.148     702.446      10.843    1460.000       0.000    0.0002    4.480  349.246    5.306  403.096    1.213
  16080.00 0.143     695.487      10.632    1460.000       0.000    0.0002    4.195  363.096    4.919  398.798    1.134
  16140.00 0.141     687.012       6.701    1500.000       0.000    0.0002    4.002  383.128    5.146  395.762    1.187
  16200.00 0.145     688.013      13.872    1420.000       0.000    0.0002    3.887  405.434    4.826  392.562    1.197
  16260.00 0.141     681.736       6.215    1500.000       0.000    0.0002    3.783  390.486    4.571  388.719    1.183
  16320.00 0.142     684.207      14.862    1460.000       0.000    0.0002    3.638  341.344    4.639  385.662    1.126
  16380.00 0.133     696.183      12.183    1420.000       0.000    0.0002    3.539  280.387    4.590  384.069    1.105
  16440.00 0.133     691.602       2.726    1420.000       0.000    0.0002    3.547  347.180    5.063  383.335    1.215
  16500.00 0.133     695.956       4.154    1420.000       0.000    0.0002    3.642  399.862    5.430  382.630    1.272
  16560.00 0.134     700.219       3.248    1460.000       0.000    0.0002    3.849  419.434    5.675  381.650    1.215
  16620.00 0.136     700.000      13.525    1460.000       0.000    0.0002    4.072  408.166    5.567  381.931    1.323
  16680.00 0.137     700.856       9.376    1420.000       0.000    0.0002    4.292  404.344    5.760  384.577    1.389
  16740.00 0.129     682.457       7.486    1380.000       0.000    0.0002    4.482  487.176    5.668  386.933    1.376
  16800.00 0.131     681.338       2.528    1420.000       0.000    0.0002    4.674  478.979    6.627  387.262    1.488
  16860.00 0.137     687.140       6.110    1500.000       0.000    0.0002    4.845  536.559    6.094  387.513    1.612
  16920.00 0.138     692.637       9.487    1500.000       0.000    0.0002    5.022  554.830    6.359  389.336    1.773
  16980.00 0.137     687.331       5.730    1420.000       0.000    0.0002    5.125  532.062    6.590  391.228    1.579
  17040.00 0.139     691.424      11.318    1420.000       0.000    0.0002    5.140  568.617    6.598  392.278    1.582
  17100.00 0.143     691.164      11.199    1500.000       0.000    0.0002    5.333  662.434    7.620  395.565    1.716
  17160.00 0.146     689.060       9.262    1500.000       0.000    0.0002    5.619  868.158    8.849  401.165    1.930
  17220.00 0.145     686.824       7.664    1500.000       0.000    0.0002    5.889  941.747    9.236  404.660    1.915
  17280.00 0.146     671.839       9.833    1940.000       0.000    0.0002    6.052  852.682    6.538  406.302    2.208
  17340.00 0.150     674.528       8.990    1500.000       0.000    0.0002    6.185  692.804    6.715  409.631    1.587
  17400.00 0.150     668.664      10.065    1460.000       0.000    0.0002    6.363  683.624    6.738  414.310    1.756
  17460.00 0.155     667.937      15.150    1580.000       0.000    0.0002    6.386  744.804    6.702  413.150    1.822
  17520.00 0.151     680.743       7.851    1540.000       0.000    0.0002    6.193  681.973    6.163  411.077    1.548
  17580.00 0.150     673.312       7.078    1500.000       0.000    0.0002    5.958  679.557    5.677  412.805    1.404
  17640.00 0.154     677.841       8.921    1500.000       0.000    0.0002    5.952  624.688    5.953  414.068    1.700
  17700.00 0.154     681.049      12.337    1500.000       0.000    0.0002    6.087  641.126    6.024  412.904    1.722
  17760.00 0.157     694.401       6.407    1580.000       0.000    0.0002    6.190  650.109    7.248  413.225    1.463
  17820.00 0.157     687.227       5.950    1540.000       0.000    0.0002    6.293  759.301    6.911  416.377    1.486
  17880.00 0.156     691.236       8.607    1580.000       0.000    0.0002    6.360  821.201    6.726  418.029    2.019
  17940.00 0.153     697.376       4.736    1580.000       0.000    0.0002    6.296  801.760    5.971  415.492    1.791
  18000.00 0.157     694.161       6.273    1540.000       0.000    0.0002    6.030  593.335    5.733  412.248    1.575
  18060.00 0.151     697.871      11.226    1540.000       0.000    0.0002    5.597  503.994    5.389  410.044    1.258
  18120.00 0.150     702.020       6.873    1580.000       0.000    0.0002    5.237  482.713    4.777  407.286    1.179
  18180.00 0.154     700.886      11.994    1500.000       0.000    0.0002    4.959  378.040    4.324  404.071    1.069
  18240.00 0.156     705.696       6.948    1540.000       0.000    0.0002    4.765  295.709    4.866  401.139    1.220
  18300.00 0.151     699.935      12.387    1460.000       0.000    0.0002    4.713  302.180    5.114  399.180    1.159
  18360.00 0.153     701.720       6.783    1500.000       0.000    0.0002    4.759  338.963    5.503  398.881    1.204
  18420.00 0.151     700.454       9.206    1540.000       0.000    0.0002    4.996  429.222    5.773  401.072    1.297
  18480.00 0.147     705.232      10.497    1540.000       0.000    0.0002    5.261  537.001    6.639  404.021    1.304
  18540.00 0.146     695.503      10.604    1500.000       0.000    0.0002    5.580  567.887    6.221  407.307    1.458
  18600.00 0.147     679.700       6.256    1460.000       0.000    0.0002    5.956  617.936    6.944  411.226    1.709
  18660.00 0.144     684.298       5.144    1420.000       0.000    0.0002    6.119  719.603    6.887  413.297    1.931
  18720.00 0.148     690.774      15.914    1500.000       0.000    0.0002    6.073  731.234    6.435  412.073    1.672
  18780.00 0.148     688.251       5.512    1540.000       0.000    0.0002    5.833  708.859    6.157  410.581    1.609
  18840.00 0.148     694.276       6.941    1460.000       0.000    0.0002    5.459  546.269    6.047  410.957    1.436
  18900.00 0.148     696.184       6.349    1540.000       0.000    0.0002    5.076  556.696    5.673  411.826    1.198
  18960.00 0.148     695.116       5.248    1500.000       0.000    0.0002    4.874  536.704    4.516  411.436    1.166
  19020.00 0.146     692.843       7.893    1500.000       0.000    0.0002    4.967  541.949    5.532  410.370    1.260
  19080.00 0.145     692.917       7.218    1500.000       0.000    0.0002    5.232  543.359    5.995  411.506    1.359
  19140.00 0.149     694.754      11.443    1540.000       0.000    0.0002    5.532  674.965    6.084  413.958    1.715
  19200.00 0.151     699.481      12.415    1580.000       0.000    0.0002    5.976  660.781    5.760  416.487    1.572
  19260.00 0.154     697.591       9.128    1540.000       0.000    0.0002    6.542  647.809    5.404  421.170    1.521
  19320.00 0.154     690.886       6.013    1500.000       0.000    0.0002    7.108  512.369    6.293  427.457    1.415
  19380.00 0.153     693.694      10.732    1580.000       0.000    0.0002    7.583  479.091    6.070  432.625    1.404
  19440.00 0.162     702.887       6.376    1460.000       0.000    0.0002    7.884  519.680    5.616  436.296    1.213
  19500.00 0.164     702.746      10.776    1500.000       0.000    0.0002    8.134  545.497    5.760  439.908    1.431
  19560.00 0.167     713.547       5.810    1420.000       0.000    0.0002    8.384  580.139    5.987  444.051    1.326
  19620.00 0.170     721.032       6.132    1460.000       0.000    0.0002    8.563  642.346    5.914  448.898    1.392
  19680.00 0.171     726.000      12.086    1500.000       0.000    0.0002    8.743  671.253    6.184  455.342    1.629
  19740.00 0.168     729.345       5.095    1500.000       0.000    0.0002    8.992  677.175    7.349  463.132    1.663
  19800.00 0.167     733.469       6.064    1540.000       0.000    0.0002    9.333  899.868    7.379  470.361    2.013
  19860.00 0.165     732.059      10.904    1500.000       0.000    0.0002    9.604  996.840    8.846  473.536    2.255
  19920.00 0.166     723.422       9.676    1940.000       0.000    0.0002    9.547 1110.277    8.091  474.033    2.239
  19980.00 0.169     733.882       3.665    1940.000       0.000    0.0002    9.153  943.295    6.206  475.457    2.306
  20040.00 0.165     724.392      10.148    1940.000       0.000    0.0002    8.434  712.777    5.521  478.445    1.713
  20100.00 0.164     723.666       5.961    1580.000       0.000    0.0002    7.629  539.902    5.708  478.879    1.486
  20160.00 0.156     715.110       9.373    1620.000       0.000    0.0002    7.008  479.198    5.079  473.830    1.265
  20220.00 0.163     720.270       2.789    1460.000       0.000    0.0002    6.764  459.873    5.672  468.929    1.342
  20280.00 0.156     722.340      12.637    1540.000       0.000    0.0002    7.042  500.786    6.083  468.871    1.438
  20340.00 0.155     712.264       5.975    1540.000       0.000    0.0002    7.623  685.616    7.166  473.346    1.699
  20400.00 0.151     715.754      10.243    1540.000       0.000    0.0002    8.354  786.476    8.109  480.594    1.923
  20460.00 0.159     717.081       8.848    1540.000       0.000    0.0002    9.241  914.543    8.968  489.092    2.129
  20520.00 0.158     724.791      10.726    1580.000       0.000    0.0002    9.993 1198.366    8.894  494.794    2.149
  20580.00 0.159     731.692       5.969    1940.000       0.000    0.0002   10.494 1178.585    8.599  497.406    2.374
  20640.00 0.158     732.643      12.272    1940.000       0.000    0.0002   10.494 1067.671    7.132  498.357    2.446
  20700.00 0.164     751.667       4.256    1940.000       0.000    0.0002   10.217  790.536    7.958  502.861    2.040
  20760.00 0.167     758.534       8.622    1620.000       0.000    0.0002    9.749  793.873    7.728  507.317    1.636
  20820.00 0.160     758.110      11.463    1540.000       0.000    0.0002    9.164  894.426    7.343  504.764    2.317
  20880.00 0.154     748.431      14.200    1540.000       0.000    0.0002    8.794  829.465    6.614  494.683    2.024
  20940.00 0.155     744.283       5.197    1540.000       0.000    0.0002    8.616  828.791    6.691  489.695    1.659
  21000.00 0.152     742.508      11.093    1540.000       0.000    0.0002    8.514  591.732    6.551  491.994    1.455
  21060.00 0.153     743.904       8.800    1580.000       0.000    0.0002    8.416  569.388    7.021  493.331    1.468
  21120.00 0.155     751.069       8.899    1620.000       0.000    0.0002    8.464  657.383    7.130  490.112    1.499
  21180.00 0.157     754.574       4.248    1620.000       0.000    0.0002    8.675  753.998    7.323  489.831    1.815
  21240.00 0.158     766.810      10.200    1620.000       0.000    0.0002    8.936  806.118    7.820  491.712    1.957
  21300.00 0.160     768.318       5.933    1580.000       0.000    0.0002    8.990  667.753    6.875  489.328    1.431
  21360.00 0.164     766.190       5.089    1460.000       0.000    0.0002    9.082  657.654    7.215  487.160    1.743
  21420.00 0.157     776.511      11.745    1540.000       0.000    0.0002    8.943  686.976    7.145  486.590    1.632
  21480.00 0.159     777.604      12.320    1500.000       0.000    0.0002    8.662  826.352    7.465  485.627    1.626
  21540.00 0.155     765.110      10.315    1500.000       0.000    0.0002    8.196  795.684    6.983  482.588    1.653
  21600.00 0.161     758.816      10.926    1580.000       0.000    0.0002    7.663  901.563    7.107  480.230    1.654
  21660.00 0.153     747.006       8.217    1740.000       0.000    0.0002    7.297  878.730    7.023  479.468    1.976
  21720.00 0.154     747.861      10.555    1540.000       0.000    0.0002    6.917  791.137    7.207  477.885    1.655
  21780.00 0.145     731.059      11.261    1540.000       0.000    0.0002    6.593  687.566    7.056  472.839    1.846
  21840.00 0.152     730.274      12.947    1580.000       0.000    0.0002    6.167  603.379    6.394  465.460    1.733
  21900.00 0.155     729.748      10.252    1620.000       0.000    0.0002    5.593  502.007    5.915  462.222    1.256
  21960.00 0.152     728.526       7.949    1540.000       0.000    0.0002    5.070  491.029    5.675  459.568    1.306
  22020.00 0.158     730.665       6.368    1580.000       0.000    0.0002    4.587  402.417    4.800  452.462    1.218
  22080.00 0.159     713.681       3.834    1540.000       0.000    0.0002    4.252  290.074    4.028  446.124    1.046
  22140.00 0.151     709.484      11.484    1540.000       0.000    0.0002    4.122  258.862    4.334  443.258    1.119
  22200.00 0.150     714.569       8.813    1540.000       0.000    0.0002    4.178  323.433    5.350  440.992    1.311
  22260.00 0.148     702.904       7.261    1500.000       0.000    0.0002    4.380  355.189    5.231  439.550    1.205
  22320.00 0.140     717.461       6.017    1460.000       0.000    0.0002    4.740  389.193    5.406  440.993    1.334
  22380.00 0.141     711.123      12.332    1540.000       0.000    0.0002    5.286  450.365    5.921  444.766    1.439
  22440.00 0.142     717.969       3.683    1500.000       0.000    0.0002    5.913  574.464    6.272  449.585    1.619
  22500.00 0.141     718.718       5.338    1580.000       0.000    0.0002    6.448  662.588    7.684  454.692    1.703
  22560.00 0.146     734.600       6.700    1460.000       0.000    0.0002    6.633  642.614    7.148  458.602    1.950
  22620.00 0.148     742.303       6.053    1540.000       0.000    0.0002    6.515  698.136    6.806  461.366    1.758
  22680.00 0.148     737.105       8.092    1500.000       0.000    0.0002    6.244  733.738    7.464  462.222    2.102
  22740.00 0.145     740.202       5.666    1580.000       0.000    0.0002    5.793  706.456    7.210  459.276    1.713
  22800.00 0.140     725.201      11.309    1940.000       0.000    0.0002    5.297  728.064    7.490  454.442    1.763
  22860.00 0.135     716.000       8.577    1940.000       0.000    0.0002    4.751  826.592    8.239  451.535    2.029
  22920.00 0.136     708.530      12.401    1940.000       0.000    0.0002    4.154  906.914    6.611  449.220    1.865
  22980.00 0.135     715.090       9.964    1940.000       0.000    0.0002    3.551  815.820    4.670  444.575    1.791
  23040.00 0.129     700.909       6.326    1580.000       0.000    0.0002    3.002  575.390    4.392  439.741    1.258
  23100.00 0.119     701.557       4.385    1580.000       0.000    0.0002    2.529  392.778    3.732  434.832    1.064
  23160.00 0.124     702.986       8.016    1580.000       0.000    0.0002    2.195  167.170    3.584  428.032    1.003
  23220.00 0.123     703.904      14.064    1540.000       0.000    0.0002    2.029  165.830    3.509  422.798    0.960
  23280.00 0.124     699.291       9.055    1500.000       0.000    0.0002    1.921  139.132    3.334  420.616    0.896
  23340.00 0.123     701.750       7.356    1540.000       0.000    0.0002    1.871  184.728    3.327  418.341    0.985
  23400.00 0.116     702.025      13.291    1500.000       0.000    0.0002    1.872  268.642    4.585  415.410    1.194
  23460.00 0.111     707.912      18.681    1580.000       0.000    0.0002    1.960  337.878    5.245  413.487    1.210
  23520.00 0.115     698.213       2.553    1460.000       0.000    0.0002    2.103  374.223    5.387  413.131    1.236
  23580.00 0.113     691.879       8.985    1420.000       0.000    0.0002    2.307  418.332    5.851  413.632    1.283
  23640.00 0.116     691.429      12.311    1540.000       0.000    0.0002    2.559  385.503    5.715  413.155    1.391
  23700.00 0.113     687.819       3.283    1540.000       0.000    0.0002    2.806  376.809    5.520  412.757    1.236
  23760.00 0.113     684.483       8.448    1540.000       0.000    0.0002    3.079  361.791    5.167  415.286    1.203
  23820.00 0.114     678.323      11.871    1540.000       0.000    0.0002    3.391  391.941    5.732  418.701    1.239
  23880.00 0.124     690.157       9.488    1540.000       0.000    0.0002    3.750  410.886    5.110  420.208    1.243
  23940.00 0.129     706.376       1.252    1500.000       0.000    0.0002    4.065  427.177    5.619  421.505    1.244
  24000.00 0.133     712.647       5.588    1460.000       0.000    0.0002    4.348  481.708    5.466  425.149    1.295
  24060.00 0.137     702.714       3.607    1420.000       0.000    0.0002    4.601  499.913    5.670  429.438    1.509
  24120.00 0.136     701.864       2.151    1580.000       0.000    0.0002    4.762  492.451    6.386  432.512    1.474
  24180.00 0.142     708.055       5.404    1460.000       0.000    0.0002    4.934  651.252    7.372  436.912    1.609
  24240.00 0.138     701.834       7.831    1500.000       0.000    0.0002    5.179  767.991    7.342  442.615    1.709
  24300.00 0.134     698.318       5.814    1620.000       0.000    0.0002    5.537  761.215    7.998  446.043    1.822
  24360.00 0.137     695.801      11.281    1620.000       0.000    0.0002    5.735  770.551    6.746  446.037    1.926
  24420.00 0.146     702.278       9.213    1940.000       0.000    0.0002    5.680  688.074    6.005  447.260    1.532
  24480.00 0.146     708.414       6.244    1540.000       0.000    0.0002    5.656  523.046    6.393  452.280    1.362
  24540.00 0.140     712.308       3.392    1500.000       0.000    0.0002    5.629  446.736    6.597  456.692    1.432
  24600.00 0.140     710.314       7.840    1540.000       0.000    0.0002    5.828  496.156    6.493  458.985    1.478
  24660.00 0.149     705.452       9.458    1500.000       0.000    0.0002    6.266  542.463    7.245  460.989    1.792
  24720.00 0.146     709.149       4.107    1540.000       0.000    0.0002    6.752  680.632    7.110  464.495    1.707
  24780.00 0.154     719.841       4.738    1540.000       0.000    0.0002    7.444  577.398    6.976  470.764    1.718
  24840.00 0.160     727.298       5.282    1540.000       0.000    0.0002    8.206  709.532    6.755  479.264    1.614
  24900.00 0.170     725.784       6.417    1620.000       0.000    0.0002    8.899  809.265    8.240  490.332    1.678
  24960.00 0.172     725.320       8.250    1540.000       0.000    0.0002    9.485  873.965    7.068  502.254    1.697
  25020.00 0.174     734.655       6.132    1540.000       0.000    0.0002    9.857  708.448    7.861  510.439    1.784
  25080.00 0.175     738.271      11.799    1540.000       0.000    0.0002    9.903  585.227    6.814  516.560    1.697
  25140.00 0.174     750.868       7.787    1580.000       0.000    0.0002    9.737  634.498    6.409  521.301    1.753
  25200.00 0.175     748.703      11.241    1540.000       0.000    0.0002    9.578  605.059    6.576  521.824    1.568
  25260.00 0.181     755.935       6.003    1540.000       0.000    0.0002    9.507  636.094    7.001  520.941    1.701
  25320.00 0.171     758.031      10.300    1580.000       0.000    0.0002    9.524  578.340    5.779  523.393    1.439
  25380.00 0.168     740.464      11.739    1660.000       0.000    0.0002    9.727  583.040    6.336  532.156    1.780
  25440.00 0.170     749.226       9.628    1540.000       0.000    0.0002   10.208  703.218    7.325  542.584    1.850
  25500.00 0.161     743.945       7.860    1500.000       0.000    0.0002   10.993  776.258    7.068  548.728    1.568
  25560.00 0.156     742.003       8.263    1500.000       0.000    0.0002   12.104  962.328    7.964  555.937    1.741
  25620.00 0.161     743.631       4.085    1500.000       0.000    0.0002   13.275 1234.178    8.221  569.994    2.026
  25680.00 0.162     752.571      11.338    1940.000       0.000    0.0002   14.332 1371.505    8.792  588.082    2.514
  25740.00 0.168     757.351       7.656    1940.000       0.000    0.0002   14.998 1684.294   10.483  605.251    2.728
  25800.00 0.172     760.511       5.540    1940.000       0.000    0.0002   15.076 1832.488   11.065  615.346    3.355
  25860.00 0.172     764.249       6.771    1940.000       0.000    0.0002   14.606 1926.917   10.046  622.276    3.052
  25920.00 0.168     750.946       7.977    1940.000       0.000    0.0002   13.844 1679.059   10.247  628.540    2.378
  25980.00 0.166     757.471       4.353    1940.000       0.000    0.0002   13.003 1274.802    9.164  633.501    2.514
  26040.00 0.166     760.471       7.176    1940.000       0.000    0.0002   12.280 1215.640    8.687  632.850    2.186
  26100.00 0.162     752.932      11.850    1940.000       0.000    0.0002   11.963 1041.701    8.540  626.961    2.192
  26160.00 0.159     755.323       3.969    1940.000       0.000    0.0002   11.972  675.635    6.705  624.337    1.795
  26220.00 0.158     757.565      12.943    1660.000       0.000    0.0002   12.203  656.511    6.647  623.616    1.903
  26280.00 0.160     777.920       8.532    1540.000       0.000    0.0002   12.319  710.043    7.554  617.388    1.832
  26340.00 0.166     786.951      13.078    1580.000       0.000    0.0002   12.024  785.503    8.570  612.319    2.053
  26400.00 0.168     793.314       4.738    1940.000       0.000    0.0002   11.493  739.182    8.298  608.948    1.898
  26460.00 0.168     803.140      11.483    1940.000       0.000    0.0002   10.823  659.148    6.245  603.576    1.607
  26520.00 0.167     803.216      11.842    1580.000       0.000    0.0002   10.152  635.848    6.031  597.127    1.868
  26580.00 0.165     795.348       6.667    1620.000       0.000    0.0002    9.692  719.573    5.417  590.214    1.755
  26640.00 0.160     793.780       8.323    1620.000       0.000    0.0002    9.376  880.878    5.814  582.611    1.600
  26700.00 0.156     789.482      19.655    1580.000       0.000    0.0002    9.048 1041.115    6.043  578.802    1.744
  26760.00 0.155     790.237       5.466    1660.000       0.000    0.0002    8.962 1133.057    6.324  579.387    1.885
  26820.00 0.151     791.355       3.774    1540.000       0.000    0.0002    8.936 1155.753    7.675  581.398    2.288
  26880.00 0.149     784.860       9.228    1940.000       0.000    0.0002    8.854 1151.064    9.512  582.256    2.524
  26940.00 0.146     789.950       6.878    1940.000       0.000    0.0002    8.727 1040.636    8.049  580.633    2.487
  27000.00 0.147     804.040      14.536    1940.000       0.000    0.0002    8.280  931.729    8.543  580.353    2.117
  27060.00 0.146     800.733       7.267    1940.000       0.000    0.0002    7.883 1092.326    7.499  582.600    2.424
  27120.00 0.140     778.470      10.609    1940.000       0.000    0.0002    7.786 1064.238    7.272  576.532    2.042
  27180.00 0.129     773.700      12.903    1940.000       0.000    0.0002    7.626  868.658    7.176  566.569    2.122
  27240.00 0.128     770.857       4.229    1940.000       0.000    0.0002    7.364  701.302    6.444  566.061    1.655
  27300.00 0.125     766.118      10.078    1580.000       0.000    0.0002    7.083  481.077    7.189  568.231    1.483
  27360.00 0.125     744.600      12.437    1580.000       0.000    0.0002    6.957  544.933    6.728  565.641    1.702
  27420.00 0.119     745.738      14.180    1500.000       0.000    0.0002    7.063  611.993    7.027  562.809    1.958
  27480.00 0.127     739.923      12.601    1620.000       0.000    0.0002    7.247  630.937    6.980  562.112    1.654
  27540.00 0.124     756.522       9.130    1820.000       0.000    0.0002    7.208  721.476    7.453  560.604    1.677
  27600.00 0.123     765.976       9.801    1740.000       0.000    0.0002    6.967  696.857    7.499  555.548    1.610
  27660.00 0.129     768.258      11.136    1740.000       0.000    0.0002    6.551  586.010    6.427  551.864    1.581
  27720.00 0.128     762.290       7.290    1660.000       0.000    0.0002    6.154  554.970    5.816  552.773    1.420
  27780.00 0.129     764.348       6.767    1620.000       0.000    0.0002    5.973  556.468    6.953  552.930    1.730
  27840.00 0.130     763.490       9.156    1580.000       0.000    0.0002    6.054  848.118    7.302  552.772    1.738
  27900.00 0.123     760.319       8.167    1580.000       0.000    0.0002    6.458 1111.393    8.945  557.206    1.961
  27960.00 0.124     738.507       9.116    1940.000       0.000    0.0002    6.835 1385.410   10.536  562.265    2.461
  28020.00 0.128     736.654      16.540    1940.000       0.000    0.0002    7.072 1484.109    9.717  558.373    2.816
  28080.00 0.131     738.662       7.881    1940.000       0.000    0.0002    6.786 1374.625    8.261  549.907    2.354
  28140.00 0.126     733.488       5.388    1940.000       0.000    0.0002    6.061 1137.606    6.889  548.840    1.904
  28200.00 0.131     747.687       8.806    1940.000       0.000    0.0002    5.200  630.528    6.006  552.258    1.469
  28260.00 0.126     751.938       6.783    1580.000       0.000    0.0002    4.715  448.963    5.671  547.288    1.391
  28320.00 0.126     749.421       8.301    1620.000       0.000    0.0002    4.641  475.571    5.673  533.641    1.531
  28380.00 0.122     747.214       2.485    1540.000       0.000    0.0002    4.896  583.341    5.940  527.385    1.547
  28440.00 0.123     753.624       7.960    1580.000       0.000    0.0002    5.149  614.022    6.436  529.767    1.745
  28500.00 0.130     763.895      12.135    1620.000       0.000    0.0002    5.375  631.730    7.222  530.780    1.793
  28560.00 0.131     763.284      11.082    1540.000       0.000    0.0002    5.493  652.728    6.065  526.575    1.768
  28620.00 0.136     774.480       4.731    1620.000       0.000    0.0002    5.506  644.869    6.411  523.138    1.483
  28680.00 0.135     778.481       5.714    1620.000       0.000    0.0002    5.487  576.570    5.827  523.689    1.413
  28740.00 0.132     780.371       4.119    1660.000       0.000    0.0002    5.580  473.368    6.875  524.589    1.481
  28800.00 0.131     764.981       8.104    1620.000       0.000    0.0002    5.661  522.103    6.470  524.698    1.456
