#  time      cc     z_cbase    z_ctop_avg  z_ctop_max      zi         we   <<ql>>  <<ql>>_max   w_max   tke     ql_max
     60.00 0.000       0.000       0.000       0.000       0.000    0.0002    0.000    0.000    0.190  616.636    0.000
    120.00 0.000       0.000       0.000       0.000       0.000    0.0002    0.000    0.000    0.287  417.134    0.000
    180.00 0.000       0.000       0.000       0.000       0.000    0.0002    0.000    0.000    0.314  300.196    0.000
    240.00 0.000       0.000       0.000       0.000       0.000    0.0002    0.000    0.000    0.304  225.865    0.000
    300.00 0.000       0.000       0.000       0.000       0.000    0.0002    0.000    0.000    0.239  176.639    0.000
    360.00 0.000       0.000       0.000       0.000       0.000    0.0002    0.000    0.000    0.278  143.466    0.000
    420.00 0.000       0.000       0.000       0.000       0.000    0.0002    0.000    0.000    0.309  121.201    0.000
    480.00 0.000       0.000       0.000       0.000       0.000    0.0002    0.000    0.000    0.325  105.802    0.000
    540.00 0.000       0.000       0.000       0.000       0.000    0.0002    0.000    0.000    0.364   93.989    0.000
    600.00 0.000       0.000       0.000       0.000       0.000    0.0002    0.000    0.000    0.464   84.703    0.000
    660.00 0.000       0.000       0.000       0.000       0.000    0.0002    0.000    0.000    0.569   78.128    0.000
    720.00 0.000       0.000       0.000       0.000       0.000    0.0002    0.000    0.000    0.627   73.812    0.000
    780.00 0.000       0.000       0.000       0.000       0.000    0.0002    0.000    0.000    0.636   71.015    0.000
    840.00 0.000       0.000       0.000       0.000       0.000    0.0002    0.000    0.000    0.654   69.247    0.000
    900.00 0.000       0.000       0.000       0.000       0.000    0.0002    0.000    0.000    0.767   68.057    0.000
    960.00 0.000       0.000       0.000       0.000       0.000    0.0002    0.000    0.000    0.812   67.464    0.000
   1020.00 0.000       0.000       0.000       0.000       0.000    0.0002    0.000    0.000    0.782   67.937    0.000
   1080.00 0.000       0.000       0.000       0.000       0.000    0.0002    0.000    0.000    0.747   69.489    0.000
   1140.00 0.000       0.000       0.000       0.000       0.000    0.0002    0.000    0.000    0.884   71.764    0.000
   1200.00 0.000     580.000       0.000     580.000       0.000    0.0002    0.001    1.431    0.994   74.728    0.032
   1260.00 0.001     564.000       0.000     580.000       0.000    0.0002    0.002    3.946    1.072   78.528    0.089
   1320.00 0.004     566.667      36.000     580.000       0.000    0.0002    0.008    7.420    1.091   83.292    0.099
   1380.00 0.010     565.641       0.000     580.000       0.000    0.0002    0.022   10.211    1.250   89.219    0.141
   1440.00 0.015     565.397       0.000     660.000       0.000    0.0002    0.054   15.020    1.364   96.364    0.206
   1500.00 0.027     566.909      10.909     660.000       0.000    0.0002    0.113   22.726    1.531  104.617    0.260
   1560.00 0.042     566.667      10.230     660.000       0.000    0.0002    0.212   38.933    1.906  113.957    0.399
   1620.00 0.057     566.609       7.296     660.000       0.000    0.0002    0.380   64.801    2.046  124.399    0.530
   1680.00 0.074     567.105       9.803     700.000       0.000    0.0002    0.621   88.240    2.552  135.860    0.648
   1740.00 0.092     567.947      10.293     700.000       0.000    0.0002    0.964  118.531    3.018  148.254    0.770
   1800.00 0.108     568.352       6.637     740.000       0.000    0.0002    1.410  147.693    3.026  161.408    0.812
   1860.00 0.121     569.215       3.823     780.000       0.000    0.0002    1.977  169.569    3.517  174.988    0.890
   1920.00 0.136     571.914      11.986     820.000       0.000    0.0002    2.630  217.048    3.458  188.748    0.893
   1980.00 0.149     573.377       3.869     860.000       0.000    0.0002    3.366  237.673    3.780  202.478    0.980
   2040.00 0.162     577.946       6.858     900.000       0.000    0.0002    4.152  281.566    4.139  215.795    1.130
   2100.00 0.170     581.036       8.317    1300.000       0.000    0.0002    4.922  317.531    4.206  228.154    1.057
   2160.00 0.177     587.856       7.441    1300.000       0.000    0.0002    5.664  357.838    4.171  239.329    1.282
   2220.00 0.184     590.649       4.106    1380.000       0.000    0.0002    6.231  417.456    4.680  248.591    1.257
   2280.00 0.188     600.570       8.394    1340.000       0.000    0.0002    6.645  454.704    4.449  255.393    1.316
   2340.00 0.193     604.203      11.544    1380.000       0.000    0.0002    6.826  510.884    4.670  259.920    1.298
   2400.00 0.194     608.392       5.603    1380.000       0.000    0.0002    6.905  505.173    4.931  262.488    1.504
   2460.00 0.188     611.813      10.777    1300.000       0.000    0.0002    6.914  531.848    5.099  263.137    1.709
   2520.00 0.185     616.834       7.995    1420.000       0.000    0.0002    6.736  501.149    4.966  261.307    1.361
   2580.00 0.181     615.526       7.278    1420.000       0.000    0.0002    6.420  415.483    4.660  257.458    1.175
   2640.00 0.183     620.852       5.246    1460.000       0.000    0.0002    6.052  398.557    4.204  252.924    1.251
   2700.00 0.178     620.877       3.452    1500.000       0.000    0.0002    5.668  398.991    4.624  247.589    1.106
   2760.00 0.169     625.591      10.778    1380.000       0.000    0.0002    5.327  480.494    4.188  241.362    1.083
   2820.00 0.164     625.373       3.134    1420.000       0.000    0.0002    5.026  533.482    4.822  234.997    1.232
   2880.00 0.157     627.465       7.434    1340.000       0.000    0.0002    4.774  583.585    4.996  229.259    1.287
   2940.00 0.150     634.528       9.707    1300.000       0.000    0.0002    4.578  646.264    4.370  223.764    1.321
   3000.00 0.142     636.138       6.483    1380.000       0.000    0.0002    4.385  577.801    4.622  218.194    1.257
   3060.00 0.137     640.959      10.337    1340.000       0.000    0.0002    4.095  568.762    4.716  213.322    1.416
   3120.00 0.135     648.036       0.973    1380.000       0.000    0.0002    3.770  477.591    4.361  208.372    1.382
   3180.00 0.128     642.519       8.740    1460.000       0.000    0.0002    3.325  473.040    4.291  203.644    1.063
   3240.00 0.124     647.668       7.826    1300.000       0.000    0.0002    3.013  538.747    4.501  200.127    1.089
   3300.00 0.120     640.569       5.285    1300.000       0.000    0.0002    2.801  550.003    4.594  195.844    1.131
   3360.00 0.119     642.459       6.598    1380.000       0.000    0.0002    2.663  472.445    4.417  191.385    1.046
   3420.00 0.115     638.684      11.210    1340.000       0.000    0.0002    2.580  476.485    4.264  188.147    1.120
   3480.00 0.119     643.951       8.724    1340.000       0.000    0.0002    2.501  469.784    4.224  185.703    1.098
   3540.00 0.118     635.620       2.562    1340.000       0.000    0.0002    2.399  403.843    4.020  183.303    1.097
   3600.00 0.117     629.958       6.192    1300.000       0.000    0.0002    2.252  357.244    4.148  181.024    1.027
   3660.00 0.119     631.253       7.269    1380.000       0.000    0.0002    2.111  305.313    3.639  179.281    1.145
   3720.00 0.115     627.404       4.213    1500.000       0.000    0.0002    2.023  345.386    3.826  178.156    1.211
   3780.00 0.111     621.413       8.035    1300.000       0.000    0.0002    1.928  297.301    3.478  177.798    1.131
   3840.00 0.104     618.782       7.541    1380.000       0.000    0.0002    1.856  223.175    3.210  177.503    0.791
   3900.00 0.105     619.814       5.688    1420.000       0.000    0.0002    1.842  252.813    3.281  177.047    0.878
   3960.00 0.104     619.625      11.007    1380.000       0.000    0.0002    1.877  243.268    3.943  176.569    0.940
   4020.00 0.104     612.770       3.005    1300.000       0.000    0.0002    1.991  224.492    3.939  176.147    0.902
   4080.00 0.103     612.000       6.095    1340.000       0.000    0.0002    2.106  208.210    3.482  176.041    0.813
   4140.00 0.107     617.712       6.316    1380.000       0.000    0.0002    2.226  232.046    3.037  176.608    0.810
   4200.00 0.107     610.320       3.105    1380.000       0.000    0.0002    2.332  235.501    2.719  177.854    0.783
   4260.00 0.105     610.956       6.247    1420.000       0.000    0.0002    2.427  221.860    3.354  179.298    0.969
   4320.00 0.112     615.449       8.490    1300.000       0.000    0.0002    2.516  280.401    4.162  180.525    1.157
   4380.00 0.114     617.516      12.377    1300.000       0.000    0.0002    2.600  354.377    4.682  181.540    1.137
   4440.00 0.119     615.174       7.198    1300.000       0.000    0.0002    2.668  393.262    4.273  182.594    0.988
   4500.00 0.119     617.541       8.934    1300.000       0.000    0.0002    2.771  400.728    3.336  183.956    0.907
   4560.00 0.123     620.158      10.970    1300.000       0.000    0.0002    2.837  375.784    3.392  185.524    0.872
   4620.00 0.120     619.106      11.626    1380.000       0.000    0.0002    2.851  305.302    3.259  186.976    0.896
   4680.00 0.123     620.557       6.879    1300.000       0.000    0.0002    2.833  221.119    3.759  188.419    0.941
   4740.00 0.120     623.008       6.463    1300.000       0.000    0.0002    2.850  271.101    3.848  189.995    1.064
   4800.00 0.121     624.121       8.566    1300.000       0.000    0.0002    2.877  289.266    3.948  191.278    0.962
   4860.00 0.118     617.031       6.474    1300.000       0.000    0.0002    2.897  331.542    4.077  192.135    0.973
   4920.00 0.120     623.755       7.755    1500.000       0.000    0.0002    2.950  365.813    5.002  193.266    1.195
   4980.00 0.117     616.175       7.110    1300.000       0.000    0.0002    3.049  397.492    5.186  195.128    1.170
   5040.00 0.118     614.969       2.722    1340.000       0.000    0.0002    3.208  454.179    5.494  197.344    1.409
   5100.00 0.121     620.242       5.010    1380.000       0.000    0.0002    3.364  536.672    5.777  199.241    1.199
   5160.00 0.121     620.485       3.919    1420.000       0.000    0.0002    3.418  618.191    4.755  200.845    1.142
   5220.00 0.123     624.356       6.218    1460.000       0.000    0.0002    3.421  619.851    4.154  202.529    1.229
   5280.00 0.127     628.401      14.027    1420.000       0.000    0.0002    3.436  480.949    4.456  204.659    1.241
   5340.00 0.134     626.654       6.399    1460.000       0.000    0.0002    3.497  427.171    4.980  207.845    1.474
   5400.00 0.134     622.998       3.766    1460.000       0.000    0.0002    3.684  510.789    4.835  211.012    1.290
   5460.00 0.134     623.504       3.394    1460.000       0.000    0.0002    3.888  536.412    4.784  213.345    1.324
   5520.00 0.138     623.688      10.957    1380.000       0.000    0.0002    4.159  508.453    5.136  215.837    1.439
   5580.00 0.138     616.537       7.491    1340.000       0.000    0.0002    4.401  569.797    5.479  218.130    1.436
   5640.00 0.137     620.929       7.357    1540.000       0.000    0.0002    4.523  574.579    4.718  219.967    1.343
   5700.00 0.139     617.758       7.741    1460.000       0.000    0.0002    4.551  586.690    4.505  222.234    1.356
   5760.00 0.141     624.214       7.807    1500.000       0.000    0.0002    4.543  506.417    4.142  224.423    1.319
   5820.00 0.147     631.163       7.774    1500.000       0.000    0.0002    4.577  409.787    4.441  226.007    1.154
   5880.00 0.145     639.831       5.363    1420.000       0.000    0.0002    4.699  500.932    4.524  228.236    1.047
   5940.00 0.143     633.174       8.464    1500.000       0.000    0.0002    4.985  583.662    3.911  230.868    1.029
   6000.00 0.146     629.380       6.700    1380.000       0.000    0.0002    5.285  605.049    4.955  233.295    1.084
   6060.00 0.144     634.169       8.678    1460.000       0.000    0.0002    5.556  587.951    5.147  236.636    1.108
   6120.00 0.142     636.207       6.414    1420.000       0.000    0.0002    5.855  594.832    5.161  240.557    1.267
   6180.00 0.143     634.923      15.980    1460.000       0.000    0.0002    6.074  682.972    4.556  243.720    1.163
   6240.00 0.145     639.429      10.891    1500.000       0.000    0.0002    6.266  680.015    4.289  246.314    1.219
   6300.00 0.145     634.613       6.330    1460.000       0.000    0.0002    6.354  652.617    4.486  248.703    1.257
   6360.00 0.148     646.667       9.340    1380.000       0.000    0.0002    6.418  595.016    5.035  251.225    1.297
   6420.00 0.147     646.047      10.631    1460.000       0.000    0.0002    6.442  604.208    5.655  253.518    1.593
   6480.00 0.147     640.728       4.669    1380.000       0.000    0.0002    6.479  608.005    4.845  255.310    1.544
   6540.00 0.144     639.560       8.325    1500.000       0.000    0.0002    6.521  573.430    4.667  256.835    1.298
   6600.00 0.145     640.506       7.420    1460.000       0.000    0.0002    6.600  563.928    5.800  258.595    1.590
   6660.00 0.147     640.166       5.092    1420.000       0.000    0.0002    6.684  607.428    5.902  260.534    1.480
   6720.00 0.146     635.492       6.945    1380.000       0.000    0.0002    6.862  697.776    4.779  262.522    1.276
   6780.00 0.143     631.058       8.976    1540.000       0.000    0.0002    7.149  794.074    5.231  265.243    1.388
   6840.00 0.141     626.389       6.840    1460.000       0.000    0.0002    7.463  827.247    5.603  268.428    1.651
   6900.00 0.141     635.613       8.670    1500.000       0.000    0.0002    7.677  842.176    5.418  270.607    1.785
   6960.00 0.143     640.341       9.386    1500.000       0.000    0.0002    7.824  737.342    4.788  272.495    1.289
   7020.00 0.140     644.223       5.410    1620.000       0.000    0.0002    7.847  751.856    4.846  275.272    1.378
   7080.00 0.138     649.753       8.445    1460.000       0.000    0.0002    7.757  658.931    5.614  276.342    1.762
   7140.00 0.140     656.440       7.609    1500.000       0.000    0.0002    7.604  640.477    5.669  275.719    1.410
   7200.00 0.130     651.011       8.240    1580.000       0.000    0.0002    7.466  601.091    6.837  277.455    1.451
   7260.00 0.131     659.851       6.455    1540.000       0.000    0.0002    7.549  630.886    5.835  280.515    1.426
   7320.00 0.131     666.331       7.970    1500.000       0.000    0.0002    7.744  683.670    5.756  281.847    1.414
   7380.00 0.130     662.030       2.857    1540.000       0.000    0.0002    7.936  840.989    6.347  283.132    1.587
   7440.00 0.130     673.158       8.571    1500.000       0.000    0.0002    8.018  964.801    7.224  285.497    1.850
   7500.00 0.128     679.733      11.543    1540.000       0.000    0.0002    7.951  980.241    6.160  286.231    1.814
   7560.00 0.125     671.686       9.137    1940.000       0.000    0.0002    7.818  806.427    4.992  285.738    1.533
   7620.00 0.122     678.922       3.713    1460.000       0.000    0.0002    7.626  778.710    5.291  286.435    1.618
   7680.00 0.125     679.805       4.094    1580.000       0.000    0.0002    7.358  702.982    5.529  287.040    1.476
   7740.00 0.121     664.990       7.042    1540.000       0.000    0.0002    7.190  772.546    5.043  286.375    1.389
   7800.00 0.124     669.273       5.972    1420.000       0.000    0.0002    6.977  895.560    6.413  286.216    1.639
   7860.00 0.125     670.275       3.647    1500.000       0.000    0.0002    6.754  911.468    6.613  287.027    1.672
   7920.00 0.125     662.724       8.482    1580.000       0.000    0.0002    6.426  880.321    5.360  287.085    1.680
   7980.00 0.126     667.413      10.734    1540.000       0.000    0.0002    5.896  798.289    5.289  285.084    1.605
   8040.00 0.129     672.302       1.245    1460.000       0.000    0.0002    5.206  635.150    5.004  281.805    1.407
   8100.00 0.131     673.259      10.503    1500.000       0.000    0.0002    4.309  612.932    4.542  277.480    1.233
   8160.00 0.130     668.195       8.158    1540.000       0.000    0.0002    3.546  589.058    4.445  272.544    1.133
   8220.00 0.125     657.349       2.183    1460.000       0.000    0.0002    3.116  538.401    4.511  267.669    0.928
   8280.00 0.124     652.126       8.780    1420.000       0.000    0.0002    2.857  500.634    4.362  264.190    0.903
   8340.00 0.126     639.184       8.777    1380.000       0.000    0.0002    2.787  509.822    3.853  262.685    1.068
   8400.00 0.129     637.652       5.985    1460.000       0.000    0.0002    2.851  504.642    4.049  261.902    1.117
   8460.00 0.126     630.445      10.561    1340.000       0.000    0.0002    2.998  488.358    4.075  260.551    0.972
   8520.00 0.131     630.503       7.486    1460.000       0.000    0.0002    3.215  493.167    3.956  260.246    0.892
   8580.00 0.134     637.404       9.104    1460.000       0.000    0.0002    3.518  523.219    4.258  262.279    0.982
   8640.00 0.132     631.439      11.181    1340.000       0.000    0.0002    3.829  511.744    4.711  264.845    0.992
   8700.00 0.135     630.290      12.210    1420.000       0.000    0.0002    4.133  517.653    4.880  266.712    1.046
   8760.00 0.140     636.713       7.797    1460.000       0.000    0.0002    4.391  545.783    4.467  268.345    1.134
   8820.00 0.147     645.025       9.318    1460.000       0.000    0.0002    4.546  550.804    4.389  270.244    1.170
   8880.00 0.148     650.693      12.112    1420.000       0.000    0.0002    4.643  477.992    4.533  272.605    1.071
   8940.00 0.145     652.108       3.137    1340.000       0.000    0.0002    4.681  365.270    4.572  275.112    1.056
   9000.00 0.144     659.662       8.731    1460.000       0.000    0.0002    4.733  385.159    4.943  277.505    1.201
   9060.00 0.139     650.105      11.368    1420.000       0.000    0.0002    4.846  417.416    4.968  279.807    1.160
   9120.00 0.135     653.357       6.931    1460.000       0.000    0.0002    5.072  444.116    5.597  282.206    1.357
   9180.00 0.138     644.823       4.184    1340.000       0.000    0.0002    5.371  572.648    6.238  284.668    1.396
   9240.00 0.140     643.176       4.398    1420.000       0.000    0.0002    5.672  640.588    5.586  287.613    1.303
   9300.00 0.144     643.197       6.599    1380.000       0.000    0.0002    5.907  643.587    5.897  291.148    1.522
   9360.00 0.144     647.823       6.667    1460.000       0.000    0.0002    6.062  679.764    6.661  293.809    1.869
   9420.00 0.139     652.056       7.838    1460.000       0.000    0.0002    6.162  729.570    6.951  295.581    1.485
   9480.00 0.144     652.245      11.224    1460.000       0.000    0.0002    6.014  649.882    5.806  296.597    1.372
   9540.00 0.151     656.317       5.977    1540.000       0.000    0.0002    5.728  653.547    5.777  296.222    1.539
   9600.00 0.149     660.393       4.328    1540.000       0.000    0.0002    5.394  666.669    5.288  295.109    1.272
   9660.00 0.146     670.818       5.242    1540.000       0.000    0.0002    5.069  603.820    5.391  294.051    1.499
   9720.00 0.148     666.535       7.261    1460.000       0.000    0.0002    4.766  488.901    5.050  293.327    1.245
   9780.00 0.138     653.298       8.430    1500.000       0.000    0.0002    4.495  529.707    4.834  291.984    1.213
   9840.00 0.137     656.370       6.904    1420.000       0.000    0.0002    4.340  638.972    4.736  290.278    1.263
   9900.00 0.132     653.111       8.519    1460.000       0.000    0.0002    4.289  754.168    5.346  290.047    1.527
   9960.00 0.132     646.519       4.222    1380.000       0.000    0.0002    4.358  756.234    4.557  290.657    1.248
  10020.00 0.135     648.820       5.118    1460.000       0.000    0.0002    4.545  734.583    5.172  292.202    1.266
  10080.00 0.135     644.900       6.679    1380.000       0.000    0.0002    4.878  762.343    5.700  294.960    1.285
  10140.00 0.135     652.886       3.739    1340.000       0.000    0.0002    5.345  812.037    5.562  298.603    1.455
  10200.00 0.135     661.957       6.630    1380.000       0.000    0.0002    5.850  861.019    5.991  303.115    1.421
  10260.00 0.134     655.182       3.613    1580.000       0.000    0.0002    6.199  833.466    5.742  306.965    1.572
  10320.00 0.136     662.007       6.057    1580.000       0.000    0.0002    6.336  797.614    5.945  309.870    1.763
  10380.00 0.133     666.239       8.183    1460.000       0.000    0.0002    6.338  830.466    6.012  312.228    1.808
  10440.00 0.131     665.672       6.978    1540.000       0.000    0.0002    6.145  903.943    6.347  313.829    1.722
  10500.00 0.133     655.018       9.158    1580.000       0.000    0.0002    5.939  957.963    6.176  314.704    2.112
  10560.00 0.134     662.998      14.186    1940.000       0.000    0.0002    5.805  874.008    5.219  315.306    1.542
  10620.00 0.134     660.800       5.382    1580.000       0.000    0.0002    5.945  596.023    5.870  318.857    1.328
  10680.00 0.137     654.857       6.714    1500.000       0.000    0.0002    6.320  889.706    6.907  323.125    1.648
  10740.00 0.139     650.053       7.391    1500.000       0.000    0.0002    6.779 1242.299    7.483  325.869    2.019
  10800.00 0.140     650.678       5.600    1460.000       0.000    0.0002    7.231 1318.940    7.504  328.360    2.208
  10860.00 0.140     649.774       8.104    1940.000       0.000    0.0002    7.416 1208.814    6.986  330.356    1.930
  10920.00 0.146     654.448       3.110    1540.000       0.000    0.0002    7.315  998.730    6.278  332.998    1.689
  10980.00 0.151     661.553      10.647    1540.000       0.000    0.0002    7.266  900.573    6.692  335.961    1.536
  11040.00 0.147     662.653       5.672    1500.000       0.000    0.0002    7.203  868.390    7.421  338.085    1.512
  11100.00 0.147     670.481       9.320    1540.000       0.000    0.0002    7.212  845.251    5.827  338.851    1.468
  11160.00 0.148     673.333       4.158    1500.000       0.000    0.0002    7.352  976.211    6.071  338.146    1.425
  11220.00 0.142     677.907       5.626    1540.000       0.000    0.0002    7.482 1058.700    7.133  337.233    1.580
  11280.00 0.142     678.589       5.301    1740.000       0.000    0.0002    7.519  945.437    6.195  336.867    1.855
  11340.00 0.140     669.756       0.000    1940.000       0.000    0.0002    7.605  840.055    5.205  337.761    1.552
  11400.00 0.140     665.774       8.661    1500.000       0.000    0.0002    7.819  761.604    5.897  340.782    1.533
  11460.00 0.146     669.045       6.365    1460.000       0.000    0.0002    8.076  718.564    5.433  343.856    1.540
  11520.00 0.152     680.803       5.136    1580.000       0.000    0.0002    8.343  673.819    6.476  347.429    1.528
  11580.00 0.146     675.920       5.117    1580.000       0.000    0.0002    8.679  700.410    6.856  351.979    1.571
  11640.00 0.145     678.212       6.779    1500.000       0.000    0.0002    9.045  773.902    6.345  355.517    1.646
  11700.00 0.142     681.443       7.938    1420.000       0.000    0.0002    9.432  805.366    7.129  359.942    1.948
  11760.00 0.143     696.860       6.894    1580.000       0.000    0.0002    9.771  878.255    8.543  364.340    1.809
  11820.00 0.142     700.892       5.557    1540.000       0.000    0.0002    9.998 1176.175    7.727  369.407    2.061
  11880.00 0.140     708.362       9.512    1500.000       0.000    0.0002   10.265 1122.310    7.378  375.020    1.929
  11940.00 0.138     710.832      12.850    1940.000       0.000    0.0002   10.479 1167.942    8.993  379.907    2.111
  12000.00 0.141     720.243       5.754    1580.000       0.000    0.0002   10.401 1324.175    8.178  382.411    2.201
  12060.00 0.136     714.101       3.417    1940.000       0.000    0.0002    9.936 1196.901    6.727  383.798    2.081
  12120.00 0.133     721.172       6.740    1940.000       0.000    0.0002    9.284  977.247    5.922  386.937    1.789
  12180.00 0.136     719.463       4.329    1620.000       0.000    0.0002    8.613  753.663    6.724  388.361    1.653
  12240.00 0.136     710.288      12.914    1580.000       0.000    0.0002    7.960  797.929    6.980  383.191    1.630
  12300.00 0.134     703.060      13.406    1460.000       0.000    0.0002    7.221  882.029    6.079  373.162    1.744
  12360.00 0.132     721.993       8.339    1580.000       0.000    0.0002    6.291  740.272    5.946  362.344    1.608
  12420.00 0.132     718.627      11.132    1540.000       0.000    0.0002    5.302  598.735    6.051  356.512    1.791
  12480.00 0.125     722.779      10.763    1460.000       0.000    0.0002    4.374  507.840    4.414  351.631    1.339
  12540.00 0.119     713.306       8.214    1460.000       0.000    0.0002    3.607  370.265    4.242  341.727    0.948
  12600.00 0.116     703.376       7.975    1460.000       0.000    0.0002    3.127  358.464    4.471  333.017    0.910
  12660.00 0.115     689.168       5.203    1500.000       0.000    0.0002    2.857  323.875    4.133  328.202    1.015
  12720.00 0.118     684.660      13.320    1500.000       0.000    0.0002    2.787  339.616    4.836  324.179    1.118
  12780.00 0.115     680.212       6.200    1540.000       0.000    0.0002    2.839  380.348    5.208  321.238    1.100
  12840.00 0.116     674.937       2.785    1500.000       0.000    0.0002    2.957  512.727    5.795  320.713    1.340
  12900.00 0.116     670.549       5.063    1420.000       0.000    0.0002    3.141  539.905    5.394  320.751    1.298
  12960.00 0.115     664.746      11.568    1500.000       0.000    0.0002    3.396  543.367    5.396  320.820    1.217
  13020.00 0.118     662.474       9.031    1500.000       0.000    0.0002    3.631  601.917    5.394  323.468    1.409
  13080.00 0.119     656.483       5.726    1460.000       0.000    0.0002    3.900  649.998    6.398  327.959    1.629
  13140.00 0.121     656.298      10.744    1460.000       0.000    0.0002    4.181  611.385    5.597  331.208    1.762
  13200.00 0.118     667.835       5.402    1500.000       0.000    0.0002    4.400  505.449    5.524  332.977    1.523
  13260.00 0.123     671.213       9.026    1540.000       0.000    0.0002    4.502  559.730    5.482  334.546    1.344
  13320.00 0.128     664.648       9.448    1500.000       0.000    0.0002    4.508  652.901    5.966  336.935    1.556
  13380.00 0.125     670.881      11.389    1580.000       0.000    0.0002    4.488  667.997    6.032  338.886    1.398
  13440.00 0.127     682.375      11.188    1540.000       0.000    0.0002    4.490  618.806    5.897  340.252    1.523
  13500.00 0.130     665.178       3.752    1500.000       0.000    0.0002    4.502  599.946    6.546  341.896    1.579
  13560.00 0.130     654.953      12.618    1500.000       0.000    0.0002    4.491  766.285    6.448  343.191    1.535
  13620.00 0.131     658.662       3.978    1460.000       0.000    0.0002    4.568  965.966    7.377  343.352    1.834
  13680.00 0.131     656.710       4.897    1500.000       0.000    0.0002    4.592 1008.536    6.161  341.911    1.741
  13740.00 0.130     659.023       5.827    1940.000       0.000    0.0002    4.471  846.965    6.201  342.435    1.434
  13800.00 0.129     665.217       5.595    1460.000       0.000    0.0002    4.350  885.173    5.288  344.699    1.447
  13860.00 0.129     659.696       5.844    1460.000       0.000    0.0002    4.193  736.608    5.706  344.765    1.307
  13920.00 0.132     661.848       5.028    1500.000       0.000    0.0002    4.102  522.400    6.057  344.356    1.261
  13980.00 0.132     657.196       5.756    1460.000       0.000    0.0002    4.141  426.281    6.035  344.322    1.253
  14040.00 0.136     655.683       4.676    1380.000       0.000    0.0002    4.169  449.578    5.696  344.253    1.271
  14100.00 0.131     655.903       5.363    1420.000       0.000    0.0002    4.197  403.057    5.115  344.330    1.195
  14160.00 0.133     663.897       5.478    1460.000       0.000    0.0002    4.339  363.000    4.543  345.320    1.252
  14220.00 0.135     662.749       6.112    1540.000       0.000    0.0002    4.628  354.934    4.572  347.442    1.275
  14280.00 0.128     663.276       4.686    1540.000       0.000    0.0002    5.066  436.919    5.220  350.739    1.258
  14340.00 0.132     667.644       4.378    1500.000       0.000    0.0002    5.563  598.810    5.747  355.887    1.404
  14400.00 0.134     681.898       6.168    1580.000       0.000    0.0002    6.070  735.341    6.164  361.405    1.648
  14460.00 0.135     686.137      12.058    1500.000       0.000    0.0002    6.510  785.351    6.503  366.342    1.677
  14520.00 0.135     687.659       4.791    1540.000       0.000    0.0002    6.609  813.594    5.870  369.109    1.887
  14580.00 0.133     686.912      14.816    1540.000       0.000    0.0002    6.327  830.956    5.702  368.257    1.838
  14640.00 0.137     681.139      10.249    1620.000       0.000    0.0002    5.716  763.982    6.197  366.038    1.800
  14700.00 0.139     681.338      15.810    1580.000       0.000    0.0002    5.046  650.528    5.201  363.410    1.745
  14760.00 0.136     667.025       3.297    1420.000       0.000    0.0002    4.525  391.331    5.008  360.611    0.988
  14820.00 0.138     664.255      10.106    1580.000       0.000    0.0002    4.284  347.654    4.544  358.323    1.148
  14880.00 0.143     655.761       9.846    1460.000       0.000    0.0002    4.234  362.210    5.190  356.054    1.238
  14940.00 0.145     666.689      10.169    1500.000       0.000    0.0002    4.264  413.923    4.896  355.188    0.999
  15000.00 0.141     664.629       8.221    1460.000       0.000    0.0002    4.350  482.794    5.005  355.242    1.193
  15060.00 0.144     665.374      11.871    1460.000       0.000    0.0002    4.538  621.217    6.151  355.785    1.502
  15120.00 0.148     665.724       7.368    1460.000       0.000    0.0002    4.821  672.421    5.738  357.069    1.401
  15180.00 0.148     670.855       6.184    1420.000       0.000    0.0002    5.182  614.276    5.007  359.224    1.270
  15240.00 0.150     677.068      12.182    1420.000       0.000    0.0002    5.552  670.526    6.898  362.235    1.485
  15300.00 0.143     670.530      10.974    1620.000       0.000    0.0002    5.847  734.813    7.346  365.305    1.556
  15360.00 0.145     672.997       3.064    1500.000       0.000    0.0002    6.132  863.231    6.041  368.177    1.820
  15420.00 0.148     678.947       4.145    1460.000       0.000    0.0002    6.465  704.044    6.256  371.317    1.460
  15480.00 0.151     683.274       2.399    1460.000       0.000    0.0002    6.797  780.585    5.504  375.877    1.352
  15540.00 0.153     687.834       6.465    1460.000       0.000    0.0002    7.148  734.902    5.495  381.434    1.436
  15600.00 0.151     686.710       5.774    1580.000       0.000    0.0002    7.602  734.881    5.610  386.919    1.571
  15660.00 0.149     693.126       5.957    1540.000       0.000    0.0002    8.010  679.349    6.847  392.116    1.651
  15720.00 0.150     694.715      10.179    1620.000       0.000    0.0002    8.245  597.257    6.895  396.520    1.585
  15780.00 0.151     701.357       9.564    1500.000       0.000    0.0002    8.237  633.213    6.186  399.306    1.467
  15840.00 0.153     709.393       5.463    1540.000       0.000    0.0002    8.051  771.016    6.557  401.006    1.562
  15900.00 0.152     720.934       7.923    1500.000       0.000    0.0002    7.834  785.081    6.525  402.415    1.756
  15960.00 0.147     724.759      13.211    1660.000       0.000    0.0002    7.524  619.242    5.973  402.033    1.664
  16020.00 0.146     723.250       9.179    1660.000       0.000    0.0002    7.201  539.807    6.249  400.649    1.446
  16080.00 0.142     732.633       2.892    1500.000       0.000    0.0002    6.845  698.182    6.039  400.291    1.290
  16140.00 0.142     711.910       9.260    1500.000       0.000    0.0002    6.660  744.929    5.675  399.856    1.329
  16200.00 0.139     719.755       6.690    1460.000       0.000    0.0002    6.395  735.357    6.348  398.429    1.606
  16260.00 0.137     723.488      13.665    1460.000       0.000    0.0002    5.959  755.226    7.906  396.470    1.617
  16320.00 0.137     714.118       3.351    1540.000       0.000    0.0002    5.406  834.787    6.858  393.906    1.708
  16380.00 0.135     716.793      15.171    1580.000       0.000    0.0002    4.973  725.855    6.817  391.473    1.452
  16440.00 0.131     706.914      11.859    1540.000       0.000    0.0002    4.689  793.984    7.170  389.497    1.770
  16500.00 0.131     688.785       6.019    1460.000       0.000    0.0002    4.572  870.019    6.538  385.889    1.979
  16560.00 0.133     684.632      12.500    1580.000       0.000    0.0002    4.569  797.130    7.432  381.752    1.733
  16620.00 0.132     683.080       4.675    1500.000       0.000    0.0002    4.557  775.740    6.182  378.861    1.749
  16680.00 0.136     681.147       7.957    1500.000       0.000    0.0002    4.380  571.333    5.832  378.293    1.621
  16740.00 0.139     685.915       5.599    1540.000       0.000    0.0002    4.135  561.633    5.729  377.277    1.544
  16800.00 0.140     687.178       7.178    1540.000       0.000    0.0002    4.001  438.353    5.632  375.686    1.381
  16860.00 0.141     686.898       3.432    1540.000       0.000    0.0002    4.000  432.233    5.939  375.519    1.320
  16920.00 0.140     684.406       8.007    1460.000       0.000    0.0002    4.139  541.331    6.137  375.409    1.378
  16980.00 0.143     682.222       4.581    1500.000       0.000    0.0002    4.297  564.556    5.354  375.031    1.382
  17040.00 0.147     687.887       6.622    1540.000       0.000    0.0002    4.430  529.659    5.826  376.538    1.279
  17100.00 0.143     684.274       9.094    1460.000       0.000    0.0002    4.519  474.203    6.486  378.752    1.330
  17160.00 0.141     687.059      11.384    1580.000       0.000    0.0002    4.464  497.937    6.049  379.869    1.385
  17220.00 0.145     697.580       5.042    1500.000       0.000    0.0002    4.405  545.311    5.182  379.164    1.279
  17280.00 0.142     693.379       5.000    1460.000       0.000    0.0002    4.272  429.630    4.716  378.025    1.209
  17340.00 0.141     690.347       8.299    1500.000       0.000    0.0002    4.209  356.813    4.612  377.631    1.173
  17400.00 0.143     684.479       8.000    1460.000       0.000    0.0002    4.212  352.690    4.394  377.593    1.055
  17460.00 0.143     677.270       9.693    1340.000       0.000    0.0002    4.353  382.173    4.701  378.764    1.261
  17520.00 0.144     669.679       7.953    1420.000       0.000    0.0002    4.490  411.154    5.271  381.091    1.449
  17580.00 0.147     664.992       8.353    1500.000       0.000    0.0002    4.752  426.194    6.266  383.300    1.267
  17640.00 0.145     661.012       5.025    1460.000       0.000    0.0002    5.076  556.633    7.293  386.915    1.572
  17700.00 0.148     660.330       6.370    1460.000       0.000    0.0002    5.522  693.820    7.850  392.208    1.942
  17760.00 0.147     658.469      11.481    1420.000       0.000    0.0002    6.002  882.445    6.736  396.223    2.194
  17820.00 0.153     667.452       9.522    1940.000       0.000    0.0002    6.373  648.367    6.946  398.663    1.786
  17880.00 0.152     669.246       5.169    1620.000       0.000    0.0002    6.592  685.453    6.536  402.805    1.752
  17940.00 0.156     674.757       1.884    1620.000       0.000    0.0002    6.648  583.486    6.324  406.656    1.525
  18000.00 0.156     679.969       7.668    1500.000       0.000    0.0002    6.609  616.367    7.330  407.003    1.491
  18060.00 0.156     689.267       1.934    1540.000       0.000    0.0002    6.750  666.962    5.863  406.734    1.553
  18120.00 0.154     692.278       9.146    1500.000       0.000    0.0002    6.952  714.657    6.839  407.962    1.770
  18180.00 0.154     694.231       5.230    1540.000       0.000    0.0002    7.218  700.134    6.192  410.285    1.573
  18240.00 0.153     703.968       6.656    1540.000       0.000    0.0002    7.534  673.277    6.655  413.671    1.728
  18300.00 0.151     706.224       9.271    1420.000       0.000    0.0002    7.911  756.032    7.006  419.120    1.540
  18360.00 0.152     709.597       8.374    1500.000       0.000    0.0002    8.416  847.895    7.183  428.184    1.562
  18420.00 0.150     724.535      12.529    1500.000       0.000    0.0002    9.040  935.151    7.973  439.952    2.027
  18480.00 0.151     727.055       6.828    1380.000       0.000    0.0002    9.640 1183.586   10.193  452.341    2.218
  18540.00 0.152     723.462       7.853    1460.000       0.000    0.0002   10.170 1582.113   10.923  462.414    3.194
  18600.00 0.148     726.337       7.690    1940.000       0.000    0.0002   10.144 1850.527    9.283  462.445    2.575
  18660.00 0.152     731.576      13.698    1940.000       0.000    0.0002    9.617 1761.833    8.615  458.503    2.546
  18720.00 0.149     737.241       6.108    1940.000       0.000    0.0002    8.620 1390.064    8.708  460.280    2.239
  18780.00 0.140     714.774      10.314    1940.000       0.000    0.0002    7.394  916.716    6.848  466.555    1.776
  18840.00 0.139     706.375      11.734    1540.000       0.000    0.0002    6.435  651.964    6.302  466.826    1.688
  18900.00 0.136     701.367       8.237    1620.000       0.000    0.0002    5.800  567.433    6.192  450.634    1.488
  18960.00 0.138     703.810       9.771    1660.000       0.000    0.0002    5.286  474.243    6.329  435.435    1.409
  19020.00 0.138     684.832       7.055    1500.000       0.000    0.0002    5.077  516.167    6.292  433.451    1.398
  19080.00 0.133     681.618       9.669    1540.000       0.000    0.0002    5.180  546.257    6.113  433.868    1.353
  19140.00 0.135     695.957       8.014    1700.000       0.000    0.0002    5.589  626.985    7.353  430.565    1.436
  19200.00 0.140     696.091      13.543    1660.000       0.000    0.0002    6.131  769.549    6.528  429.792    1.499
  19260.00 0.138     701.201       7.173    1580.000       0.000    0.0002    6.774 1037.088    7.579  435.484    1.856
  19320.00 0.136     689.052       1.682    1580.000       0.000    0.0002    7.395 1288.430    7.220  442.966    2.159
  19380.00 0.139     698.735      13.603    1940.000       0.000    0.0002    7.761 1310.244    8.205  446.234    2.898
  19440.00 0.135     688.087       9.458    1940.000       0.000    0.0002    7.873 1286.561    7.536  446.016    2.940
  19500.00 0.137     676.228      11.103    1940.000       0.000    0.0002    7.756 1200.631    6.908  448.273    2.969
  19560.00 0.138     683.069       4.656    1940.000       0.000    0.0002    7.319 1250.669    6.844  457.806    1.927
  19620.00 0.147     691.148       4.393    1940.000       0.000    0.0002    7.101 1317.332    7.859  466.159    1.838
  19680.00 0.146     692.400       8.200    1940.000       0.000    0.0002    7.187 1179.792    7.987  461.946    1.735
  19740.00 0.144     703.181      10.795    1620.000       0.000    0.0002    7.410 1059.158    7.404  458.818    1.657
  19800.00 0.144     698.915       2.644    1540.000       0.000    0.0002    7.735  735.289    7.788  464.684    1.613
  19860.00 0.144     713.288       8.678    1580.000       0.000    0.0002    7.941  819.473    8.084  467.021    1.738
  19920.00 0.150     712.792       8.831    1620.000       0.000    0.0002    8.031  986.622    7.749  463.260    1.824
  19980.00 0.151     712.859       4.879    1700.000       0.000    0.0002    7.920  950.825    6.050  463.656    1.842
  20040.00 0.152     710.950       9.694    1940.000       0.000    0.0002    7.821  877.107    7.430  467.869    1.670
  20100.00 0.157     718.047       9.426    1580.000       0.000    0.0002    7.836  782.695    7.472  471.746    1.726
  20160.00 0.159     714.663       7.577    1540.000       0.000    0.0002    7.890  927.364    7.887  473.343    2.023
  20220.00 0.150     717.785       6.678    1940.000       0.000    0.0002    8.081  953.515    7.224  475.180    2.137
  20280.00 0.153     704.352       8.384    1940.000       0.000    0.0002    8.236  952.308    7.996  476.933    2.136
  20340.00 0.149     700.394       3.218    1940.000       0.000    0.0002    8.335 1009.837    8.268  478.901    1.896
  20400.00 0.155     693.071       5.575    1660.000       0.000    0.0002    8.372 1082.609    8.653  480.145    2.089
  20460.00 0.155     697.350       9.306    1940.000       0.000    0.0002    8.191 1077.833    6.411  479.151    1.837
  20520.00 0.153     691.005      12.313    1940.000       0.000    0.0002    8.084  720.663    7.870  478.823    1.646
  20580.00 0.148     700.987       8.750    1620.000       0.000    0.0002    8.129  761.539    6.811  482.016    1.593
  20640.00 0.148     710.016       5.371    1660.000       0.000    0.0002    8.334  833.459    6.889  484.843    1.543
  20700.00 0.145     717.479      12.403    1580.000       0.000    0.0002    8.658  741.622    7.371  485.889    1.774
  20760.00 0.145     721.180       6.779    1620.000       0.000    0.0002    8.972  645.525    7.091  487.068    1.842
  20820.00 0.146     719.533       6.500    1540.000       0.000    0.0002    9.152  599.919    6.630  486.909    1.648
  20880.00 0.152     719.486       4.116    1580.000       0.000    0.0002    9.271  577.055    6.852  486.274    1.455
  20940.00 0.154     724.952       9.016    1500.000       0.000    0.0002    9.447  617.407    7.056  486.603    1.838
  21000.00 0.157     728.217       9.705    1580.000       0.000    0.0002    9.289  606.925    6.797  484.470    1.647
  21060.00 0.162     733.675       7.560    1620.000       0.000    0.0002    8.711  560.187    7.253  479.735    1.656
  21120.00 0.168     735.239       5.573    1580.000       0.000    0.0002    7.987  524.170    5.858  475.761    1.631
  21180.00 0.166     734.176      11.824    1540.000       0.000    0.0002    7.406  495.697    6.232  472.393    1.350
  21240.00 0.165     736.154      11.893    1500.000       0.000    0.0002    6.972  489.107    6.492  467.979    1.271
  21300.00 0.156     729.250       7.500    1500.000       0.000    0.0002    6.636  493.844    6.092  464.908    1.445
  21360.00 0.151     731.183       3.533    1500.000       0.000    0.0002    6.448  521.924    6.419  462.485    1.510
  21420.00 0.149     729.460       9.362    1460.000       0.000    0.0002    6.170  449.846    5.065  458.879    1.267
  21480.00 0.153     743.885      10.191    1540.000       0.000    0.0002    5.856  512.684    5.517  457.347    1.402
  21540.00 0.152     741.474      10.545    1580.000       0.000    0.0002    5.798  608.380    6.255  459.183    1.546
  21600.00 0.147     732.213       8.120    1500.000       0.000    0.0002    6.101  785.986    8.272  462.726    1.785
  21660.00 0.144     727.322      10.915    1460.000       0.000    0.0002    6.693  987.038    8.250  467.810    2.069
  21720.00 0.138     716.155       5.891    1500.000       0.000    0.0002    7.296 1119.213    8.331  472.491    2.456
  21780.00 0.139     718.207      14.482    1940.000       0.000    0.0002    7.767 1098.232    8.425  474.204    2.332
  21840.00 0.140     709.895      10.279    1940.000       0.000    0.0002    7.881  892.184    8.120  475.820    1.993
  21900.00 0.144     714.237      12.102    1940.000       0.000    0.0002    7.516  890.554    6.776  479.786    2.106
  21960.00 0.155     718.612       6.372    1940.000       0.000    0.0002    6.922  668.450    5.909  481.156    1.553
  22020.00 0.156     722.410      12.551    1580.000       0.000    0.0002    6.382  544.600    5.510  477.388    1.372
  22080.00 0.153     727.325       5.987    1580.000       0.000    0.0002    6.171  459.754    6.201  473.021    1.498
  22140.00 0.152     741.672      12.251    1500.000       0.000    0.0002    6.029  483.695    5.625  470.752    1.251
  22200.00 0.150     730.408       7.830    1540.000       0.000    0.0002    6.037  417.415    5.184  468.654    1.162
  22260.00 0.146     727.600      16.233    1620.000       0.000    0.0002    6.036  470.940    6.591  467.991    1.464
  22320.00 0.150     733.931      17.814    1580.000       0.000    0.0002    6.220  642.071    8.040  470.862    1.544
  22380.00 0.145     732.162       3.041    1540.000       0.000    0.0002    6.552  839.763    9.773  474.075    1.882
  22440.00 0.146     719.128       6.678    1580.000       0.000    0.0002    6.807  975.994    8.846  474.903    2.379
  22500.00 0.148     706.513      10.164    1940.000       0.000    0.0002    6.886 1063.086    8.736  473.442    2.203
  22560.00 0.155     711.698       5.314    1980.000       0.000    0.0002    6.713  936.187    6.002  472.634    1.904
  22620.00 0.152     712.756       8.686    1620.000       0.000    0.0002    6.322  707.575    5.380  475.144    1.745
  22680.00 0.152     725.507       6.989    1580.000       0.000    0.0002    5.892  495.967    4.902  478.573    1.357
  22740.00 0.155     723.470       3.817    1500.000       0.000    0.0002    5.591  339.145    5.825  478.215    1.310
  22800.00 0.149     720.065       5.261    1540.000       0.000    0.0002    5.630  495.600    5.560  476.157    1.364
  22860.00 0.146     715.867      13.633    1580.000       0.000    0.0002    6.015  637.377    7.032  477.126    1.880
  22920.00 0.147     717.704       9.617    1460.000       0.000    0.0002    6.618  800.873    7.949  482.832    1.820
  22980.00 0.147     710.415       6.833    1420.000       0.000    0.0002    7.320 1031.472    9.039  491.599    1.856
  23040.00 0.148     716.832       9.340    1940.000       0.000    0.0002    8.250 1117.640    8.515  504.793    2.157
  23100.00 0.149     716.393      11.279    1940.000       0.000    0.0002    9.085 1236.810   10.365  520.153    2.494
  23160.00 0.147     714.286       8.704    1940.000       0.000    0.0002    9.428 1360.218    9.433  527.325    2.632
  23220.00 0.154     702.857       6.762    1980.000       0.000    0.0002    9.055 1487.341   10.601  524.144    2.473
  23280.00 0.155     713.502       9.401    1940.000       0.000    0.0002    8.324 1492.926    6.106  524.754    2.419
  23340.00 0.156     713.625       5.594    1940.000       0.000    0.0002    7.598 1129.668    6.537  529.696    1.715
  23400.00 0.155     701.950       8.774    1620.000       0.000    0.0002    6.871  795.035    6.303  531.080    1.568
  23460.00 0.153     696.624       8.185    1540.000       0.000    0.0002    6.291  724.156    5.855  523.701    1.469
  23520.00 0.156     700.188      10.344    1580.000       0.000    0.0002    5.897  851.825    7.619  511.369    1.477
  23580.00 0.156     705.625       5.125    1540.000       0.000    0.0002    5.645  836.339    5.687  504.943    1.505
  23640.00 0.161     710.106       8.411    1500.000       0.000    0.0002    5.567  681.312    5.689  503.882    1.721
  23700.00 0.154     713.439       7.068    1660.000       0.000    0.0002    5.780  714.674    6.449  501.550    1.555
  23760.00 0.152     729.646       3.826    1660.000       0.000    0.0002    6.149  673.352    7.214  499.953    1.707
  23820.00 0.151     741.163       8.110    1700.000       0.000    0.0002    6.508  811.816    8.205  503.841    1.790
  23880.00 0.149     731.724       7.356    1500.000       0.000    0.0002    7.021  950.066    8.787  508.271    1.931
  23940.00 0.150     738.891       4.111    1660.000       0.000    0.0002    7.374 1085.351    8.847  508.604    2.392
  24000.00 0.153     734.569       8.339    1940.000       0.000    0.0002    7.492 1304.499    9.048  506.828    2.115
  24060.00 0.159     729.893       5.023    1940.000       0.000    0.0002    7.428 1048.783    5.818  506.022    1.928
  24120.00 0.161     733.767       2.965    1940.000       0.000    0.0002    7.354  962.103    7.155  508.924    1.675
  24180.00 0.155     733.312       5.426    1940.000       0.000    0.0002    7.539  882.507    7.659  511.319    1.984
  24240.00 0.150     736.553       8.423    1540.000       0.000    0.0002    7.877 1025.652    8.460  510.988    1.911
  24300.00 0.155     738.740       9.512    1620.000       0.000    0.0002    8.041 1184.259    8.186  509.741    2.216
  24360.00 0.148     743.366      13.201    1940.000       0.000    0.0002    7.972 1205.975    7.056  507.826    2.341
  24420.00 0.154     742.472      11.062    1940.000       0.000    0.0002    7.649  877.655    6.154  506.690    2.444
  24480.00 0.151     745.613       6.677    1940.000       0.000    0.0002    7.533  599.109    6.987  511.747    1.775
  24540.00 0.150     753.701       6.169    1620.000       0.000    0.0002    7.475  663.267    6.811  517.429    1.672
  24600.00 0.151     751.632       9.984    1580.000       0.000    0.0002    7.536  582.416    6.739  513.076    1.621
  24660.00 0.147     747.815       7.947    1620.000       0.000    0.0002    7.622  594.734    6.830  505.462    1.665
  24720.00 0.150     752.052      10.163    1580.000       0.000    0.0002    7.377  658.991    7.175  504.310    1.847
  24780.00 0.147     744.503      13.675    1660.000       0.000    0.0002    6.948  679.750    6.941  504.917    1.758
  24840.00 0.147     740.199      11.927    1500.000       0.000    0.0002    6.362  751.283    5.731  499.304    1.921
  24900.00 0.146     737.315      10.134    1660.000       0.000    0.0002    5.789  577.461    5.317  493.306    1.478
  24960.00 0.142     727.238       8.748    1580.000       0.000    0.0002    5.502  426.241    6.543  492.207    1.359
  25020.00 0.142     728.247       9.931    1580.000       0.000    0.0002    5.378  516.519    6.659  488.748    1.482
  25080.00 0.137     728.000       6.250    1500.000       0.000    0.0002    5.430  618.256    7.317  484.271    1.465
  25140.00 0.136     727.048       7.084    1540.000       0.000    0.0002    5.603  701.772    6.652  483.686    1.478
  25200.00 0.135     730.853       3.666    1540.000       0.000    0.0002    5.756  748.385    7.462  484.075    1.906
  25260.00 0.133     727.963       7.303    1580.000       0.000    0.0002    5.675  602.224    6.411  482.293    1.726
  25320.00 0.136     734.562       5.581    1540.000       0.000    0.0002    5.497  603.003    7.003  480.994    1.743
  25380.00 0.137     749.449      10.799    1580.000       0.000    0.0002    5.219  550.550    5.945  480.043    1.489
  25440.00 0.136     744.892       9.245    1540.000       0.000    0.0002    5.033  471.355    6.020  479.066    1.439
  25500.00 0.134     734.234       9.964    1540.000       0.000    0.0002    5.034  470.450    6.158  479.147    1.391
  25560.00 0.135     738.626      10.271    1500.000       0.000    0.0002    5.075  505.372    7.051  478.931    1.392
  25620.00 0.132     746.728      10.240    1540.000       0.000    0.0002    5.165  525.339    5.769  478.422    1.370
  25680.00 0.134     738.464       8.373    1540.000       0.000    0.0002    5.158  589.334    5.826  478.464    1.591
  25740.00 0.130     740.976      11.670    1500.000       0.000    0.0002    5.014  479.519    5.441  476.833    1.542
  25800.00 0.137     738.861      12.313    1620.000       0.000    0.0002    4.776  356.098    4.820  473.831    1.374
  25860.00 0.136     744.803       9.355    1660.000       0.000    0.0002    4.580  373.034    5.082  472.692    1.409
  25920.00 0.132     717.122      19.742    1540.000       0.000    0.0002    4.419  339.380    5.603  472.567    1.365
  25980.00 0.132     704.750       7.718    1580.000       0.000    0.0002    4.497  369.558    5.678  471.721    1.318
  26040.00 0.130     703.917       7.872    1580.000       0.000    0.0002    4.623  454.237    5.514  471.943    1.562
  26100.00 0.133     702.637      14.945    1540.000       0.000    0.0002    4.871  558.165    6.499  474.977    1.782
  26160.00 0.138     707.080       9.735    1540.000       0.000    0.0002    5.244  665.334    6.545  478.543    1.629
  26220.00 0.144     688.610       2.780    1500.000       0.000    0.0002    5.812  739.722    6.933  483.638    1.913
  26280.00 0.149     693.574      11.902    1620.000       0.000    0.0002    6.394  919.234    8.113  491.420    2.174
  26340.00 0.147     692.558       3.488    1620.000       0.000    0.0002    6.763 1080.367    8.103  497.609    2.276
  26400.00 0.158     702.105       7.771    1940.000       0.000    0.0002    6.976  962.784    7.705  498.923    2.048
  26460.00 0.155     704.283       7.559    1940.000       0.000    0.0002    6.828  822.159    7.286  502.360    2.427
  26520.00 0.158     708.594      11.190    1660.000       0.000    0.0002    6.674 1026.222    8.259  510.419    2.425
  26580.00 0.153     708.917       5.510    1940.000       0.000    0.0002    6.781 1201.233    8.776  514.956    2.501
  26640.00 0.156     708.903       9.561    1940.000       0.000    0.0002    6.879 1082.334    7.519  511.309    2.137
  26700.00 0.161     715.441      11.824    1940.000       0.000    0.0002    6.703 1064.196    6.550  510.640    2.270
  26760.00 0.159     715.069      11.822    1940.000       0.000    0.0002    6.221  723.348    6.381  512.083    1.769
  26820.00 0.161     715.842       7.466    1980.000       0.000    0.0002    5.706  338.708    5.934  508.808    1.245
  26880.00 0.161     720.514       7.080    1500.000       0.000    0.0002    5.490  367.622    5.725  502.901    1.139
  26940.00 0.162     722.737      10.165    1540.000       0.000    0.0002    5.574  387.390    5.773  497.254    1.479
  27000.00 0.162     736.012       3.233    1460.000       0.000    0.0002    5.780  391.054    6.246  497.019    1.528
  27060.00 0.165     739.291       8.597    1580.000       0.000    0.0002    6.021  440.848    6.186  501.435    1.577
  27120.00 0.167     753.138      11.584    1700.000       0.000    0.0002    6.398  423.239    6.879  504.494    1.620
  27180.00 0.161     758.970       3.485    1660.000       0.000    0.0002    6.841  447.992    6.363  506.103    1.538
  27240.00 0.166     753.744       8.869    1660.000       0.000    0.0002    7.354  426.960    5.533  510.305    1.654
  27300.00 0.164     753.055       9.300    1580.000       0.000    0.0002    7.946  457.911    6.333  516.171    1.416
  27360.00 0.160     757.717       4.201    1460.000       0.000    0.0002    8.561  540.798    6.214  521.527    1.446
  27420.00 0.155     754.591       6.226    1660.000       0.000    0.0002    9.156  638.255    7.601  529.035    1.629
  27480.00 0.156     761.875       5.719    1540.000       0.000    0.0002    9.950  692.094    7.124  538.665    1.755
  27540.00 0.152     756.822       7.159    1580.000       0.000    0.0002   10.853  826.512    7.117  548.390    1.741
  27600.00 0.150     762.829       7.967    1500.000       0.000    0.0002   11.515 1028.644    7.809  559.986    2.212
  27660.00 0.151     771.767       6.062    1940.000       0.000    0.0002   11.778 1123.557    7.648  569.685    2.669
  27720.00 0.153     774.450       8.070    1940.000       0.000    0.0002   11.512 1054.873    7.770  569.764    3.397
  27780.00 0.152     785.907       7.705    1940.000       0.000    0.0002   10.627  973.384    7.476  564.529    2.803
  27840.00 0.154     787.937       5.492    1980.000       0.000    0.0002    9.310  732.638    6.544  559.954    2.112
  27900.00 0.153     783.758       7.166    1940.000       0.000    0.0002    7.918  498.275    6.125  559.468    1.515
  27960.00 0.147     787.297      12.769    1660.000       0.000    0.0002    7.003  455.294    6.920  553.856    1.551
  28020.00 0.140     772.391       6.736    1620.000       0.000    0.0002    6.542  508.353    6.107  540.156    1.770
  28080.00 0.136     780.429       8.873    1500.000       0.000    0.0002    6.197  513.368    6.931  533.285    1.520
  28140.00 0.132     784.797       5.129    1500.000       0.000    0.0002    5.844  480.991    7.583  535.303    1.647
  28200.00 0.127     785.154       5.154    1580.000       0.000    0.0002    5.541  486.365    6.257  531.558    1.626
  28260.00 0.126     785.814       5.194    1500.000       0.000    0.0002    5.320  495.177    5.822  521.897    1.534
  28320.00 0.127     779.004       8.966    1700.000       0.000    0.0002    5.158  557.386    5.994  517.516    1.991
  28380.00 0.131     772.045      16.729    1620.000       0.000    0.0002    4.900  619.993    8.048  517.206    1.648
  28440.00 0.130     784.369      12.128    1540.000       0.000    0.0002    4.576  649.293    7.794  513.101    2.010
  28500.00 0.127     770.326      11.516    1540.000       0.000    0.0002    4.351  755.764    7.889  505.404    2.155
  28560.00 0.126     750.097       4.621    1580.000       0.000    0.0002    4.130  720.808    6.867  498.499    1.696
  28620.00 0.121     742.429      15.628    1940.000       0.000    0.0002    3.814  709.038    5.516  494.351    1.818
  28680.00 0.125     739.844       7.237    1620.000       0.000    0.0002    3.350  476.022    4.635  490.718    1.604
  28740.00 0.122     749.138       7.976    1540.000       0.000    0.0002    2.905  425.231    4.585  486.905    1.145
  28800.00 0.126     735.116      10.930    1620.000       0.000    0.0002    2.528  241.389    4.532  480.805    1.149
