 #baseprofiles
 #height rhobf
   20.0  0.11766254093307840E+01
   60.0  0.11722873140412733E+01
  100.0  0.11679614671400784E+01
  140.0  0.11636478446387006E+01
  180.0  0.11593464225748316E+01
  220.0  0.11550571770123679E+01
  260.0  0.11507800840413718E+01
  300.0  0.11465151197781016E+01
  340.0  0.11422622603649892E+01
  380.0  0.11380214819706072E+01
  420.0  0.11337927607897305E+01
  460.0  0.11295760730432507E+01
  500.0  0.11253713949782329E+01
  540.0  0.11211787028678848E+01
  580.0  0.11169979730115438E+01
  620.0  0.11128291817346863E+01
  660.0  0.11086723053888974E+01
  700.0  0.11045273203519177E+01
  740.0  0.11003942030275635E+01
  780.0  0.10962729298457807E+01
  820.0  0.10921634772626145E+01
  860.0  0.10880658217602008E+01
  900.0  0.10839799398467678E+01
  940.0  0.10799058080566422E+01
  980.0  0.10758434029502129E+01
 1020.0  0.10717927011139377E+01
 1060.0  0.10677536791603617E+01
 1100.0  0.10637263137280717E+01
 1140.0  0.10597105814817165E+01
 1180.0  0.10557064591119942E+01
 1220.0  0.10517139233356558E+01
 1260.0  0.10477329508954585E+01
 1300.0  0.10437635185602185E+01
 1340.0  0.10398056031247791E+01
 1380.0  0.10358591814099825E+01
 1420.0  0.10319242302626896E+01
 1460.0  0.10280007265557847E+01
 1500.0  0.10240886471881328E+01
 1540.0  0.10201879690846043E+01
 1580.0  0.10162986691960509E+01
 1620.0  0.10124207244993135E+01
 1660.0  0.10085541119972148E+01
 1700.0  0.10046988087185442E+01
 1740.0  0.10008547917180486E+01
 1780.0  0.99702203807643630E+00
 1820.0  0.99320052490038158E+00
 1860.0  0.98939022932248577E+00
 1900.0  0.98559112850130537E+00
 1940.0  0.98180319962132878E+00
 1980.0  0.97802641989297046E+00
 2020.0  0.97426076655257055E+00
 2060.0  0.97050621686237570E+00
 2100.0  0.96676274811056806E+00
 2140.0  0.96303033761119861E+00
 2180.0  0.95930896270424748E+00
 2220.0  0.95559860075557645E+00
 2260.0  0.95189922915692415E+00
 2300.0  0.94821082532592726E+00
 2340.0  0.94453336670608012E+00
 2380.0  0.94086683076675448E+00
 2420.0  0.93721119500318484E+00
 2460.0  0.93356643693645425E+00
 2500.0  0.92993253411350174E+00
 2540.0  0.92630946410711645E+00
 2580.0  0.92269720451590420E+00
 2620.0  0.91909573296431835E+00
 2660.0  0.91550502710264037E+00
 2700.0  0.91192506460696132E+00
 2740.0  0.90835582317918673E+00
 2780.0  0.90479728054704212E+00
 2820.0  0.90124941446403017E+00
 2860.0  0.89771220270945928E+00
 2900.0  0.89418562308844707E+00
 2940.0  0.89066965343185489E+00
 2980.0  0.88716427159635669E+00
 3020.0  0.88366945546436859E+00
 3060.0  0.88018518294409476E+00
 3100.0  0.87671143196947010E+00
 3140.0  0.87324818050020536E+00
 3180.0  0.86979540652175402E+00
