#  time      cc     z_cbase    z_ctop_avg  z_ctop_max      zi         we   <<ql>>  <<ql>>_max   w_max   tke     ql_max
     60.00 0.000       0.000       0.000       0.000       0.000    0.0002    0.000    0.000    0.186  616.623    0.000
    120.00 0.000       0.000       0.000       0.000       0.000    0.0002    0.000    0.000    0.319  417.119    0.000
    180.00 0.000       0.000       0.000       0.000       0.000    0.0002    0.000    0.000    0.328  300.182    0.000
    240.00 0.000       0.000       0.000       0.000       0.000    0.0002    0.000    0.000    0.307  225.840    0.000
    300.00 0.000       0.000       0.000       0.000       0.000    0.0002    0.000    0.000    0.280  176.605    0.000
    360.00 0.000       0.000       0.000       0.000       0.000    0.0002    0.000    0.000    0.311  143.450    0.000
    420.00 0.000       0.000       0.000       0.000       0.000    0.0002    0.000    0.000    0.338  121.217    0.000
    480.00 0.000       0.000       0.000       0.000       0.000    0.0002    0.000    0.000    0.332  105.829    0.000
    540.00 0.000       0.000       0.000       0.000       0.000    0.0002    0.000    0.000    0.368   94.008    0.000
    600.00 0.000       0.000       0.000       0.000       0.000    0.0002    0.000    0.000    0.409   84.723    0.000
    660.00 0.000       0.000       0.000       0.000       0.000    0.0002    0.000    0.000    0.406   78.177    0.000
    720.00 0.000       0.000       0.000       0.000       0.000    0.0002    0.000    0.000    0.442   73.912    0.000
    780.00 0.000       0.000       0.000       0.000       0.000    0.0002    0.000    0.000    0.508   71.145    0.000
    840.00 0.000       0.000       0.000       0.000       0.000    0.0002    0.000    0.000    0.588   69.370    0.000
    900.00 0.000       0.000       0.000       0.000       0.000    0.0002    0.000    0.000    0.652   68.175    0.000
    960.00 0.000       0.000       0.000       0.000       0.000    0.0002    0.000    0.000    0.691   67.596    0.000
   1020.00 0.000       0.000       0.000       0.000       0.000    0.0002    0.000    0.000    0.783   68.107    0.000
   1080.00 0.000       0.000       0.000       0.000       0.000    0.0002    0.000    0.000    0.864   69.726    0.000
   1140.00 0.000       0.000       0.000       0.000       0.000    0.0002    0.000    0.000    0.886   72.059    0.000
   1200.00 0.000     560.000       0.000     580.000       0.000    0.0002    0.000    0.349    0.934   75.056    0.008
   1260.00 0.001     560.000       0.000     580.000       0.000    0.0002    0.001    4.213    1.009   78.920    0.095
   1320.00 0.003     566.667       0.000     580.000       0.000    0.0002    0.005    8.970    1.083   83.775    0.106
   1380.00 0.008     567.879       0.000     660.000       0.000    0.0002    0.017   13.201    1.237   89.793    0.182
   1440.00 0.014     568.475       0.000     660.000       0.000    0.0002    0.041   23.374    1.548   97.081    0.286
   1500.00 0.022     569.890       0.000     660.000       0.000    0.0002    0.090   39.215    1.737  105.527    0.414
   1560.00 0.035     568.811      16.224     660.000       0.000    0.0002    0.173   60.343    1.862  115.059    0.465
   1620.00 0.055     566.607       2.589     660.000       0.000    0.0002    0.305   85.188    2.459  125.705    0.622
   1680.00 0.067     568.029       4.526     700.000       0.000    0.0002    0.509  121.569    2.909  137.372    0.792
   1740.00 0.084     568.605       1.686     700.000       0.000    0.0002    0.803  148.254    3.156  149.884    0.742
   1800.00 0.099     567.488      10.197     740.000       0.000    0.0002    1.200  174.926    2.801  163.040    0.748
   1860.00 0.117     567.775       1.123     780.000       0.000    0.0002    1.708  200.883    3.262  176.585    0.837
   1920.00 0.136     569.624       5.116     780.000       0.000    0.0002    2.328  215.113    3.510  190.211    0.978
   1980.00 0.153     571.338       8.631     900.000       0.000    0.0002    3.040  262.805    3.903  203.596    1.054
   2040.00 0.161     572.073       9.622     860.000       0.000    0.0002    3.809  295.096    4.578  216.270    1.080
   2100.00 0.176     576.389       7.583    1300.000       0.000    0.0002    4.594  359.301    4.330  227.767    1.111
   2160.00 0.187     580.523       7.242    1300.000       0.000    0.0002    5.370  426.358    4.431  237.860    1.259
   2220.00 0.193     583.650       5.805    1300.000       0.000    0.0002    6.040  474.026    4.640  246.064    1.290
   2280.00 0.196     591.393       8.632    1300.000       0.000    0.0002    6.559  512.049    4.777  252.034    1.285
   2340.00 0.197     598.119       7.401    1420.000       0.000    0.0002    6.925  541.880    4.289  255.938    1.254
   2400.00 0.200     603.707       7.634    1460.000       0.000    0.0002    7.116  469.896    4.954  257.647    1.424
   2460.00 0.195     607.820       5.363    1380.000       0.000    0.0002    7.118  509.508    5.459  257.488    1.461
   2520.00 0.194     610.025       7.380    1420.000       0.000    0.0002    6.940  596.255    5.533  255.684    1.590
   2580.00 0.189     613.445       6.503    1420.000       0.000    0.0002    6.664  500.565    4.799  251.618    1.140
   2640.00 0.180     617.182       8.428    1460.000       0.000    0.0002    6.294  434.835    5.308  246.177    1.187
   2700.00 0.170     616.835       7.424    1420.000       0.000    0.0002    5.812  496.007    5.125  240.061    1.189
   2760.00 0.162     621.205       3.675    1380.000       0.000    0.0002    5.207  530.353    4.192  232.824    1.156
   2820.00 0.162     636.314      11.480    1300.000       0.000    0.0002    4.565  462.607    4.291  225.245    1.365
   2880.00 0.154     632.000       6.730    1340.000       0.000    0.0002    3.984  358.706    4.177  217.759    1.132
   2940.00 0.141     629.722       1.285    1460.000       0.000    0.0002    3.490  297.907    4.238  210.459    1.147
   3000.00 0.141     627.708       9.028    1420.000       0.000    0.0002    3.028  398.384    4.746  203.739    1.232
   3060.00 0.132     628.386       6.679    1460.000       0.000    0.0002    2.670  444.903    4.814  197.754    1.132
   3120.00 0.132     629.351       6.679    1300.000       0.000    0.0002    2.449  455.277    3.862  192.152    0.926
   3180.00 0.130     632.580       4.670    1300.000       0.000    0.0002    2.259  409.775    2.859  186.557    0.861
   3240.00 0.126     633.153       4.449    1380.000       0.000    0.0002    2.049  307.259    3.586  181.364    0.968
   3300.00 0.126     637.829       6.550    1300.000       0.000    0.0002    1.836  228.272    3.440  177.027    0.851
   3360.00 0.121     642.581       9.718    1420.000       0.000    0.0002    1.645  164.008    2.491  173.665    0.726
   3420.00 0.115     635.660       7.532    1420.000       0.000    0.0002    1.518  194.554    2.765  171.392    0.819
   3480.00 0.104     624.673       0.000    1140.000       0.000    0.0002    1.463  210.369    3.262  169.693    0.917
   3540.00 0.109     626.786       4.152    1140.000       0.000    0.0002    1.490  238.229    3.513  167.922    1.058
   3600.00 0.105     622.784      11.369    1300.000       0.000    0.0002    1.535  272.015    3.637  166.250    1.061
   3660.00 0.102     625.632       9.117    1300.000       0.000    0.0002    1.585  283.756    3.624  165.118    0.981
   3720.00 0.105     628.817       6.311    1300.000       0.000    0.0002    1.615  323.911    4.474  164.693    1.140
   3780.00 0.107     623.455      12.182    1340.000       0.000    0.0002    1.614  333.700    4.796  164.933    1.216
   3840.00 0.108     618.194       8.849    1380.000       0.000    0.0002    1.631  313.075    4.347  165.499    1.098
   3900.00 0.107     614.169      10.068    1300.000       0.000    0.0002    1.671  323.064    3.137  165.995    0.854
   3960.00 0.104     618.595       9.087    1100.000       0.000    0.0002    1.752  348.976    3.369  166.743    0.890
   4020.00 0.109     618.744       6.278    1300.000       0.000    0.0002    1.857  360.815    3.378  167.944    0.909
   4080.00 0.107     617.900       6.119    1300.000       0.000    0.0002    2.013  351.366    3.508  169.395    0.979
   4140.00 0.111     613.947      10.044    1300.000       0.000    0.0002    2.161  322.230    3.854  171.189    1.002
   4200.00 0.111     612.615      15.253    1300.000       0.000    0.0002    2.303  308.280    3.665  173.367    0.995
   4260.00 0.111     610.351       7.412    1300.000       0.000    0.0002    2.438  318.122    4.009  175.814    1.110
   4320.00 0.112     611.616       5.109    1300.000       0.000    0.0002    2.549  364.104    4.627  178.454    1.334
   4380.00 0.116     611.055       2.532    1300.000       0.000    0.0002    2.661  377.982    5.153  181.204    1.275
   4440.00 0.122     611.200       3.720    1300.000       0.000    0.0002    2.707  421.218    4.755  183.655    1.113
   4500.00 0.129     610.209       6.186    1340.000       0.000    0.0002    2.724  426.918    4.286  185.931    1.183
   4560.00 0.128     608.800       3.848    1380.000       0.000    0.0002    2.776  396.483    4.685  188.400    1.130
   4620.00 0.124     607.033       8.762    1300.000       0.000    0.0002    2.900  467.983    4.102  191.196    1.068
   4680.00 0.129     606.491       4.906    1340.000       0.000    0.0002    3.034  475.128    4.007  193.652    1.071
   4740.00 0.132     605.092       5.498    1420.000       0.000    0.0002    3.191  416.848    3.676  195.853    0.885
   4800.00 0.134     606.715       2.409    1460.000       0.000    0.0002    3.409  381.374    3.845  198.818    0.887
   4860.00 0.139     606.947       6.526    1300.000       0.000    0.0002    3.754  428.347    3.921  202.477    0.973
   4920.00 0.136     606.452       9.749    1300.000       0.000    0.0002    4.176  484.516    4.732  206.406    1.113
   4980.00 0.137     609.964       5.801    1300.000       0.000    0.0002    4.644  577.348    5.642  210.880    1.302
   5040.00 0.138     609.716       7.305    1300.000       0.000    0.0002    5.177  693.122    4.778  215.595    1.115
   5100.00 0.141     612.539       5.561    1380.000       0.000    0.0002    5.706  815.899    5.090  220.696    1.384
   5160.00 0.141     611.419       6.574    1300.000       0.000    0.0002    6.256  831.074    4.849  226.341    1.422
   5220.00 0.140     619.583      10.365    1460.000       0.000    0.0002    6.681  856.191    5.220  232.149    1.456
   5280.00 0.145     628.538       7.899    1540.000       0.000    0.0002    6.918  827.306    4.657  236.880    1.497
   5340.00 0.147     636.811      10.465    1620.000       0.000    0.0002    7.010  761.970    5.181  241.151    1.495
   5400.00 0.145     641.042       8.269    1540.000       0.000    0.0002    6.916  690.761    6.026  244.501    1.560
   5460.00 0.140     639.301       5.769    1540.000       0.000    0.0002    6.729  680.517    5.160  245.384    1.380
   5520.00 0.145     639.494       9.376    1460.000       0.000    0.0002    6.502  702.008    4.499  245.578    1.216
   5580.00 0.143     634.310       3.441    1540.000       0.000    0.0002    6.224  712.870    3.891  246.420    0.966
   5640.00 0.143     630.648       7.065    1500.000       0.000    0.0002    6.000  671.407    5.640  246.359    1.326
   5700.00 0.143     631.175       5.554    1620.000       0.000    0.0002    5.790  589.942    6.444  246.007    1.154
   5760.00 0.140     624.251       7.387    1380.000       0.000    0.0002    5.768  658.720    5.784  246.158    1.249
   5820.00 0.142     627.091       7.573    1380.000       0.000    0.0002    5.776  690.204    4.724  246.704    1.372
   5880.00 0.146     635.800       5.433    1460.000       0.000    0.0002    5.816  652.609    4.371  247.451    1.368
   5940.00 0.146     639.664       4.497    1340.000       0.000    0.0002    5.874  582.631    4.668  248.202    1.214
   6000.00 0.140     636.195       6.632    1460.000       0.000    0.0002    6.026  517.192    4.816  249.789    1.176
   6060.00 0.140     635.819       7.387    1460.000       0.000    0.0002    6.332  606.130    4.916  252.301    1.243
   6120.00 0.143     635.521       7.350    1300.000       0.000    0.0002    6.740  716.034    5.103  255.282    1.357
   6180.00 0.147     633.821      11.296    1340.000       0.000    0.0002    7.220  879.573    5.238  258.351    1.621
   6240.00 0.146     636.667       9.767    1500.000       0.000    0.0002    7.712  981.975    4.753  261.970    1.621
   6300.00 0.144     642.071       5.874    1500.000       0.000    0.0002    8.181  930.722    5.277  268.005    1.460
   6360.00 0.146     641.642       6.097    1420.000       0.000    0.0002    8.569 1000.410    5.921  274.959    1.545
   6420.00 0.145     651.059      10.387    1460.000       0.000    0.0002    8.765 1155.766    6.514  280.006    1.943
   6480.00 0.149     655.796       3.875    1500.000       0.000    0.0002    8.823 1225.326    6.360  283.488    2.000
   6540.00 0.148     648.158       4.474    1940.000       0.000    0.0002    8.639 1205.022    7.301  284.731    2.294
   6600.00 0.149     656.131       5.934    1940.000       0.000    0.0002    8.040 1233.062    5.881  282.980    2.046
   6660.00 0.149     657.180       4.656    1940.000       0.000    0.0002    7.099 1056.420    5.015  281.046    1.852
   6720.00 0.146     651.371       6.421    1940.000       0.000    0.0002    6.066  895.953    4.418  279.602    1.854
   6780.00 0.143     645.009       6.882    1420.000       0.000    0.0002    5.327  571.016    4.743  275.576    1.257
   6840.00 0.135     640.580       6.304    1420.000       0.000    0.0002    4.762  513.442    4.202  268.568    1.096
   6900.00 0.131     635.019       8.699    1420.000       0.000    0.0002    4.475  523.767    4.328  262.668    1.328
   6960.00 0.136     637.810       6.032    1380.000       0.000    0.0002    4.441  490.105    4.481  260.412    1.196
   7020.00 0.139     634.291       5.639    1460.000       0.000    0.0002    4.614  446.013    5.154  259.785    1.338
   7080.00 0.141     630.537       7.591    1540.000       0.000    0.0002    4.887  626.613    5.660  259.763    1.396
   7140.00 0.141     638.371      12.582    1540.000       0.000    0.0002    5.321  750.499    5.707  261.544    1.478
   7200.00 0.139     635.762       7.846    1580.000       0.000    0.0002    5.728  770.999    5.996  264.333    1.538
   7260.00 0.138     643.688       5.355    1540.000       0.000    0.0002    6.047  673.061    6.606  267.628    1.660
   7320.00 0.140     648.850       7.700    1460.000       0.000    0.0002    6.200  652.558    5.593  270.319    1.697
   7380.00 0.137     652.043       5.187    1460.000       0.000    0.0002    6.180  829.462    5.333  271.842    1.700
   7440.00 0.137     652.799       4.991    1620.000       0.000    0.0002    6.046  863.684    4.909  273.187    1.530
   7500.00 0.135     653.696       2.246    1540.000       0.000    0.0002    5.834  796.437    5.624  273.652    1.651
   7560.00 0.135     649.420       4.855    1420.000       0.000    0.0002    5.615  624.611    5.347  273.510    1.230
   7620.00 0.130     637.411      10.919    1540.000       0.000    0.0002    5.549  587.232    5.072  273.649    1.270
   7680.00 0.123     639.089      11.842    1500.000       0.000    0.0002    5.599  653.574    5.962  273.918    1.313
   7740.00 0.126     639.073       5.676    1500.000       0.000    0.0002    5.677  679.257    5.684  274.700    1.554
   7800.00 0.124     636.126       3.439    1420.000       0.000    0.0002    5.785  702.584    5.754  276.073    1.623
   7860.00 0.122     638.443       6.267    1420.000       0.000    0.0002    5.884  699.786    5.781  277.210    1.210
   7920.00 0.124     647.771       4.734    1420.000       0.000    0.0002    5.999  742.602    5.216  278.661    1.270
   7980.00 0.125     650.331      11.150    1460.000       0.000    0.0002    6.151  779.821    5.156  281.287    1.699
   8040.00 0.127     644.338       8.637    1380.000       0.000    0.0002    6.319  757.999    5.012  284.181    1.666
   8100.00 0.127     648.308      10.038    1460.000       0.000    0.0002    6.475  776.321    5.737  286.890    1.382
   8160.00 0.132     653.395       5.455    1460.000       0.000    0.0002    6.596  704.865    6.517  289.065    1.607
   8220.00 0.138     655.979       6.596    1420.000       0.000    0.0002    6.536  751.276    5.588  289.296    1.460
   8280.00 0.135     654.192       6.824    1580.000       0.000    0.0002    6.425  729.306    5.763  288.527    1.406
   8340.00 0.138     654.336       6.372    1660.000       0.000    0.0002    6.279  719.242    5.712  287.800    1.432
   8400.00 0.139     658.453       9.561    1580.000       0.000    0.0002    6.029  732.195    5.132  286.898    1.534
   8460.00 0.141     660.138       7.543    1460.000       0.000    0.0002    5.838  706.160    5.067  285.436    1.354
   8520.00 0.137     664.643       8.643    1460.000       0.000    0.0002    5.788  673.131    4.779  284.530    1.260
   8580.00 0.137     658.648       6.228    1340.000       0.000    0.0002    5.726  602.064    4.958  284.846    1.343
   8640.00 0.137     660.428      13.654    1500.000       0.000    0.0002    5.716  541.988    4.943  285.270    1.156
   8700.00 0.134     655.055       5.855    1460.000       0.000    0.0002    5.721  465.895    4.621  285.325    1.321
   8760.00 0.133     658.015       8.015    1420.000       0.000    0.0002    5.645  525.275    5.077  285.311    1.494
   8820.00 0.130     660.749      14.569    1460.000       0.000    0.0002    5.498  637.044    5.806  284.742    1.574
   8880.00 0.135     663.971       5.162    1500.000       0.000    0.0002    5.162  615.701    6.067  283.135    1.488
   8940.00 0.133     662.210      10.976    1500.000       0.000    0.0002    4.701  574.378    5.182  280.885    1.598
   9000.00 0.136     661.007      11.547    1540.000       0.000    0.0002    4.251  450.767    5.122  278.929    1.309
   9060.00 0.135     660.794       0.000    1540.000       0.000    0.0002    3.993  539.256    5.183  277.515    1.221
   9120.00 0.134     666.193      11.002    1540.000       0.000    0.0002    3.952  597.653    5.058  276.483    1.263
   9180.00 0.127     654.374       5.973    1540.000       0.000    0.0002    4.051  648.231    5.610  276.367    1.296
   9240.00 0.129     643.547      10.566    1300.000       0.000    0.0002    4.222  631.287    6.587  277.557    1.411
   9300.00 0.129     650.209      10.398    1420.000       0.000    0.0002    4.336  776.385    6.876  277.956    1.738
   9360.00 0.128     641.825       6.464    1420.000       0.000    0.0002    4.473  853.331    5.555  278.395    1.318
   9420.00 0.126     639.961       5.532    1620.000       0.000    0.0002    4.693  708.107    4.688  280.774    1.172
   9480.00 0.128     644.715       4.943    1460.000       0.000    0.0002    4.994  646.932    5.491  284.093    1.329
   9540.00 0.134     643.242       7.031    1460.000       0.000    0.0002    5.276  649.303    6.487  286.492    1.557
   9600.00 0.137     649.214       6.607    1580.000       0.000    0.0002    5.457  568.255    6.041  287.883    1.415
   9660.00 0.137     649.286       4.571    1580.000       0.000    0.0002    5.569  560.282    6.162  289.026    1.544
   9720.00 0.138     652.438      11.025    1540.000       0.000    0.0002    5.673  590.105    5.515  290.347    1.304
   9780.00 0.139     655.236      12.189    1500.000       0.000    0.0002    5.785  535.811    5.449  293.031    1.386
   9840.00 0.141     650.173       5.121    1420.000       0.000    0.0002    5.830  577.826    5.626  295.455    1.309
   9900.00 0.147     645.025       8.652    1460.000       0.000    0.0002    5.830  580.186    5.669  295.670    1.346
   9960.00 0.146     647.400       9.300    1420.000       0.000    0.0002    5.782  615.154    6.206  296.170    1.572
  10020.00 0.144     649.085       9.458    1500.000       0.000    0.0002    5.752  695.654    5.599  296.983    1.759
  10080.00 0.141     644.375      10.868    1420.000       0.000    0.0002    5.626  626.867    4.961  296.568    1.319
  10140.00 0.138     645.274       5.628    1500.000       0.000    0.0002    5.386  665.530    5.384  296.823    1.366
  10200.00 0.138     640.993       7.624    1500.000       0.000    0.0002    5.177  687.315    5.272  296.327    1.471
  10260.00 0.139     644.085       8.169    1500.000       0.000    0.0002    4.988  700.001    5.172  293.927    1.480
  10320.00 0.138     646.878       2.610    1500.000       0.000    0.0002    4.829  743.911    4.926  292.248    1.483
  10380.00 0.139     648.330      10.439    1540.000       0.000    0.0002    4.801  747.849    5.207  291.647    1.327
  10440.00 0.141     645.147      14.957    1380.000       0.000    0.0002    4.826  635.665    5.491  290.706    1.224
  10500.00 0.142     649.535       8.021    1420.000       0.000    0.0002    4.850  573.595    5.156  289.835    1.308
  10560.00 0.144     652.326       7.572    1340.000       0.000    0.0002    4.874  536.838    5.274  289.250    1.316
  10620.00 0.139     655.937       9.912    1460.000       0.000    0.0002    4.921  487.851    5.116  289.203    1.151
  10680.00 0.133     652.868       5.147    1460.000       0.000    0.0002    5.030  455.724    4.862  290.755    1.072
  10740.00 0.137     659.643       9.162    1420.000       0.000    0.0002    5.127  453.489    4.935  293.000    1.105
  10800.00 0.137     657.643       4.643    1460.000       0.000    0.0002    5.182  484.692    5.117  294.623    1.173
  10860.00 0.132     660.590       7.306    1460.000       0.000    0.0002    5.239  482.548    6.238  295.532    1.398
  10920.00 0.134     672.727       5.564    1460.000       0.000    0.0002    5.330  536.017    6.445  296.311    1.375
  10980.00 0.131     673.907       8.673    1500.000       0.000    0.0002    5.368  497.119    5.813  296.329    1.385
  11040.00 0.128     676.520       7.763    1540.000       0.000    0.0002    5.391  546.976    5.304  296.449    1.221
  11100.00 0.130     669.323       4.286    1540.000       0.000    0.0002    5.407  570.654    5.731  297.763    1.312
  11160.00 0.129     678.368       3.378    1540.000       0.000    0.0002    5.519  634.109    5.130  300.058    1.459
  11220.00 0.125     677.432       2.568    1540.000       0.000    0.0002    5.658  681.728    5.049  301.850    1.432
  11280.00 0.129     666.072      14.042    1460.000       0.000    0.0002    5.786  749.730    5.653  303.688    1.485
  11340.00 0.128     663.359      10.458    1500.000       0.000    0.0002    5.896  783.134    5.471  306.232    1.400
  11400.00 0.134     666.545       7.164    1420.000       0.000    0.0002    5.984  747.126    4.956  307.680    1.489
  11460.00 0.136     670.304       6.619    1460.000       0.000    0.0002    5.930  599.868    4.950  306.885    1.412
  11520.00 0.132     672.177       7.970    1420.000       0.000    0.0002    5.842  491.251    5.333  306.740    1.305
  11580.00 0.136     673.166       6.726    1660.000       0.000    0.0002    5.676  557.829    5.236  307.643    1.245
  11640.00 0.141     678.787       6.759    1460.000       0.000    0.0002    5.541  595.892    5.256  307.844    1.351
  11700.00 0.144     682.585       9.082    1380.000       0.000    0.0002    5.445  532.891    6.149  307.479    1.606
  11760.00 0.137     678.472       6.927    1500.000       0.000    0.0002    5.352  508.090    5.704  307.752    1.620
  11820.00 0.135     677.978       5.307    1500.000       0.000    0.0002    5.250  532.228    6.023  307.781    1.522
  11880.00 0.133     676.484       5.531    1540.000       0.000    0.0002    5.229  551.286    5.153  308.557    1.259
  11940.00 0.136     682.898       9.338    1460.000       0.000    0.0002    5.236  585.787    5.873  310.298    1.407
  12000.00 0.135     685.441       7.495    1420.000       0.000    0.0002    5.288  629.566    5.798  311.634    1.304
  12060.00 0.133     666.176       8.272    1420.000       0.000    0.0002    5.348  741.239    6.392  313.542    1.490
  12120.00 0.132     658.229       4.649    1580.000       0.000    0.0002    5.438  872.712    7.899  317.056    1.718
  12180.00 0.132     665.259       5.259    1540.000       0.000    0.0002    5.345  942.330    6.187  319.270    1.903
  12240.00 0.134     654.827       4.299    1540.000       0.000    0.0002    5.094  795.884    5.792  319.168    1.987
  12300.00 0.140     658.537       6.202    1940.000       0.000    0.0002    4.850  513.682    5.187  318.982    1.319
  12360.00 0.136     667.971       3.339    1620.000       0.000    0.0002    4.656  509.658    5.945  318.885    1.167
  12420.00 0.143     656.792       5.154    1580.000       0.000    0.0002    4.661  564.702    5.094  318.454    1.187
  12480.00 0.148     652.434       7.763    1580.000       0.000    0.0002    4.950  534.771    5.402  318.971    1.219
  12540.00 0.144     641.220       5.322    1460.000       0.000    0.0002    5.283  415.740    5.695  321.539    1.229
  12600.00 0.148     637.322       6.479    1460.000       0.000    0.0002    5.580  420.352    5.147  325.090    1.258
  12660.00 0.147     645.291       6.223    1540.000       0.000    0.0002    5.965  542.201    6.236  329.501    1.571
  12720.00 0.153     641.086       8.882    1420.000       0.000    0.0002    6.329  677.705    7.185  335.255    1.867
  12780.00 0.160     645.753       6.728    1460.000       0.000    0.0002    6.857  664.986    5.619  340.584    1.692
  12840.00 0.160     649.740       8.947    1420.000       0.000    0.0002    7.507  746.345    5.823  345.399    2.137
  12900.00 0.167     668.622      11.290    1460.000       0.000    0.0002    8.068  671.300    6.107  348.992    2.057
  12960.00 0.166     678.032       8.106    1460.000       0.000    0.0002    8.450  655.331    5.356  352.426    1.931
  13020.00 0.163     677.698       4.753    1540.000       0.000    0.0002    8.806  551.808    5.529  358.372    1.307
  13080.00 0.164     679.553       7.183    1620.000       0.000    0.0002    9.062  676.802    5.234  365.398    1.371
  13140.00 0.163     684.228       8.276    1540.000       0.000    0.0002    9.437  840.592    5.822  372.306    1.390
  13200.00 0.162     694.622      12.870    1540.000       0.000    0.0002   10.029  978.818    6.177  381.638    1.556
  13260.00 0.155     689.022       5.710    1620.000       0.000    0.0002   10.707 1177.640    6.626  392.197    1.875
  13320.00 0.151     682.366       7.650    1940.000       0.000    0.0002   11.384 1302.183    7.517  401.672    2.164
  13380.00 0.147     677.313       7.396    1940.000       0.000    0.0002   11.769 1542.252    7.371  408.423    2.242
  13440.00 0.146     687.112      14.457    1940.000       0.000    0.0002   11.518 1610.946    6.949  410.659    2.456
  13500.00 0.142     681.475       6.141    1940.000       0.000    0.0002   10.501 1354.602    7.358  412.428    2.161
  13560.00 0.143     693.162       7.692    1940.000       0.000    0.0002    8.991 1171.628    7.054  412.880    1.702
  13620.00 0.144     701.426      10.492    1940.000       0.000    0.0002    7.480  973.512    6.410  408.743    1.659
  13680.00 0.144     688.881      12.746    1500.000       0.000    0.0002    6.385  782.259    5.968  397.934    1.742
  13740.00 0.144     680.881       2.441    1500.000       0.000    0.0002    5.514  621.876    5.394  382.620    1.344
  13800.00 0.136     676.589      11.490    1540.000       0.000    0.0002    5.032  512.642    4.911  371.037    1.303
  13860.00 0.139     674.789       9.824    1580.000       0.000    0.0002    4.814  576.560    5.192  364.310    1.395
  13920.00 0.142     677.212       6.093    1500.000       0.000    0.0002    4.768  583.454    5.553  357.380    1.456
  13980.00 0.139     684.658       8.056    1500.000       0.000    0.0002    4.842  556.724    4.684  351.777    1.342
  14040.00 0.138     690.899       2.257    1460.000       0.000    0.0002    4.905  544.872    4.572  349.790    1.502
  14100.00 0.144     698.646       7.783    1540.000       0.000    0.0002    4.838  459.945    5.124  349.224    1.484
  14160.00 0.144     703.673       4.320    1460.000       0.000    0.0002    4.698  482.157    5.430  348.517    1.274
  14220.00 0.145     706.655       8.571    1540.000       0.000    0.0002    4.632  548.632    5.559  346.897    1.420
  14280.00 0.145     706.610       7.622    1460.000       0.000    0.0002    4.665  610.113    6.297  344.316    1.410
  14340.00 0.143     699.727       4.369    1500.000       0.000    0.0002    4.685  524.606    7.302  342.365    1.526
  14400.00 0.143     705.197       7.966    1500.000       0.000    0.0002    4.674  659.118    7.264  343.056    1.661
  14460.00 0.144     703.599       5.399    1500.000       0.000    0.0002    4.627  658.821    7.834  345.473    1.671
  14520.00 0.134     705.850       7.751    1460.000       0.000    0.0002    4.586  710.828    7.582  345.507    1.828
  14580.00 0.134     703.796       8.504    1460.000       0.000    0.0002    4.488  628.653    7.499  342.586    1.673
  14640.00 0.131     713.832       4.000    1500.000       0.000    0.0002    4.267  610.796    6.391  341.735    1.634
  14700.00 0.131     699.850       3.925    1540.000       0.000    0.0002    4.023  588.383    6.609  341.785    1.496
  14760.00 0.125     688.093       5.370    1540.000       0.000    0.0002    3.711  603.048    6.548  339.423    1.453
  14820.00 0.133     682.689       4.125    1460.000       0.000    0.0002    3.427  558.357    6.592  336.698    1.204
  14880.00 0.132     677.227       6.470    1500.000       0.000    0.0002    3.262  512.450    5.789  335.541    1.148
  14940.00 0.130     673.408      12.772    1500.000       0.000    0.0002    3.221  509.225    5.850  335.210    1.447
  15000.00 0.132     679.741       5.878    1460.000       0.000    0.0002    3.296  479.658    5.512  334.482    1.377
  15060.00 0.129     671.170      12.038    1460.000       0.000    0.0002    3.489  653.676    4.858  333.921    1.080
  15120.00 0.130     674.991      15.179    1500.000       0.000    0.0002    3.852  842.294    6.051  335.838    1.328
  15180.00 0.125     666.459       4.903    1500.000       0.000    0.0002    4.371  937.513    5.865  340.247    1.713
  15240.00 0.132     667.024       8.688    1500.000       0.000    0.0002    4.969  780.017    7.488  344.516    1.984
  15300.00 0.142     674.182       4.406    1460.000       0.000    0.0002    5.545  960.573    7.375  348.194    1.910
  15360.00 0.142     683.190       5.352    1580.000       0.000    0.0002    5.856 1016.375    8.082  352.300    1.929
  15420.00 0.143     679.419       9.983    1540.000       0.000    0.0002    6.028 1022.267    6.681  355.826    1.828
  15480.00 0.143     672.287      12.867    1940.000       0.000    0.0002    6.137 1014.516    6.810  358.338    1.467
  15540.00 0.145     679.765       9.613    1540.000       0.000    0.0002    6.109  846.320    6.388  360.719    1.315
  15600.00 0.144     680.881       5.492    1500.000       0.000    0.0002    5.905  737.173    6.585  361.373    1.792
  15660.00 0.141     690.069       8.646    1620.000       0.000    0.0002    5.730  616.937    5.297  361.234    1.515
  15720.00 0.137     681.954      12.007    1460.000       0.000    0.0002    5.654  512.970    5.661  362.569    1.284
  15780.00 0.143     680.443       4.395    1500.000       0.000    0.0002    5.612  501.808    6.623  364.006    1.382
  15840.00 0.140     676.835       8.591    1540.000       0.000    0.0002    5.677  541.218    6.285  364.743    1.432
  15900.00 0.138     673.972       4.539    1580.000       0.000    0.0002    5.817  706.643    6.297  364.805    1.597
  15960.00 0.141     670.657       5.190    1500.000       0.000    0.0002    5.935  649.427    5.783  365.306    1.308
  16020.00 0.139     671.529       3.128    1580.000       0.000    0.0002    6.005  597.228    6.329  367.694    1.443
  16080.00 0.145     682.095       6.115    1580.000       0.000    0.0002    5.949  514.753    5.602  370.086    1.459
  16140.00 0.145     687.838       3.142    1620.000       0.000    0.0002    5.873  518.088    6.080  371.828    1.536
  16200.00 0.145     673.513       4.639    1580.000       0.000    0.0002    5.889  545.496    6.022  374.118    1.437
  16260.00 0.141     663.247       8.187    1660.000       0.000    0.0002    5.824  541.230    5.964  375.555    1.386
  16320.00 0.144     657.619       4.490    1580.000       0.000    0.0002    5.779  538.136    5.341  375.183    1.330
  16380.00 0.147     661.325       7.914    1580.000       0.000    0.0002    5.755  446.299    5.617  375.470    1.327
  16440.00 0.144     666.122       9.660    1500.000       0.000    0.0002    5.903  469.251    5.517  377.625    1.173
  16500.00 0.143     671.096       6.267    1540.000       0.000    0.0002    6.164  500.805    5.906  380.230    1.357
  16560.00 0.143     682.253       5.529    1460.000       0.000    0.0002    6.454  582.493    6.155  383.423    1.592
  16620.00 0.143     689.402      11.077    1460.000       0.000    0.0002    6.932  705.322    6.622  388.795    1.551
  16680.00 0.140     696.939      12.939    1580.000       0.000    0.0002    7.526  868.170    6.929  394.938    1.733
  16740.00 0.141     699.308       4.810    1500.000       0.000    0.0002    8.002  888.398    7.082  401.390    1.959
  16800.00 0.141     694.602      10.104    1660.000       0.000    0.0002    8.402  987.584    7.398  408.167    1.929
  16860.00 0.141     694.325       4.394    1660.000       0.000    0.0002    8.616  896.686    7.938  414.583    2.090
  16920.00 0.140     693.997      14.729    1940.000       0.000    0.0002    8.630  915.131    7.568  419.263    2.069
  16980.00 0.142     692.453       9.125    1940.000       0.000    0.0002    8.308  812.413    6.609  421.001    1.954
  17040.00 0.147     698.146       9.669    1580.000       0.000    0.0002    7.953  639.618    5.910  421.547    1.791
  17100.00 0.150     693.377       8.312    1540.000       0.000    0.0002    7.839  669.757    6.709  423.430    1.481
  17160.00 0.152     683.859      11.222    1500.000       0.000    0.0002    8.134  808.616    7.117  427.017    1.771
  17220.00 0.146     678.800      12.333    1620.000       0.000    0.0002    8.868  997.786    7.794  433.498    2.482
  17280.00 0.151     681.748       5.210    1940.000       0.000    0.0002    9.815 1169.071    7.258  440.952    2.138
  17340.00 0.154     675.302       5.048    2020.000       0.000    0.0002   10.512  997.907    7.497  448.226    2.090
  17400.00 0.152     685.056      13.205    1940.000       0.000    0.0002   10.934 1096.290    7.786  455.458    2.072
  17460.00 0.159     698.282       3.436    1940.000       0.000    0.0002   10.689 1070.775    8.325  460.634    2.280
  17520.00 0.158     695.741       6.080    1940.000       0.000    0.0002   10.180 1172.366    9.544  461.305    2.306
  17580.00 0.159     698.712       9.540    1940.000       0.000    0.0002    9.616 1133.574    9.365  456.169    2.100
  17640.00 0.162     697.707      14.661    1940.000       0.000    0.0002    8.891 1111.834    7.838  453.929    2.180
  17700.00 0.157     692.659       8.336    1940.000       0.000    0.0002    8.178  924.871    6.682  450.864    2.155
  17760.00 0.155     695.024      10.488    1940.000       0.000    0.0002    7.610  855.050    6.258  442.503    1.616
  17820.00 0.160     696.214       4.550    1580.000       0.000    0.0002    7.115  614.753    6.354  436.080    1.472
  17880.00 0.157     699.752       2.946    1540.000       0.000    0.0002    6.691  615.532    5.609  433.740    1.255
  17940.00 0.152     704.630      10.322    1580.000       0.000    0.0002    6.269  679.499    5.068  429.872    1.260
  18000.00 0.153     708.599       5.000    1540.000       0.000    0.0002    5.954  869.261    5.896  424.772    1.547
  18060.00 0.142     710.429      13.276    1500.000       0.000    0.0002    5.903  937.647    5.770  421.753    1.700
  18120.00 0.138     723.292       3.363    1580.000       0.000    0.0002    5.936  978.048    5.286  418.620    1.718
  18180.00 0.139     715.088       8.632    1580.000       0.000    0.0002    5.936  943.215    5.692  415.586    1.716
  18240.00 0.142     716.329       3.431    1540.000       0.000    0.0002    5.805  826.266    6.624  414.329    1.443
  18300.00 0.144     699.525       9.153    1500.000       0.000    0.0002    5.506  757.175    5.967  412.382    1.549
  18360.00 0.145     694.420      10.151    1540.000       0.000    0.0002    5.237  734.412    5.901  409.225    1.818
  18420.00 0.146     692.053       6.678    1700.000       0.000    0.0002    4.874  587.523    5.502  405.193    1.708
  18480.00 0.146     692.333       7.467    1500.000       0.000    0.0002    4.421  516.615    5.362  402.493    1.464
  18540.00 0.147     688.856       4.046    1500.000       0.000    0.0002    3.979  488.480    5.593  400.167    1.227
  18600.00 0.146     679.396       9.094    1460.000       0.000    0.0002    3.676  361.125    4.476  396.841    1.057
  18660.00 0.140     689.250       2.164    1660.000       0.000    0.0002    3.518  370.606    4.955  392.747    1.208
  18720.00 0.139     682.035       4.035    1660.000       0.000    0.0002    3.399  338.513    4.517  390.719    1.088
  18780.00 0.137     680.286       6.536    1620.000       0.000    0.0002    3.397  328.936    4.296  390.472    0.958
  18840.00 0.133     676.354       7.109    1620.000       0.000    0.0002    3.571  425.192    5.566  389.317    1.152
  18900.00 0.139     671.228       6.351    1500.000       0.000    0.0002    3.942  525.858    6.284  390.233    1.228
  18960.00 0.138     672.792       7.774    1460.000       0.000    0.0002    4.435  660.004    6.454  395.722    1.549
  19020.00 0.136     671.993       6.212    1620.000       0.000    0.0002    4.984  772.067    7.952  400.719    1.633
  19080.00 0.136     669.982       8.223    1460.000       0.000    0.0002    5.410  877.637    7.517  403.090    1.584
  19140.00 0.137     678.214       4.214    1500.000       0.000    0.0002    5.785  909.896    8.012  407.588    1.564
  19200.00 0.137     674.636       4.405    1540.000       0.000    0.0002    6.109  701.699    6.255  413.648    1.536
  19260.00 0.141     675.820       9.568    1580.000       0.000    0.0002    6.354  717.903    6.560  416.850    1.540
  19320.00 0.142     680.483       5.690    1500.000       0.000    0.0002    6.628  538.418    7.160  419.239    1.539
  19380.00 0.146     677.755       6.801    1420.000       0.000    0.0002    7.000  704.596    7.252  424.193    1.760
  19440.00 0.150     678.797      10.699    1500.000       0.000    0.0002    7.549  839.138    6.656  430.382    1.666
  19500.00 0.148     680.987       8.947    1460.000       0.000    0.0002    8.127  818.563    6.572  437.198    1.449
  19560.00 0.154     683.797       3.006    1500.000       0.000    0.0002    8.609  819.250    6.609  445.690    1.640
  19620.00 0.154     691.033       8.203    1540.000       0.000    0.0002    8.912  727.135    7.270  453.798    1.776
  19680.00 0.146     703.873      11.519    1580.000       0.000    0.0002    9.031  779.477    7.451  459.625    2.034
  19740.00 0.146     721.776      12.764    1500.000       0.000    0.0002    8.890  834.096    8.112  463.232    1.804
  19800.00 0.146     718.023       7.772    1540.000       0.000    0.0002    8.483  845.207    8.521  462.589    2.043
  19860.00 0.147     716.306       8.719    1940.000       0.000    0.0002    7.910  710.587    7.044  458.101    1.543
  19920.00 0.150     714.114       9.106    1580.000       0.000    0.0002    7.258  573.576    6.415  453.643    1.545
  19980.00 0.150     707.166      10.749    1500.000       0.000    0.0002    6.617  539.422    5.964  450.144    1.656
  20040.00 0.154     718.291       5.949    1540.000       0.000    0.0002    5.999  505.839    5.273  443.913    1.499
  20100.00 0.150     709.431      10.634    1460.000       0.000    0.0002    5.490  478.819    6.082  438.730    1.366
  20160.00 0.148     705.554       4.496    1620.000       0.000    0.0002    5.034  490.492    6.772  436.319    1.666
  20220.00 0.146     710.885       9.349    1620.000       0.000    0.0002    4.708  591.330    7.564  433.299    1.475
  20280.00 0.146     697.990       3.116    1500.000       0.000    0.0002    4.509  618.775    6.154  430.345    1.544
  20340.00 0.141     692.860      18.059    1700.000       0.000    0.0002    4.295  621.002    5.395  426.238    1.744
  20400.00 0.139     695.352       9.437    1620.000       0.000    0.0002    4.097  488.309    4.954  422.346    1.490
  20460.00 0.139     708.281      10.561    1540.000       0.000    0.0002    3.914  475.231    5.323  421.896    1.242
  20520.00 0.137     702.000       7.821    1460.000       0.000    0.0002    3.836  618.134    5.692  422.405    1.518
  20580.00 0.138     697.173      11.095    1540.000       0.000    0.0002    3.879  577.389    5.888  419.524    1.417
  20640.00 0.140     704.398      10.716    1540.000       0.000    0.0002    3.950  532.981    6.438  415.196    1.370
  20700.00 0.144     708.217       8.795    1500.000       0.000    0.0002    3.960  567.572    5.502  414.037    1.385
  20760.00 0.140     701.958       3.287    1540.000       0.000    0.0002    3.883  413.226    5.211  414.460    1.326
  20820.00 0.139     709.667       6.760    1580.000       0.000    0.0002    3.822  309.848    4.280  414.027    1.189
  20880.00 0.141     698.411       4.491    1420.000       0.000    0.0002    3.811  300.099    5.101  413.530    1.128
  20940.00 0.141     690.000       6.319    1460.000       0.000    0.0002    3.970  312.535    4.529  413.788    1.192
  21000.00 0.140     692.265       8.153    1500.000       0.000    0.0002    4.201  393.723    5.510  415.098    1.301
  21060.00 0.137     686.595      14.118    1420.000       0.000    0.0002    4.462  412.785    6.037  416.676    1.534
  21120.00 0.144     693.424      12.000    1500.000       0.000    0.0002    4.787  421.005    5.865  417.548    1.228
  21180.00 0.146     695.125       8.948    1500.000       0.000    0.0002    5.028  474.583    5.191  419.243    1.351
  21240.00 0.146     702.274      15.686    1500.000       0.000    0.0002    5.233  436.159    5.521  422.323    1.365
  21300.00 0.147     705.724      10.549    1420.000       0.000    0.0002    5.379  355.613    5.642  424.251    1.151
  21360.00 0.150     708.208       5.603    1500.000       0.000    0.0002    5.435  445.494    5.501  425.659    1.316
  21420.00 0.153     704.480       6.400    1540.000       0.000    0.0002    5.506  531.021    5.987  428.233    1.552
  21480.00 0.151     707.455       6.029    1460.000       0.000    0.0002    5.696  599.233    6.907  430.094    1.824
  21540.00 0.149     716.759       7.038    1540.000       0.000    0.0002    5.925  566.415    6.756  430.730    1.511
  21600.00 0.145     722.770      10.101    1500.000       0.000    0.0002    6.069  634.569    6.062  431.642    1.396
  21660.00 0.145     732.054       4.714    1540.000       0.000    0.0002    6.111  587.402    6.486  432.614    1.513
  21720.00 0.143     732.055      13.630    1540.000       0.000    0.0002    6.013  712.603    6.369  434.490    1.584
  21780.00 0.143     728.308       9.744    1540.000       0.000    0.0002    5.893  739.624    7.520  435.972    1.618
  21840.00 0.139     725.779       9.527    1500.000       0.000    0.0002    5.780  888.037    7.509  435.697    1.971
  21900.00 0.137     721.500       6.929    1540.000       0.000    0.0002    5.580 1015.487    7.751  432.899    1.733
  21960.00 0.137     719.041       9.663    1620.000       0.000    0.0002    5.194  928.102    7.536  428.459    1.732
  22020.00 0.135     710.234      10.595    1580.000       0.000    0.0002    4.692  871.753    5.837  424.941    1.391
  22080.00 0.139     719.225       6.937    1620.000       0.000    0.0002    4.210  597.779    6.185  422.916    1.293
  22140.00 0.131     711.215       7.290    1580.000       0.000    0.0002    3.798  434.312    5.009  417.939    1.173
  22200.00 0.123     706.839       9.384    1580.000       0.000    0.0002    3.601  357.796    4.734  411.501    1.219
  22260.00 0.128     720.038       5.736    1460.000       0.000    0.0002    3.440  360.339    5.352  407.986    1.222
  22320.00 0.126     717.442      10.504    1620.000       0.000    0.0002    3.265  287.139    5.185  405.587    1.221
  22380.00 0.122     719.401       4.351    1500.000       0.000    0.0002    3.061  298.953    5.445  402.067    1.219
  22440.00 0.125     715.922       7.882    1500.000       0.000    0.0002    2.959  370.511    6.663  400.560    1.224
  22500.00 0.113     706.681       9.718    1460.000       0.000    0.0002    3.009  366.805    6.068  401.791    1.212
  22560.00 0.121     703.219       6.278    1420.000       0.000    0.0002    3.179  420.214    6.650  401.759    1.271
  22620.00 0.123     702.624       6.720    1460.000       0.000    0.0002    3.440  419.888    5.860  400.565    1.317
  22680.00 0.128     703.886       8.457    1460.000       0.000    0.0002    3.762  516.225    6.294  401.638    1.342
  22740.00 0.129     690.851       8.204    1500.000       0.000    0.0002    4.107  600.352    6.818  405.818    1.641
  22800.00 0.126     700.078      11.589    1460.000       0.000    0.0002    4.546  635.789    7.985  410.776    1.785
  22860.00 0.128     692.000       7.086    1580.000       0.000    0.0002    4.895  728.094    7.344  415.044    1.808
  22920.00 0.131     698.056       7.439    1580.000       0.000    0.0002    5.098  777.034    7.808  416.910    1.970
  22980.00 0.133     697.289       2.125    1940.000       0.000    0.0002    5.063  579.200    6.830  416.874    1.604
  23040.00 0.142     694.414       6.552    1660.000       0.000    0.0002    5.021  536.594    6.820  418.710    1.393
  23100.00 0.140     699.231       4.266    1500.000       0.000    0.0002    5.111  529.724    6.901  421.184    1.551
  23160.00 0.142     693.208       8.336    1500.000       0.000    0.0002    5.096  613.892    7.317  420.288    1.520
  23220.00 0.137     698.437       8.988    1620.000       0.000    0.0002    4.985  680.797    7.240  419.142    1.663
  23280.00 0.141     697.024       9.550    1500.000       0.000    0.0002    4.916  778.888    7.606  420.316    1.806
  23340.00 0.137     694.510      11.087    1540.000       0.000    0.0002    4.741  805.361    7.336  420.069    1.839
  23400.00 0.139     697.758       9.247    1580.000       0.000    0.0002    4.604  747.585    8.481  418.074    2.037
  23460.00 0.135     691.191       4.982    1940.000       0.000    0.0002    4.483  676.849    5.960  417.026    1.734
  23520.00 0.140     699.930       4.591    1620.000       0.000    0.0002    4.332  414.873    5.345  419.176    1.360
  23580.00 0.142     701.652       9.157    1460.000       0.000    0.0002    4.265  306.642    4.984  421.094    1.172
  23640.00 0.143     699.521       8.239    1460.000       0.000    0.0002    4.372  303.702    5.242  420.420    1.153
  23700.00 0.143     709.247       9.144    1340.000       0.000    0.0002    4.579  347.291    5.279  419.626    1.113
  23760.00 0.150     716.352       4.560    1540.000       0.000    0.0002    4.808  362.116    6.464  421.472    1.220
  23820.00 0.154     727.854       5.119    1420.000       0.000    0.0002    5.049  465.292    6.587  425.418    1.269
  23880.00 0.157     736.025       4.752    1580.000       0.000    0.0002    5.224  572.150    6.483  429.009    1.502
  23940.00 0.159     727.626       7.044    1580.000       0.000    0.0002    5.298  474.548    6.434  430.452    1.760
  24000.00 0.168     733.904      11.872    1580.000       0.000    0.0002    5.229  450.973    5.710  430.132    1.578
  24060.00 0.165     728.817       5.799    1540.000       0.000    0.0002    5.137  466.690    5.445  430.330    1.374
  24120.00 0.168     717.933       2.940    1540.000       0.000    0.0002    4.988  402.483    5.379  431.771    1.473
  24180.00 0.167     718.065       5.308    1540.000       0.000    0.0002    4.905  436.156    5.216  431.986    1.420
  24240.00 0.175     710.391       3.743    1540.000       0.000    0.0002    4.931  506.788    5.029  431.870    1.240
  24300.00 0.178     706.895       6.293    1500.000       0.000    0.0002    5.156  484.042    5.357  433.633    1.353
  24360.00 0.183     703.957       6.123    1420.000       0.000    0.0002    5.460  443.047    5.956  436.072    1.337
  24420.00 0.182     710.656      12.262    1500.000       0.000    0.0002    5.785  492.411    6.760  438.236    1.395
  24480.00 0.185     707.124       5.066    1580.000       0.000    0.0002    6.112  598.430    6.935  441.478    1.458
  24540.00 0.194     722.843       9.308    1500.000       0.000    0.0002    6.348  704.701    7.234  445.559    1.636
  24600.00 0.181     721.024       9.973    1500.000       0.000    0.0002    6.584  719.133    8.168  449.573    1.800
  24660.00 0.178     713.589       8.521    1580.000       0.000    0.0002    6.833  736.608    6.588  453.628    1.716
  24720.00 0.181     714.933       9.084    1940.000       0.000    0.0002    7.004  723.918    7.308  459.335    1.928
  24780.00 0.182     721.930       8.981    1940.000       0.000    0.0002    7.272  948.113    8.067  466.460    1.777
  24840.00 0.178     732.044       9.547    1540.000       0.000    0.0002    7.685 1041.500    8.608  473.475    2.254
  24900.00 0.178     737.534       6.466    1940.000       0.000    0.0002    7.996 1135.795    9.871  477.783    2.384
  24960.00 0.175     734.860      10.168    1940.000       0.000    0.0002    8.117 1158.908    7.690  477.642    2.075
  25020.00 0.174     740.112      17.171    1940.000       0.000    0.0002    8.031  866.731    6.924  481.675    1.837
  25080.00 0.169     748.876      10.576    1660.000       0.000    0.0002    7.878  685.584    6.636  489.135    2.294
  25140.00 0.172     758.636       7.045    1580.000       0.000    0.0002    7.674  627.338    6.229  489.568    1.718
  25200.00 0.173     753.579       6.535    1540.000       0.000    0.0002    7.423  572.333    6.389  484.714    1.473
  25260.00 0.169     753.160       9.784    1580.000       0.000    0.0002    7.109  470.466    6.468  482.350    1.544
  25320.00 0.169     759.597       5.504    1540.000       0.000    0.0002    6.765  482.719    6.383  480.777    1.448
  25380.00 0.165     746.795       8.124    1540.000       0.000    0.0002    6.566  528.285    7.478  476.873    1.453
  25440.00 0.162     743.801       9.231    1460.000       0.000    0.0002    6.358  460.716    6.807  473.314    1.407
  25500.00 0.162     731.554       6.275    1540.000       0.000    0.0002    6.067  462.242    6.712  471.387    1.435
  25560.00 0.160     731.878      10.321    1500.000       0.000    0.0002    5.796  489.896    5.261  468.531    1.306
  25620.00 0.159     730.000       2.025    1540.000       0.000    0.0002    5.449  400.717    5.665  464.950    1.421
  25680.00 0.157     724.860       7.819    1540.000       0.000    0.0002    5.123  431.509    6.438  462.061    1.368
  25740.00 0.159     717.292       5.754    1580.000       0.000    0.0002    4.833  489.595    6.065  458.044    1.404
  25800.00 0.152     716.206       5.305    1500.000       0.000    0.0002    4.682  629.837    6.981  454.511    1.492
  25860.00 0.151     710.680       2.718    1460.000       0.000    0.0002    4.631  619.532    6.147  452.827    1.373
  25920.00 0.152     707.460       3.151    1460.000       0.000    0.0002    4.578  620.837    6.550  451.561    1.690
  25980.00 0.150     715.584      10.260    1540.000       0.000    0.0002    4.484  638.240    6.115  448.938    1.567
  26040.00 0.150     717.096       6.460    1420.000       0.000    0.0002    4.383  630.475    5.575  444.992    1.548
  26100.00 0.158     718.328       9.938    1540.000       0.000    0.0002    4.232  407.890    5.667  441.722    1.196
  26160.00 0.150     732.170      16.966    1540.000       0.000    0.0002    4.161  331.975    5.124  439.791    1.239
  26220.00 0.149     725.311      10.197    1540.000       0.000    0.0002    4.156  302.459    4.843  438.031    1.298
  26280.00 0.140     721.115       9.826    1460.000       0.000    0.0002    4.247  338.131    4.727  437.119    1.254
  26340.00 0.137     726.690       2.989    1460.000       0.000    0.0002    4.427  380.649    4.803  436.879    1.264
  26400.00 0.140     736.364       9.231    1500.000       0.000    0.0002    4.606  408.237    5.406  438.199    1.364
  26460.00 0.134     741.891       8.327    1540.000       0.000    0.0002    4.862  466.518    5.193  441.361    1.379
  26520.00 0.138     740.851      10.426    1420.000       0.000    0.0002    5.213  520.382    5.521  444.808    1.530
  26580.00 0.138     745.159       6.820    1620.000       0.000    0.0002    5.520  597.377    6.420  447.995    1.769
  26640.00 0.144     757.220       7.424    1620.000       0.000    0.0002    5.797  677.356    6.326  451.078    2.126
  26700.00 0.140     751.748       8.741    1540.000       0.000    0.0002    5.879  669.786    6.753  452.409    1.848
  26760.00 0.143     752.513       9.880    1620.000       0.000    0.0002    5.861  624.157    6.389  453.764    1.783
  26820.00 0.142     759.655      11.345    1620.000       0.000    0.0002    5.704  480.361    6.668  456.096    1.637
  26880.00 0.148     754.983       5.743    1580.000       0.000    0.0002    5.448  532.141    6.617  456.496    1.584
  26940.00 0.147     743.527       4.459    1580.000       0.000    0.0002    5.208  705.579    6.797  456.010    1.707
  27000.00 0.151     741.422       5.299    1500.000       0.000    0.0002    4.910  708.400    6.777  454.394    1.833
  27060.00 0.152     736.148       8.539    1500.000       0.000    0.0002    4.590  750.313    5.779  451.034    1.697
  27120.00 0.149     732.406      11.817    1540.000       0.000    0.0002    4.313  678.897    5.464  449.398    1.782
  27180.00 0.149     716.498       9.820    1460.000       0.000    0.0002    4.086  469.467    4.823  451.055    1.313
  27240.00 0.155     711.465      15.622    1500.000       0.000    0.0002    4.108  410.375    6.430  453.055    1.558
  27300.00 0.150     703.961       5.747    1460.000       0.000    0.0002    4.329  500.824    6.769  452.080    1.386
  27360.00 0.156     709.173       3.151    1580.000       0.000    0.0002    4.795  588.708    6.236  450.730    1.667
  27420.00 0.160     714.756       6.037    1620.000       0.000    0.0002    5.333  635.889    6.341  453.171    1.653
  27480.00 0.169     716.970       3.925    1420.000       0.000    0.0002    5.793  576.837    5.554  457.047    1.634
  27540.00 0.175     724.358      15.363    1540.000       0.000    0.0002    6.178  389.041    5.915  460.744    1.484
  27600.00 0.173     728.507       9.803    1620.000       0.000    0.0002    6.713  424.337    6.722  467.912    1.495
  27660.00 0.178     728.274       9.973    1500.000       0.000    0.0002    7.448  602.981    7.687  476.976    1.920
  27720.00 0.181     738.116      13.701    1620.000       0.000    0.0002    8.266  700.504    8.399  486.347    2.261
  27780.00 0.180     749.485       9.783    1500.000       0.000    0.0002    8.990  888.393    8.879  495.602    1.820
  27840.00 0.185     748.296       5.495    1940.000       0.000    0.0002    9.483 1098.322    9.111  505.509    2.065
  27900.00 0.183     753.103       6.445    1940.000       0.000    0.0002    9.504 1178.158    9.881  512.929    2.445
  27960.00 0.189     771.203       9.651    1940.000       0.000    0.0002    9.009 1168.125    9.324  514.020    2.159
  28020.00 0.189     770.916      11.381    1940.000       0.000    0.0002    8.438  838.881    6.916  514.533    1.771
  28080.00 0.180     773.813       7.707    1620.000       0.000    0.0002    8.066  642.679    7.127  518.361    1.774
  28140.00 0.176     763.324       9.778    1620.000       0.000    0.0002    8.023  521.236    7.938  521.663    1.613
  28200.00 0.171     756.605      12.011    1580.000       0.000    0.0002    8.363  521.579    7.519  523.381    1.675
  28260.00 0.172     746.942       8.563    1580.000       0.000    0.0002    8.683  512.834    6.840  526.563    1.632
  28320.00 0.168     761.512       3.634    1580.000       0.000    0.0002    8.780  569.328    6.848  530.106    1.698
  28380.00 0.171     763.233       7.668    1500.000       0.000    0.0002    8.570  629.520    6.349  530.690    1.781
  28440.00 0.177     772.121       8.898    1580.000       0.000    0.0002    8.330  578.615    6.237  529.404    1.721
  28500.00 0.177     773.994      11.240    1620.000       0.000    0.0002    8.098  489.221    6.195  530.933    1.640
  28560.00 0.178     772.384       7.342    1540.000       0.000    0.0002    8.063  562.087    7.836  536.313    1.558
  28620.00 0.179     775.082       5.847    1620.000       0.000    0.0002    8.472  575.998    7.975  541.039    1.888
  28680.00 0.181     773.908       9.191    1540.000       0.000    0.0002    8.936  688.478    7.574  542.493    1.805
  28740.00 0.182     775.484       8.978    1540.000       0.000    0.0002    9.395  774.560    7.626  544.662    1.825
  28800.00 0.182     781.501       7.185    1940.000       0.000    0.0002    9.550  826.336    7.542  547.598    2.140
