#  time      cc     z_cbase    z_ctop_avg  z_ctop_max      zi         we   <<ql>>  <<ql>>_max   w_max   tke     ql_max
     60.00 0.000       0.000       0.000       0.000       0.000    0.0002    0.000    0.000    0.193  616.634    0.000
    120.00 0.000       0.000       0.000       0.000       0.000    0.0002    0.000    0.000    0.277  417.118    0.000
    180.00 0.000       0.000       0.000       0.000       0.000    0.0002    0.000    0.000    0.343  300.176    0.000
    240.00 0.000       0.000       0.000       0.000       0.000    0.0002    0.000    0.000    0.290  225.841    0.000
    300.00 0.000       0.000       0.000       0.000       0.000    0.0002    0.000    0.000    0.247  176.597    0.000
    360.00 0.000       0.000       0.000       0.000       0.000    0.0002    0.000    0.000    0.280  143.413    0.000
    420.00 0.000       0.000       0.000       0.000       0.000    0.0002    0.000    0.000    0.310  121.158    0.000
    480.00 0.000       0.000       0.000       0.000       0.000    0.0002    0.000    0.000    0.320  105.764    0.000
    540.00 0.000       0.000       0.000       0.000       0.000    0.0002    0.000    0.000    0.348   93.938    0.000
    600.00 0.000       0.000       0.000       0.000       0.000    0.0002    0.000    0.000    0.372   84.648    0.000
    660.00 0.000       0.000       0.000       0.000       0.000    0.0002    0.000    0.000    0.397   78.079    0.000
    720.00 0.000       0.000       0.000       0.000       0.000    0.0002    0.000    0.000    0.415   73.777    0.000
    780.00 0.000       0.000       0.000       0.000       0.000    0.0002    0.000    0.000    0.497   71.001    0.000
    840.00 0.000       0.000       0.000       0.000       0.000    0.0002    0.000    0.000    0.543   69.231    0.000
    900.00 0.000       0.000       0.000       0.000       0.000    0.0002    0.000    0.000    0.605   68.007    0.000
    960.00 0.000       0.000       0.000       0.000       0.000    0.0002    0.000    0.000    0.635   67.399    0.000
   1020.00 0.000       0.000       0.000       0.000       0.000    0.0002    0.000    0.000    0.677   67.897    0.000
   1080.00 0.000       0.000       0.000       0.000       0.000    0.0002    0.000    0.000    0.764   69.484    0.000
   1140.00 0.000       0.000       0.000       0.000       0.000    0.0002    0.000    0.000    0.824   71.795    0.000
   1200.00 0.000       0.000       0.000       0.000       0.000    0.0002    0.000    0.000    0.840   74.802    0.000
   1260.00 0.000     540.000       0.000     540.000       0.000    0.0002    0.000    0.081    0.928   78.646    0.002
   1320.00 0.002     557.778       0.000     580.000       0.000    0.0002    0.001    1.578    0.986   83.459    0.035
   1380.00 0.007     558.571      20.714     580.000       0.000    0.0002    0.009    4.252    1.023   89.484    0.096
   1440.00 0.013     565.385       0.000     580.000       0.000    0.0002    0.032    8.848    1.143   96.805    0.125
   1500.00 0.025     560.784       5.686     660.000       0.000    0.0002    0.080   13.593    1.194  105.283    0.220
   1560.00 0.037     565.867       3.867     660.000       0.000    0.0002    0.168   20.736    1.413  114.900    0.269
   1620.00 0.053     565.438       5.161     660.000       0.000    0.0002    0.313   34.385    1.688  125.708    0.341
   1680.00 0.074     567.063       7.657     660.000       0.000    0.0002    0.525   51.618    1.819  137.622    0.438
   1740.00 0.089     568.852       6.230     660.000       0.000    0.0002    0.839   74.052    2.313  150.525    0.552
   1800.00 0.108     568.804       4.018     700.000       0.000    0.0002    1.244  105.098    2.502  164.180    0.703
   1860.00 0.125     569.824       6.888     780.000       0.000    0.0002    1.738  134.679    2.855  178.208    0.830
   1920.00 0.138     569.433       6.596     860.000       0.000    0.0002    2.309  147.801    3.122  192.204    0.859
   1980.00 0.155     570.347       5.804     900.000       0.000    0.0002    2.940  165.425    3.228  205.827    0.894
   2040.00 0.169     572.785       5.022     940.000       0.000    0.0002    3.594  212.036    4.048  218.619    0.928
   2100.00 0.181     573.738       4.858     980.000       0.000    0.0002    4.196  268.272    4.305  230.116    1.065
   2160.00 0.191     580.868       7.458    1140.000       0.000    0.0002    4.757  295.777    4.067  240.085    1.056
   2220.00 0.197     588.129       2.206    1300.000       0.000    0.0002    5.272  316.185    4.417  248.308    1.143
   2280.00 0.203     591.312       5.319    1300.000       0.000    0.0002    5.738  381.625    4.022  254.703    1.013
   2340.00 0.202     592.449       1.641    1420.000       0.000    0.0002    6.130  459.855    4.243  259.468    1.183
   2400.00 0.199     596.912       5.564    1300.000       0.000    0.0002    6.433  475.277    5.316  262.345    1.526
   2460.00 0.198     597.333       9.062    1340.000       0.000    0.0002    6.678  447.084    5.303  262.909    1.240
   2520.00 0.197     596.348      10.261    1300.000       0.000    0.0002    6.818  461.476    4.549  261.410    1.151
   2580.00 0.199     603.411       3.902    1380.000       0.000    0.0002    6.743  402.450    4.072  257.762    1.149
   2640.00 0.199     608.761       7.534    1420.000       0.000    0.0002    6.500  364.665    4.548  252.639    1.123
   2700.00 0.193     616.818       7.197    1340.000       0.000    0.0002    6.150  329.663    3.695  246.886    1.072
   2760.00 0.182     622.523       7.597    1420.000       0.000    0.0002    5.823  323.613    4.191  241.488    1.192
   2820.00 0.173     626.488       7.814    1460.000       0.000    0.0002    5.573  390.524    4.013  236.361    1.189
   2880.00 0.167     629.213       3.178    1380.000       0.000    0.0002    5.313  403.315    3.727  230.845    1.080
   2940.00 0.157     633.581       8.682    1420.000       0.000    0.0002    5.118  371.820    3.564  224.929    0.983
   3000.00 0.148     635.207       9.950    1340.000       0.000    0.0002    4.939  377.795    4.176  218.994    1.203
   3060.00 0.146     637.993       5.217    1300.000       0.000    0.0002    4.813  429.910    4.203  213.771    1.153
   3120.00 0.135     639.313       5.533    1340.000       0.000    0.0002    4.679  428.064    3.826  209.549    1.182
   3180.00 0.129     638.596       8.197    1340.000       0.000    0.0002    4.518  359.119    4.456  206.409    1.408
   3240.00 0.131     640.672       8.657    1300.000       0.000    0.0002    4.341  424.483    4.502  203.692    1.416
   3300.00 0.125     636.654       2.646    1340.000       0.000    0.0002    4.130  470.615    4.804  200.199    1.532
   3360.00 0.124     636.680      11.146    1340.000       0.000    0.0002    3.826  477.231    4.650  195.842    1.380
   3420.00 0.120     644.440       8.391    1420.000       0.000    0.0002    3.373  450.883    4.051  191.391    1.098
   3480.00 0.122     648.800       7.880    1420.000       0.000    0.0002    2.798  378.968    3.487  187.442    0.999
   3540.00 0.122     644.208       7.816    1460.000       0.000    0.0002    2.273  362.466    3.290  184.695    0.971
   3600.00 0.110     647.494       5.676    1420.000       0.000    0.0002    1.868  331.896    3.008  182.335    0.887
   3660.00 0.104     642.576       7.026    1340.000       0.000    0.0002    1.616  221.988    2.948  179.146    0.888
   3720.00 0.101     642.169       5.398    1340.000       0.000    0.0002    1.474  192.230    2.989  176.024    0.782
   3780.00 0.103     631.048      13.952    1460.000       0.000    0.0002    1.479  200.307    3.069  173.908    0.826
   3840.00 0.101     632.464       5.894    1380.000       0.000    0.0002    1.558  230.318    3.479  173.013    0.969
   3900.00 0.102     632.344      10.574    1300.000       0.000    0.0002    1.653  272.025    3.621  172.999    1.032
   3960.00 0.103     626.095       9.810    1300.000       0.000    0.0002    1.752  332.635    3.521  173.088    1.080
   4020.00 0.104     619.812      12.047    1300.000       0.000    0.0002    1.857  385.604    3.644  172.873    1.033
   4080.00 0.104     622.717       6.464    1340.000       0.000    0.0002    1.973  412.649    3.538  172.619    0.902
   4140.00 0.113     624.425      11.106    1380.000       0.000    0.0002    2.064  411.627    3.413  172.694    0.920
   4200.00 0.116     630.901      12.746    1460.000       0.000    0.0002    2.127  378.768    3.761  173.084    0.969
   4260.00 0.116     627.747       2.779    1420.000       0.000    0.0002    2.155  295.974    3.660  173.680    0.945
   4320.00 0.116     627.715       3.983    1340.000       0.000    0.0002    2.210  244.486    3.449  174.738    0.911
   4380.00 0.115     626.043       6.936    1380.000       0.000    0.0002    2.295  300.720    4.011  176.353    1.099
   4440.00 0.112     623.406       9.825    1420.000       0.000    0.0002    2.406  337.597    4.487  178.411    1.056
   4500.00 0.116     623.629       1.392    1340.000       0.000    0.0002    2.498  364.816    4.395  180.631    1.187
   4560.00 0.116     620.755       6.583    1300.000       0.000    0.0002    2.518  446.635    4.912  182.406    1.160
   4620.00 0.115     622.030       7.146    1300.000       0.000    0.0002    2.482  473.805    4.272  183.551    1.015
   4680.00 0.121     627.030       5.091    1300.000       0.000    0.0002    2.424  436.160    4.538  184.907    1.189
   4740.00 0.120     619.918       7.837    1420.000       0.000    0.0002    2.371  400.485    4.081  186.915    1.146
   4800.00 0.119     618.439       7.556    1340.000       0.000    0.0002    2.344  354.919    4.544  189.086    1.081
   4860.00 0.122     615.848       6.427    1380.000       0.000    0.0002    2.370  343.719    4.053  190.788    0.886
   4920.00 0.126     614.175      10.835    1340.000       0.000    0.0002    2.439  263.613    3.432  192.282    0.904
   4980.00 0.129     608.507       7.108    1380.000       0.000    0.0002    2.586  241.347    3.338  193.848    0.894
   5040.00 0.136     611.727      12.734    1300.000       0.000    0.0002    2.807  253.777    3.618  195.633    0.955
   5100.00 0.135     611.957       8.007    1380.000       0.000    0.0002    3.055  262.721    3.845  197.764    0.876
   5160.00 0.134     606.909       5.782    1380.000       0.000    0.0002    3.340  312.949    3.955  200.258    0.974
   5220.00 0.139     611.283       5.413    1340.000       0.000    0.0002    3.636  385.990    4.008  203.098    1.095
   5280.00 0.139     608.662       4.437    1340.000       0.000    0.0002    3.873  449.457    4.721  205.958    1.196
   5340.00 0.138     616.454       6.879    1300.000       0.000    0.0002    4.049  450.417    5.098  208.547    1.190
   5400.00 0.139     625.404       5.579    1380.000       0.000    0.0002    4.128  380.779    4.313  210.874    1.056
   5460.00 0.145     626.599       8.552    1300.000       0.000    0.0002    4.165  429.705    3.878  213.185    1.086
   5520.00 0.145     625.270       7.568    1300.000       0.000    0.0002    4.173  476.743    4.033  215.142    1.018
   5580.00 0.144     627.580       5.685    1300.000       0.000    0.0002    4.166  494.477    3.784  216.201    0.978
   5640.00 0.143     631.672       4.300    1300.000       0.000    0.0002    4.107  433.248    3.974  216.582    0.993
   5700.00 0.141     628.705       7.185    1380.000       0.000    0.0002    4.021  393.595    4.380  216.740    1.038
   5760.00 0.142     629.241       2.276    1380.000       0.000    0.0002    3.928  375.328    4.397  216.731    0.950
   5820.00 0.144     628.081       3.430    1300.000       0.000    0.0002    3.822  383.495    4.002  216.478    1.034
   5880.00 0.149     632.026       3.922    1340.000       0.000    0.0002    3.764  381.919    4.214  216.806    1.063
   5940.00 0.142     633.241       7.931    1380.000       0.000    0.0002    3.822  373.505    4.084  217.703    1.030
   6000.00 0.145     631.429      10.050    1300.000       0.000    0.0002    3.940  343.621    3.975  218.206    1.075
   6060.00 0.148     627.710       9.357    1340.000       0.000    0.0002    4.129  297.649    4.247  218.660    1.078
   6120.00 0.150     624.959       8.679    1380.000       0.000    0.0002    4.377  331.227    4.472  219.542    1.107
   6180.00 0.157     630.451       4.355    1340.000       0.000    0.0002    4.634  407.248    5.365  221.093    1.302
   6240.00 0.153     641.725       4.633    1340.000       0.000    0.0002    4.884  484.005    5.184  223.244    1.202
   6300.00 0.151     640.647       2.265    1420.000       0.000    0.0002    5.041  611.212    5.191  225.526    1.348
   6360.00 0.146     645.400       5.067    1460.000       0.000    0.0002    5.015  707.796    5.423  226.962    1.369
   6420.00 0.144     645.492      10.034    1500.000       0.000    0.0002    4.858  729.896    5.788  227.453    1.546
   6480.00 0.146     652.375       6.555    1420.000       0.000    0.0002    4.681  853.036    5.923  227.618    1.446
   6540.00 0.147     652.413       7.088    1500.000       0.000    0.0002    4.463  908.449    4.928  227.437    1.490
   6600.00 0.138     648.783       6.102    1580.000       0.000    0.0002    4.193  816.049    4.841  226.953    1.384
   6660.00 0.135     645.481       6.788    1580.000       0.000    0.0002    3.911  609.871    5.976  226.225    1.561
   6720.00 0.134     647.569       7.057    1500.000       0.000    0.0002    3.582  512.578    5.635  224.767    1.378
   6780.00 0.134     649.416       6.387    1460.000       0.000    0.0002    3.279  324.216    4.052  222.319    1.139
   6840.00 0.131     656.561       4.935    1460.000       0.000    0.0002    3.063  297.198    3.487  220.541    0.920
   6900.00 0.135     648.551       9.094    1460.000       0.000    0.0002    2.940  278.515    3.327  220.085    0.853
   6960.00 0.136     647.698       8.022    1420.000       0.000    0.0002    2.986  359.896    3.870  220.237    0.999
   7020.00 0.138     644.212       3.363    1340.000       0.000    0.0002    3.176  427.505    4.542  221.147    1.071
   7080.00 0.137     642.460       3.387    1380.000       0.000    0.0002    3.472  489.357    4.977  223.323    1.248
   7140.00 0.135     637.681       3.877    1380.000       0.000    0.0002    3.864  612.595    5.689  226.641    1.390
   7200.00 0.135     637.360       7.595    1340.000       0.000    0.0002    4.336  803.395    6.781  230.512    1.602
   7260.00 0.137     636.714       7.429    1420.000       0.000    0.0002    4.786  981.339    5.649  234.297    1.662
   7320.00 0.133     629.304       9.158    1340.000       0.000    0.0002    5.088  991.524    6.057  237.751    2.160
   7380.00 0.140     639.339       3.304    1380.000       0.000    0.0002    5.150  924.513    5.503  240.570    1.947
   7440.00 0.139     632.373       6.608    1940.000       0.000    0.0002    5.007  768.314    6.757  242.268    1.414
   7500.00 0.140     638.922       3.374    1460.000       0.000    0.0002    4.838  784.440    6.228  244.913    1.436
   7560.00 0.142     635.643       7.650    1460.000       0.000    0.0002    4.829  805.324    5.047  246.563    1.200
   7620.00 0.138     636.113       4.523    1500.000       0.000    0.0002    4.929  619.606    5.243  246.957    1.443
   7680.00 0.134     640.511       2.847    1380.000       0.000    0.0002    5.109  541.801    5.798  248.847    1.516
   7740.00 0.141     646.667       4.560    1380.000       0.000    0.0002    5.276  658.388    5.995  250.705    1.433
   7800.00 0.144     647.817       7.817    1500.000       0.000    0.0002    5.450  642.860    5.536  252.159    1.418
   7860.00 0.145     651.597      13.445    1380.000       0.000    0.0002    5.601  637.051    5.752  254.339    1.451
   7920.00 0.150     652.964       7.590    1420.000       0.000    0.0002    5.690  677.838    5.454  256.928    1.582
   7980.00 0.148     662.303       9.408    1500.000       0.000    0.0002    5.682  637.769    6.031  258.508    1.824
   8040.00 0.147     660.998      11.215    1460.000       0.000    0.0002    5.518  575.665    5.242  258.985    1.603
   8100.00 0.149     668.497       6.634    1460.000       0.000    0.0002    5.301  500.455    5.464  259.749    1.429
   8160.00 0.149     659.475       3.744    1460.000       0.000    0.0002    5.132  661.721    5.607  262.087    1.203
   8220.00 0.148     650.972      11.565    1500.000       0.000    0.0002    5.129  857.448    5.471  264.383    1.519
   8280.00 0.149     654.959       4.190    1420.000       0.000    0.0002    5.134  871.072    6.162  264.967    1.845
   8340.00 0.145     659.395      10.319    1420.000       0.000    0.0002    5.099  671.364    5.148  264.597    1.546
   8400.00 0.151     656.045       9.887    1380.000       0.000    0.0002    5.095  544.675    5.500  265.231    1.384
   8460.00 0.150     654.976       8.744    1380.000       0.000    0.0002    5.045  569.333    5.396  265.840    1.311
   8520.00 0.151     656.629       8.590    1420.000       0.000    0.0002    4.915  501.991    4.655  264.909    1.277
   8580.00 0.156     665.429       6.802    1500.000       0.000    0.0002    4.771  478.427    4.212  264.302    1.191
   8640.00 0.155     658.428      13.459    1460.000       0.000    0.0002    4.706  460.520    4.402  265.376    1.140
   8700.00 0.148     649.421       5.455    1420.000       0.000    0.0002    4.787  450.671    5.883  267.119    1.271
   8760.00 0.148     643.234       4.917    1380.000       0.000    0.0002    4.997  539.918    5.902  268.593    1.149
   8820.00 0.149     642.128       3.797    1340.000       0.000    0.0002    5.248  562.423    4.690  269.890    1.128
   8880.00 0.149     648.309       4.696    1380.000       0.000    0.0002    5.517  566.825    4.590  272.086    1.243
   8940.00 0.151     651.262       5.340    1460.000       0.000    0.0002    5.765  580.051    4.905  274.893    1.454
   9000.00 0.153     661.152       7.200    1420.000       0.000    0.0002    5.953  564.709    4.985  277.437    1.378
   9060.00 0.150     667.415      10.211    1420.000       0.000    0.0002    6.065  588.372    5.733  279.893    1.414
   9120.00 0.146     656.181      13.233    1420.000       0.000    0.0002    6.053  702.302    5.403  282.884    1.448
   9180.00 0.149     660.850      10.196    1420.000       0.000    0.0002    6.032  645.392    5.956  284.686    1.462
   9240.00 0.147     663.311      12.053    1420.000       0.000    0.0002    6.049  667.631    6.298  286.349    1.584
   9300.00 0.150     664.039      10.326    1420.000       0.000    0.0002    6.063  810.201    5.835  288.249    1.535
   9360.00 0.153     666.879       6.401    1420.000       0.000    0.0002    6.018  946.835    6.372  289.629    1.603
   9420.00 0.147     664.459       6.789    1500.000       0.000    0.0002    5.961  990.882    6.037  290.823    1.789
   9480.00 0.146     660.401       5.920    1540.000       0.000    0.0002    5.832  927.263    5.724  290.816    1.909
   9540.00 0.146     650.419       3.853    1460.000       0.000    0.0002    5.611  671.847    4.945  290.323    1.875
   9600.00 0.146     654.899       6.141    1540.000       0.000    0.0002    5.554  540.933    4.645  291.914    1.118
   9660.00 0.144     655.458       3.492    1500.000       0.000    0.0002    5.794  590.127    4.697  294.382    1.327
   9720.00 0.146     654.228       5.268    1500.000       0.000    0.0002    6.222  771.118    5.792  296.285    1.517
   9780.00 0.147     652.371       2.322    1420.000       0.000    0.0002    6.657  901.410    7.362  300.003    1.795
   9840.00 0.154     662.226       6.900    1420.000       0.000    0.0002    6.972  930.924    6.716  303.335    2.012
   9900.00 0.155     669.197       7.024    1940.000       0.000    0.0002    6.891  697.764    5.088  303.422    1.670
   9960.00 0.152     673.612       7.159    1660.000       0.000    0.0002    6.557  657.030    4.406  303.550    1.349
  10020.00 0.152     674.364      14.589    1620.000       0.000    0.0002    6.250  535.369    5.026  305.337    1.263
  10080.00 0.154     672.655       3.402    1620.000       0.000    0.0002    6.084  528.731    5.495  305.572    1.423
  10140.00 0.156     671.688      10.094    1540.000       0.000    0.0002    6.133  643.474    5.183  305.120    1.382
  10200.00 0.150     665.065      13.117    1460.000       0.000    0.0002    6.381  678.272    4.867  305.077    1.235
  10260.00 0.147     660.266       6.877    1420.000       0.000    0.0002    6.699  652.210    5.047  306.096    1.289
  10320.00 0.145     664.773       6.151    1340.000       0.000    0.0002    6.990  637.500    4.974  309.048    1.428
  10380.00 0.146     663.867       6.267    1580.000       0.000    0.0002    7.109  664.517    5.579  312.517    1.527
  10440.00 0.148     668.289      13.684    1420.000       0.000    0.0002    7.020  610.706    5.170  314.268    1.597
  10500.00 0.149     678.982       8.703    1500.000       0.000    0.0002    6.718  550.038    5.649  314.187    1.563
  10560.00 0.154     689.873       1.962    1460.000       0.000    0.0002    6.306  635.518    5.689  313.585    1.543
  10620.00 0.152     686.003       3.788    1540.000       0.000    0.0002    5.888  697.289    6.376  312.061    1.465
  10680.00 0.147     672.781       7.682    1420.000       0.000    0.0002    5.572  738.310    5.746  309.640    1.456
  10740.00 0.143     666.838       8.718    1420.000       0.000    0.0002    5.364  697.801    4.750  307.568    1.296
  10800.00 0.141     671.231       5.373    1460.000       0.000    0.0002    5.295  579.644    4.956  306.401    1.206
  10860.00 0.138     674.346       3.498    1420.000       0.000    0.0002    5.273  559.412    5.824  306.496    1.399
  10920.00 0.137     669.307       5.790    1500.000       0.000    0.0002    5.352  680.534    5.371  306.775    1.162
  10980.00 0.139     670.246       7.649    1500.000       0.000    0.0002    5.463  675.853    4.397  306.071    1.298
  11040.00 0.146     680.468      13.077    1420.000       0.000    0.0002    5.523  602.343    5.257  305.771    1.309
  11100.00 0.147     680.530      11.258    1420.000       0.000    0.0002    5.604  559.535    6.110  307.352    1.363
  11160.00 0.150     674.309       9.593    1460.000       0.000    0.0002    5.688  592.636    6.197  309.674    1.418
  11220.00 0.147     682.687       7.330    1460.000       0.000    0.0002    5.739  659.606    6.497  311.297    1.447
  11280.00 0.149     686.798      10.312    1460.000       0.000    0.0002    5.757  761.897    6.657  311.705    1.591
  11340.00 0.147     682.791      14.286    1620.000       0.000    0.0002    5.723  704.176    7.078  312.273    1.675
  11400.00 0.145     681.244      10.689    1660.000       0.000    0.0002    5.691  769.969    6.835  314.065    1.448
  11460.00 0.137     679.573      10.427    1500.000       0.000    0.0002    5.653  743.497    6.041  315.987    1.367
  11520.00 0.136     678.169      11.598    1500.000       0.000    0.0002    5.654  592.955    5.906  316.617    1.512
  11580.00 0.142     684.897       7.069    1540.000       0.000    0.0002    5.604  626.171    6.156  316.710    1.737
  11640.00 0.134     677.445       8.467    1460.000       0.000    0.0002    5.475  575.827    6.079  315.825    1.524
  11700.00 0.133     678.828       5.165    1420.000       0.000    0.0002    5.232  588.523    5.557  314.258    1.190
  11760.00 0.136     677.102       3.542    1460.000       0.000    0.0002    5.039  519.296    5.628  313.654    1.283
  11820.00 0.133     678.122       6.961    1460.000       0.000    0.0002    4.895  578.519    5.738  313.456    1.298
  11880.00 0.132     673.948      11.292    1420.000       0.000    0.0002    4.852  527.422    5.801  312.037    1.337
  11940.00 0.131     673.755       8.141    1460.000       0.000    0.0002    4.736  584.938    6.297  310.021    1.332
  12000.00 0.131     666.940      10.858    1460.000       0.000    0.0002    4.603  595.785    6.201  307.421    1.433
  12060.00 0.137     669.181       6.833    1420.000       0.000    0.0002    4.441  578.766    5.525  304.984    1.510
  12120.00 0.136     661.867       3.555    1420.000       0.000    0.0002    4.293  462.295    4.811  303.625    1.279
  12180.00 0.134     672.605       8.051    1500.000       0.000    0.0002    4.189  533.184    5.044  303.522    1.247
  12240.00 0.136     675.556       9.391    1460.000       0.000    0.0002    4.078  515.147    5.609  303.957    1.110
  12300.00 0.139     675.606       7.100    1460.000       0.000    0.0002    4.035  489.009    5.188  304.291    1.014
  12360.00 0.135     660.937      13.910    1380.000       0.000    0.0002    4.099  537.965    5.724  304.507    1.123
  12420.00 0.141     664.783       2.010    1460.000       0.000    0.0002    4.319  588.241    5.215  305.311    1.231
  12480.00 0.145     672.681       9.747    1460.000       0.000    0.0002    4.634  623.455    5.239  306.632    1.323
  12540.00 0.147     681.860       7.043    1460.000       0.000    0.0002    4.995  636.522    5.668  308.315    1.316
  12600.00 0.149     680.000       4.248    1500.000       0.000    0.0002    5.371  576.685    5.632  311.896    1.271
  12660.00 0.146     674.800      10.700    1460.000       0.000    0.0002    5.742  440.830    5.402  316.251    1.390
  12720.00 0.145     668.581       5.642    1420.000       0.000    0.0002    6.052  497.762    5.690  319.429    1.305
  12780.00 0.150     678.893       7.329    1460.000       0.000    0.0002    6.296  564.230    5.937  321.749    1.539
  12840.00 0.148     684.934       8.947    1420.000       0.000    0.0002    6.453  556.800    6.023  323.670    1.336
  12900.00 0.158     684.954       5.015    1420.000       0.000    0.0002    6.528  584.759    4.498  325.680    1.254
  12960.00 0.156     689.576       8.760    1460.000       0.000    0.0002    6.520  560.476    4.989  327.542    1.386
  13020.00 0.155     689.637      10.427    1420.000       0.000    0.0002    6.369  552.152    4.919  328.444    1.202
  13080.00 0.156     690.764      10.671    1500.000       0.000    0.0002    6.143  525.727    5.338  328.772    1.278
  13140.00 0.156     695.819      11.170    1420.000       0.000    0.0002    5.872  478.652    6.095  328.925    1.292
  13200.00 0.151     702.194       8.484    1500.000       0.000    0.0002    5.588  557.424    6.022  328.438    1.259
  13260.00 0.150     690.163      13.648    1500.000       0.000    0.0002    5.268  626.325    5.517  327.966    1.480
  13320.00 0.143     674.291       8.308    1420.000       0.000    0.0002    5.049  613.818    5.996  328.155    1.337
  13380.00 0.145     669.479      11.731    1460.000       0.000    0.0002    4.852  501.130    5.137  327.865    1.347
  13440.00 0.146     661.745       8.725    1500.000       0.000    0.0002    4.700  433.791    4.748  326.393    1.149
  13500.00 0.147     667.828       7.231    1580.000       0.000    0.0002    4.574  342.868    4.787  325.813    1.128
  13560.00 0.149     665.836      12.426    1420.000       0.000    0.0002    4.443  337.460    4.978  325.920    1.124
  13620.00 0.159     655.015       7.323    1460.000       0.000    0.0002    4.375  345.609    5.180  325.088    1.052
  13680.00 0.162     658.075       7.549    1500.000       0.000    0.0002    4.345  371.176    4.669  324.538    1.193
  13740.00 0.166     661.116       7.342    1380.000       0.000    0.0002    4.462  424.652    5.196  324.887    1.076
  13800.00 0.163     650.285       5.877    1420.000       0.000    0.0002    4.628  486.507    5.924  325.604    1.179
  13860.00 0.167     653.196       5.689    1380.000       0.000    0.0002    4.824  528.750    5.018  326.661    1.217
  13920.00 0.175     656.430       7.029    1460.000       0.000    0.0002    5.038  626.523    5.739  327.839    1.369
  13980.00 0.179     656.612      12.213    1540.000       0.000    0.0002    5.364  576.969    5.468  329.197    1.391
  14040.00 0.175     659.330       4.385    1460.000       0.000    0.0002    5.635  647.140    5.277  330.821    1.420
  14100.00 0.177     660.443       7.441    1460.000       0.000    0.0002    5.913  598.735    4.784  333.087    1.387
  14160.00 0.172     664.986      13.088    1500.000       0.000    0.0002    6.217  457.686    5.452  336.333    1.315
  14220.00 0.180     674.092       5.095    1460.000       0.000    0.0002    6.535  470.788    5.710  340.237    1.192
  14280.00 0.181     667.116       4.367    1500.000       0.000    0.0002    6.849  447.117    5.320  343.775    1.245
  14340.00 0.175     676.457       3.989    1460.000       0.000    0.0002    7.272  477.766    5.836  346.013    1.147
  14400.00 0.179     682.943       6.975    1420.000       0.000    0.0002    7.721  537.408    5.131  349.238    1.329
  14460.00 0.173     691.594      10.550    1420.000       0.000    0.0002    8.163  643.032    5.502  354.283    1.408
  14520.00 0.172     699.716       8.738    1420.000       0.000    0.0002    8.497  694.902    5.996  359.908    1.394
  14580.00 0.168     702.435      10.435    1420.000       0.000    0.0002    8.678  686.204    6.148  365.471    1.466
  14640.00 0.165     709.349       7.781    1460.000       0.000    0.0002    8.856  807.196    6.365  371.523    1.743
  14700.00 0.166     710.162       7.372    1460.000       0.000    0.0002    9.124  982.916    6.984  380.016    1.743
  14760.00 0.160     706.290       9.496    1540.000       0.000    0.0002    9.517 1116.804    8.017  390.329    2.108
  14820.00 0.157     711.198       6.096    1940.000       0.000    0.0002    9.946 1117.526    8.082  397.639    2.295
  14880.00 0.154     701.208       3.847    1940.000       0.000    0.0002   10.263 1061.819    7.885  400.940    2.570
  14940.00 0.153     700.256       6.486    1980.000       0.000    0.0002   10.201  940.900    7.166  403.986    1.832
  15000.00 0.151     704.394      10.759    1940.000       0.000    0.0002    9.799  851.884    6.162  410.372    1.623
  15060.00 0.152     700.514       6.527    1660.000       0.000    0.0002    9.357  804.270    6.157  413.174    1.736
  15120.00 0.152     710.594       5.714    1700.000       0.000    0.0002    9.107  812.433    6.447  411.660    1.761
  15180.00 0.149     707.712       4.902    1540.000       0.000    0.0002    9.062  701.958    6.327  409.747    1.734
  15240.00 0.156     706.154       9.984    1580.000       0.000    0.0002    9.078  756.226    7.232  412.779    1.799
  15300.00 0.160     706.656       9.771    1540.000       0.000    0.0002    9.116  855.253    8.169  416.681    2.043
  15360.00 0.162     707.662      10.015    1540.000       0.000    0.0002    9.132  995.103    6.586  414.084    2.212
  15420.00 0.162     706.576       8.296    1940.000       0.000    0.0002    9.094  894.646    6.331  408.578    1.984
  15480.00 0.157     706.460       9.845    1620.000       0.000    0.0002    8.829  917.585    5.802  411.405    1.620
  15540.00 0.162     707.722       5.520    1500.000       0.000    0.0002    8.528  725.383    5.173  417.626    1.336
  15600.00 0.163     708.623       8.114    1580.000       0.000    0.0002    8.334  567.266    6.664  417.087    1.742
  15660.00 0.162     709.157       9.639    1540.000       0.000    0.0002    8.447  758.592    7.883  416.271    1.802
  15720.00 0.159     705.513       6.156    1500.000       0.000    0.0002    8.839  974.398    6.833  418.691    1.758
  15780.00 0.165     710.548      10.430    1460.000       0.000    0.0002    9.157 1008.356    6.477  422.765    2.136
  15840.00 0.167     704.158       9.780    1620.000       0.000    0.0002    9.459 1058.530    7.123  427.649    2.092
  15900.00 0.167     714.694      14.227    1940.000       0.000    0.0002    9.528 1034.311    7.441  429.711    2.155
  15960.00 0.166     709.046      10.866    1940.000       0.000    0.0002    9.455  659.695    7.257  429.896    1.978
  16020.00 0.168     719.535      11.424    1540.000       0.000    0.0002    9.239  676.384    6.865  432.152    1.618
  16080.00 0.160     717.927       3.811    1500.000       0.000    0.0002    8.912  732.001    6.454  433.158    1.601
  16140.00 0.166     715.529      10.059    1540.000       0.000    0.0002    8.730  878.369    6.885  432.388    1.640
  16200.00 0.160     708.318      12.905    1580.000       0.000    0.0002    8.699  948.223    7.705  432.181    2.030
  16260.00 0.155     708.720       7.646    1940.000       0.000    0.0002    8.725  837.418    6.624  430.089    1.898
  16320.00 0.154     706.868       6.232    1940.000       0.000    0.0002    8.644  627.226    7.246  428.406    1.621
  16380.00 0.155     712.535       6.110    1620.000       0.000    0.0002    8.541  676.530    7.235  432.308    1.672
  16440.00 0.155     726.183       6.025    1540.000       0.000    0.0002    8.511  721.044    7.325  435.893    1.746
  16500.00 0.150     726.472       4.065    1540.000       0.000    0.0002    8.541  845.714    7.921  435.374    1.705
  16560.00 0.146     727.919      10.973    1580.000       0.000    0.0002    8.529  949.889    7.125  437.205    1.715
  16620.00 0.142     726.690      10.772    1460.000       0.000    0.0002    8.527 1171.635    7.513  441.011    2.108
  16680.00 0.142     725.680       4.957    1540.000       0.000    0.0002    8.435 1224.120    7.357  440.588    1.975
  16740.00 0.140     725.923      12.230    1940.000       0.000    0.0002    8.503 1128.902    7.611  442.063    1.884
  16800.00 0.138     714.043       7.447    1940.000       0.000    0.0002    8.495 1086.614    7.756  450.443    2.296
  16860.00 0.138     711.307       5.477    1940.000       0.000    0.0002    8.266 1006.112    9.191  457.635    2.048
  16920.00 0.135     718.811      10.234    1940.000       0.000    0.0002    7.851 1376.991    9.713  455.858    2.803
  16980.00 0.132     726.519       8.000    1940.000       0.000    0.0002    7.471 1437.952    9.816  447.383    2.522
  17040.00 0.134     712.896       5.829    1940.000       0.000    0.0002    7.255 1260.140    8.891  439.239    2.344
  17100.00 0.137     708.627       6.025    1940.000       0.000    0.0002    7.057 1071.353    6.928  441.272    1.620
  17160.00 0.137     703.132       4.270    1580.000       0.000    0.0002    7.058  722.649    7.708  450.630    1.745
  17220.00 0.138     703.688       8.511    1580.000       0.000    0.0002    7.251  804.026    8.382  450.957    1.917
  17280.00 0.141     701.458       7.153    1580.000       0.000    0.0002    7.359  873.607    8.397  443.417    2.084
  17340.00 0.144     716.339       6.169    1940.000       0.000    0.0002    7.378  918.105    6.331  440.625    1.728
  17400.00 0.148     727.261       6.238    1660.000       0.000    0.0002    7.228  719.011    7.032  444.712    1.915
  17460.00 0.149     728.243       6.076    1580.000       0.000    0.0002    7.035  724.926    8.326  449.881    1.892
  17520.00 0.150     725.886       2.211    1580.000       0.000    0.0002    6.906  914.456    8.156  451.636    1.822
  17580.00 0.148     715.025       6.458    1940.000       0.000    0.0002    6.868 1063.900    8.938  449.390    2.117
  17640.00 0.142     706.207      10.517    1940.000       0.000    0.0002    6.868 1119.223    7.978  444.477    1.819
  17700.00 0.135     709.514       4.000    1620.000       0.000    0.0002    6.897  881.362    7.333  442.333    1.941
  17760.00 0.134     711.700       5.229    1940.000       0.000    0.0002    6.944  847.654    8.459  444.882    1.870
  17820.00 0.133     694.128       5.945    1500.000       0.000    0.0002    6.904  907.830    7.361  447.851    1.752
  17880.00 0.132     695.564      11.571    1540.000       0.000    0.0002    6.948 1018.136    7.911  448.269    2.209
  17940.00 0.135     692.464       6.739    1940.000       0.000    0.0002    7.002  992.754    7.272  446.713    1.832
  18000.00 0.138     695.257       0.000    1940.000       0.000    0.0002    6.922  907.340    8.064  445.294    1.886
  18060.00 0.134     704.380      12.080    1940.000       0.000    0.0002    6.728  841.994    6.776  445.845    1.509
  18120.00 0.134     713.942       5.949    1540.000       0.000    0.0002    6.543  671.054    6.752  446.336    1.497
  18180.00 0.138     719.081       8.869    1580.000       0.000    0.0002    6.309  742.857    6.722  443.160    1.621
  18240.00 0.137     713.571      13.179    1540.000       0.000    0.0002    6.037  637.660    6.954  437.893    1.670
  18300.00 0.132     714.917       7.273    1460.000       0.000    0.0002    5.585  529.305    5.308  433.170    1.473
  18360.00 0.137     720.817       8.597    1540.000       0.000    0.0002    5.139  392.362    4.647  428.065    1.239
  18420.00 0.140     715.986       5.480    1540.000       0.000    0.0002    4.662  437.552    5.078  423.497    1.451
  18480.00 0.136     727.720       8.151    1500.000       0.000    0.0002    4.246  454.696    6.638  421.395    1.539
  18540.00 0.133     728.456       4.632    1540.000       0.000    0.0002    3.950  579.283    6.884  419.723    1.450
  18600.00 0.128     713.840       9.316    1580.000       0.000    0.0002    3.778  692.616    5.997  415.270    1.467
  18660.00 0.124     706.312       8.757    1540.000       0.000    0.0002    3.511  595.328    5.425  409.273    1.422
  18720.00 0.113     704.310      13.966    1460.000       0.000    0.0002    3.193  535.864    4.645  405.732    1.404
  18780.00 0.115     688.983       7.331    1620.000       0.000    0.0002    2.981  411.403    4.200  403.452    1.311
  18840.00 0.111     694.901       5.714    1540.000       0.000    0.0002    2.871  230.535    4.457  401.473    1.161
  18900.00 0.111     689.669       6.004    1500.000       0.000    0.0002    2.922  304.352    5.036  402.075    1.177
  18960.00 0.119     692.757       7.243    1500.000       0.000    0.0002    3.109  380.374    6.231  403.455    1.255
  19020.00 0.125     691.765       2.196    1460.000       0.000    0.0002    3.360  472.738    6.724  403.552    1.519
  19080.00 0.125     695.303       7.045    1540.000       0.000    0.0002    3.707  589.972    6.792  404.765    1.506
  19140.00 0.126     678.760      10.698    1460.000       0.000    0.0002    4.063  670.787    6.099  407.875    1.580
  19200.00 0.130     685.741      12.570    1460.000       0.000    0.0002    4.449  746.671    6.490  409.834    1.664
  19260.00 0.134     687.978       4.444    1620.000       0.000    0.0002    4.670  615.079    4.974  408.479    1.295
  19320.00 0.136     701.646       7.800    1620.000       0.000    0.0002    4.735  527.395    5.347  407.721    1.260
  19380.00 0.140     706.154       5.979    1540.000       0.000    0.0002    4.829  415.452    5.006  410.110    1.490
  19440.00 0.137     699.076      10.266    1460.000       0.000    0.0002    5.001  445.953    5.472  413.265    1.368
  19500.00 0.138     699.858       8.972    1500.000       0.000    0.0002    5.314  526.588    5.960  416.895    1.392
  19560.00 0.140     701.043      12.487    1500.000       0.000    0.0002    5.976  675.468    7.089  423.169    1.775
  19620.00 0.142     694.168       9.160    1460.000       0.000    0.0002    6.756  941.463    8.464  433.562    2.039
  19680.00 0.146     694.000       5.800    1500.000       0.000    0.0002    7.476 1174.527    9.281  445.558    2.426
  19740.00 0.152     699.163       1.063    1940.000       0.000    0.0002    8.007 1144.784    9.190  455.888    2.510
  19800.00 0.153     703.381       4.657    1940.000       0.000    0.0002    8.202 1529.511   10.817  464.219    2.708
  19860.00 0.151     696.581       9.677    1940.000       0.000    0.0002    8.100 1680.385   11.748  470.083    2.714
  19920.00 0.146     692.533       8.067    1940.000       0.000    0.0002    7.702 1582.798    8.925  468.430    2.500
  19980.00 0.142     674.021       7.732    1940.000       0.000    0.0002    7.225 1155.134    9.076  467.403    1.913
  20040.00 0.143     680.647       8.893    1940.000       0.000    0.0002    6.789  994.732    7.121  473.940    1.786
  20100.00 0.146     677.248       2.685    1940.000       0.000    0.0002    6.427  752.306    7.891  472.744    1.967
  20160.00 0.148     678.289       9.375    1620.000       0.000    0.0002    6.098  689.090    6.205  464.564    1.551
  20220.00 0.146     678.528       3.110    1500.000       0.000    0.0002    5.942  592.799    5.856  462.370    1.750
  20280.00 0.156     678.375      13.844    1620.000       0.000    0.0002    5.929  445.926    6.092  463.037    1.557
  20340.00 0.165     689.436      10.415    1500.000       0.000    0.0002    6.279  520.854    7.595  464.688    1.635
  20400.00 0.162     686.165       7.098    1620.000       0.000    0.0002    6.974  636.381    8.519  467.316    1.807
  20460.00 0.160     684.268       4.878    1660.000       0.000    0.0002    7.995  665.408    7.359  472.104    1.635
  20520.00 0.165     694.505       8.715    1540.000       0.000    0.0002    9.100  745.795    7.825  482.632    1.759
  20580.00 0.169     695.202       2.630    1540.000       0.000    0.0002   10.085  901.980    7.516  495.906    1.898
  20640.00 0.174     702.082       6.357    1540.000       0.000    0.0002   10.807 1100.051    9.688  504.388    2.225
  20700.00 0.168     694.884       6.570    1940.000       0.000    0.0002   11.170  925.210    7.536  509.186    1.974
  20760.00 0.168     700.928       6.841    1940.000       0.000    0.0002   11.223  766.257    7.204  516.686    1.701
  20820.00 0.177     711.939       5.309    1500.000       0.000    0.0002   11.140  822.846    7.519  523.063    1.786
  20880.00 0.181     723.419       8.048    1540.000       0.000    0.0002   10.773  917.344    6.611  519.142    1.999
  20940.00 0.180     735.115      11.018    1940.000       0.000    0.0002   10.300  929.943    6.261  513.206    2.003
  21000.00 0.178     735.014       8.356    1940.000       0.000    0.0002    9.752  812.916    6.609  513.253    1.770
  21060.00 0.176     739.278       8.917    1620.000       0.000    0.0002    9.228  605.493    6.801  515.417    1.419
  21120.00 0.173     737.115       8.289    1500.000       0.000    0.0002    8.758  542.904    6.469  513.378    1.540
  21180.00 0.166     730.044      10.928    1540.000       0.000    0.0002    8.367  533.046    6.673  504.923    1.499
  21240.00 0.165     752.367       6.568    1580.000       0.000    0.0002    7.801  511.840    7.081  496.756    1.604
  21300.00 0.162     745.361       3.675    1540.000       0.000    0.0002    6.916  486.691    5.313  491.604    1.354
  21360.00 0.164     744.292      11.952    1540.000       0.000    0.0002    5.933  367.265    5.407  486.098    1.312
  21420.00 0.151     746.204      11.599    1620.000       0.000    0.0002    5.173  321.533    5.259  479.412    1.169
  21480.00 0.149     740.000       8.235    1540.000       0.000    0.0002    4.733  364.503    5.478  473.771    1.334
  21540.00 0.144     741.559      12.915    1700.000       0.000    0.0002    4.467  398.491    5.691  470.145    1.476
  21600.00 0.143     723.891       3.208    1540.000       0.000    0.0002    4.333  338.457    5.069  465.687    1.257
  21660.00 0.142     721.375       9.897    1500.000       0.000    0.0002    4.303  303.293    4.868  460.144    1.099
  21720.00 0.143     719.282       8.068    1580.000       0.000    0.0002    4.367  324.475    5.473  458.102    1.214
  21780.00 0.146     722.705       7.379    1460.000       0.000    0.0002    4.570  390.375    5.593  459.414    1.325
  21840.00 0.145     712.951       9.713    1420.000       0.000    0.0002    4.822  415.153    5.986  459.116    1.414
  21900.00 0.147     713.577      10.383    1500.000       0.000    0.0002    5.081  472.794    7.000  458.350    1.425
  21960.00 0.146     715.159       7.145    1500.000       0.000    0.0002    5.342  589.376    6.982  459.419    1.750
  22020.00 0.143     719.659      13.925    1460.000       0.000    0.0002    5.428  780.466    7.323  459.460    1.778
  22080.00 0.141     721.246       4.291    1460.000       0.000    0.0002    5.431  836.246    5.832  458.059    1.465
  22140.00 0.138     712.557      10.899    1540.000       0.000    0.0002    5.455  660.864    6.028  458.805    1.677
  22200.00 0.140     721.742      12.334    1420.000       0.000    0.0002    5.554  619.320    6.576  461.965    1.584
  22260.00 0.138     703.746       4.523    1460.000       0.000    0.0002    5.720  587.693    7.726  463.618    1.679
  22320.00 0.139     703.944       7.852    1540.000       0.000    0.0002    5.840  703.508    7.892  463.154    1.807
  22380.00 0.139     713.333       5.719    1580.000       0.000    0.0002    5.779  765.174    7.314  460.985    1.712
  22440.00 0.138     713.333       7.092    1940.000       0.000    0.0002    5.504  574.216    6.314  458.621    1.453
  22500.00 0.135     714.446       9.800    1660.000       0.000    0.0002    5.111  501.632    6.438  457.454    1.504
  22560.00 0.136     717.770       6.295    1580.000       0.000    0.0002    4.859  523.917    6.697  455.591    1.611
  22620.00 0.129     711.774       8.604    1620.000       0.000    0.0002    4.784  566.057    6.814  452.820    1.534
  22680.00 0.129     711.849       1.547    1580.000       0.000    0.0002    4.801  615.655    6.115  450.931    1.480
  22740.00 0.126     699.459       6.641    1500.000       0.000    0.0002    4.832  557.986    6.921  448.693    1.557
  22800.00 0.133     701.621       4.936    1620.000       0.000    0.0002    4.789  681.584    7.353  447.853    1.726
  22860.00 0.130     688.390       4.644    1500.000       0.000    0.0002    4.706  687.490    7.762  448.731    1.871
  22920.00 0.133     704.420      14.549    1500.000       0.000    0.0002    4.656  718.038    8.224  448.977    1.858
  22980.00 0.132     708.593       5.519    1500.000       0.000    0.0002    4.525  655.507    6.357  444.156    1.918
  23040.00 0.134     719.671       2.340    1940.000       0.000    0.0002    4.259  523.777    5.376  439.182    1.591
  23100.00 0.135     712.468       7.387    1540.000       0.000    0.0002    4.143  386.802    5.035  439.855    1.126
  23160.00 0.134     718.618       8.655    1460.000       0.000    0.0002    4.191  424.439    5.399  440.678    1.177
  23220.00 0.137     717.833       9.059    1500.000       0.000    0.0002    4.355  383.011    5.294  437.265    1.279
  23280.00 0.135     721.838       8.252    1420.000       0.000    0.0002    4.578  426.742    5.228  434.237    1.270
  23340.00 0.130     729.213      11.985    1540.000       0.000    0.0002    4.710  411.440    5.172  434.218    1.268
  23400.00 0.133     730.294       7.684    1580.000       0.000    0.0002    4.866  331.138    4.957  435.060    1.215
  23460.00 0.132     739.777      14.583    1420.000       0.000    0.0002    5.034  376.697    5.209  435.621    1.271
  23520.00 0.130     735.179      11.224    1500.000       0.000    0.0002    5.234  438.067    5.574  437.169    1.423
  23580.00 0.130     733.070       9.567    1540.000       0.000    0.0002    5.534  668.486    6.063  441.122    1.597
  23640.00 0.124     726.405       7.976    1460.000       0.000    0.0002    5.927  896.745    7.340  446.978    1.833
  23700.00 0.125     723.158       7.407    1460.000       0.000    0.0002    6.309 1050.423    7.141  452.184    2.290
  23760.00 0.122     715.872       6.613    1940.000       0.000    0.0002    6.617 1208.103    7.234  457.305    2.182
  23820.00 0.118     714.191       1.286    1940.000       0.000    0.0002    6.703  932.501    7.533  463.742    1.853
  23880.00 0.120     707.332       8.880    1940.000       0.000    0.0002    6.879  681.148    7.276  473.242    1.729
  23940.00 0.118     704.398       6.888    1620.000       0.000    0.0002    7.175  745.811    7.209  484.423    1.678
  24000.00 0.125     712.863       5.725    1540.000       0.000    0.0002    7.761  844.765    7.754  492.311    2.163
  24060.00 0.126     707.027       2.625    1660.000       0.000    0.0002    8.572  973.728    8.526  495.261    2.455
  24120.00 0.128     717.871       4.715    1940.000       0.000    0.0002    9.090  958.374    9.068  494.495    2.317
  24180.00 0.138     719.044       7.257    1940.000       0.000    0.0002    9.016  830.154    7.151  496.372    1.918
  24240.00 0.141     717.014       7.604    1940.000       0.000    0.0002    8.769  841.241    7.228  503.735    1.860
  24300.00 0.145     725.743       6.824    1940.000       0.000    0.0002    8.472  698.108    7.140  506.881    1.516
  24360.00 0.150     727.468      14.708    1740.000       0.000    0.0002    8.393  658.211    7.121  506.443    1.544
  24420.00 0.156     718.563       6.156    1580.000       0.000    0.0002    8.594  649.650    7.190  508.803    1.748
  24480.00 0.159     726.012       8.742    1540.000       0.000    0.0002    8.957  820.846    7.600  512.314    1.967
  24540.00 0.158     734.330       7.365    1580.000       0.000    0.0002    9.290  937.756    7.347  515.177    1.917
  24600.00 0.159     737.358       6.728    1940.000       0.000    0.0002    9.320  854.431    7.336  516.893    2.194
  24660.00 0.166     740.825       7.658    1620.000       0.000    0.0002    8.998  927.462    6.906  516.347    1.660
  24720.00 0.165     741.834       5.118    1940.000       0.000    0.0002    8.564  795.307    6.397  514.763    1.705
  24780.00 0.165     751.108      11.492    1940.000       0.000    0.0002    8.317  776.403    7.040  514.887    1.739
  24840.00 0.162     754.277       7.861    1580.000       0.000    0.0002    8.211  932.109    7.337  515.571    1.892
  24900.00 0.161     758.094       4.539    1580.000       0.000    0.0002    8.293  851.417    6.788  515.728    1.999
  24960.00 0.164     764.322       9.061    1700.000       0.000    0.0002    8.304  824.695    7.618  515.603    1.815
  25020.00 0.166     763.953      11.268    1620.000       0.000    0.0002    8.399  887.373    8.138  517.725    2.058
  25080.00 0.167     760.175       5.088    1940.000       0.000    0.0002    8.319  883.538    8.163  517.414    2.043
  25140.00 0.170     764.505       7.805    1940.000       0.000    0.0002    7.914  903.827    7.476  512.986    2.234
  25200.00 0.166     762.235       5.765    1940.000       0.000    0.0002    7.254  722.268    5.943  510.544    1.729
  25260.00 0.169     758.932       3.925    1940.000       0.000    0.0002    6.601  613.771    4.999  510.853    1.346
  25320.00 0.168     769.101      10.290    1540.000       0.000    0.0002    6.219  505.918    5.375  506.426    1.244
  25380.00 0.164     769.183       2.377    1580.000       0.000    0.0002    5.948  478.511    5.051  499.186    1.302
  25440.00 0.161     767.455       4.667    1460.000       0.000    0.0002    5.838  483.671    5.828  496.179    1.367
  25500.00 0.163     765.307       6.057    1580.000       0.000    0.0002    5.808  424.220    5.508  496.774    1.688
  25560.00 0.156     763.063      13.438    1540.000       0.000    0.0002    5.849  409.185    5.856  496.294    1.383
  25620.00 0.156     766.041       5.102    1500.000       0.000    0.0002    5.982  500.369    6.300  493.712    1.506
  25680.00 0.154     766.095       8.889    1580.000       0.000    0.0002    6.059  581.043    6.177  493.873    1.398
  25740.00 0.151     766.710       7.618    1460.000       0.000    0.0002    6.069  542.197    6.561  497.055    1.551
  25800.00 0.152     763.397       9.583    1540.000       0.000    0.0002    6.093  506.930    7.465  498.915    1.511
  25860.00 0.154     766.137       7.472    1540.000       0.000    0.0002    6.034  632.567    7.456  498.337    1.574
  25920.00 0.151     755.793      13.107    1540.000       0.000    0.0002    5.762  716.256    6.745  497.550    1.867
  25980.00 0.146     742.685      13.289    1500.000       0.000    0.0002    5.455  622.231    6.316  495.503    1.974
  26040.00 0.146     740.940       3.893    1500.000       0.000    0.0002    5.023  528.990    6.741  491.916    1.542
  26100.00 0.147     730.381       6.136    1660.000       0.000    0.0002    4.576  385.461    5.937  489.201    1.477
  26160.00 0.144     723.892      10.761    1620.000       0.000    0.0002    4.350  420.529    5.821  486.135    1.336
  26220.00 0.144     723.458       7.593    1620.000       0.000    0.0002    4.294  457.717    5.105  482.174    1.357
  26280.00 0.145     719.022       7.218    1620.000       0.000    0.0002    4.345  332.866    4.627  479.614    1.282
  26340.00 0.150     730.489       8.469    1540.000       0.000    0.0002    4.317  315.518    5.541  477.803    1.303
  26400.00 0.154     721.524       6.063    1580.000       0.000    0.0002    4.315  385.539    6.348  476.306    1.242
  26460.00 0.158     737.771       7.276    1500.000       0.000    0.0002    4.369  378.881    5.923  475.400    1.350
  26520.00 0.155     743.155       9.464    1540.000       0.000    0.0002    4.553  461.765    6.839  475.662    1.426
  26580.00 0.151     736.570       6.570    1620.000       0.000    0.0002    4.793  523.700    5.644  477.245    1.320
  26640.00 0.151     728.720      11.961    1540.000       0.000    0.0002    4.985  364.050    5.474  479.087    1.350
  26700.00 0.151     737.613       5.419    1500.000       0.000    0.0002    5.187  383.329    6.154  481.205    1.310
  26760.00 0.149     745.948       7.843    1540.000       0.000    0.0002    5.461  417.854    5.802  483.278    1.415
  26820.00 0.153     752.971       7.732    1500.000       0.000    0.0002    5.698  433.060    6.041  484.553    1.376
  26880.00 0.154     748.354       6.962    1460.000       0.000    0.0002    5.908  497.831    6.678  485.891    1.546
  26940.00 0.153     752.249       4.338    1460.000       0.000    0.0002    6.064  502.543    6.038  487.433    1.324
  27000.00 0.149     751.344       8.033    1580.000       0.000    0.0002    6.216  484.553    5.476  488.477    1.393
  27060.00 0.154     759.332      17.329    1500.000       0.000    0.0002    6.251  438.498    6.187  489.753    1.456
  27120.00 0.155     761.106       9.479    1540.000       0.000    0.0002    6.206  472.139    5.663  490.053    1.331
  27180.00 0.147     763.322      10.465    1500.000       0.000    0.0002    6.035  504.429    5.706  487.693    1.493
  27240.00 0.151     764.491       8.595    1540.000       0.000    0.0002    5.643  476.719    5.177  484.892    1.297
  27300.00 0.156     760.750       6.750    1460.000       0.000    0.0002    5.129  420.492    4.529  483.112    1.285
  27360.00 0.152     758.486       4.799    1500.000       0.000    0.0002    4.741  269.395    4.733  480.579    1.312
  27420.00 0.154     753.797       7.373    1580.000       0.000    0.0002    4.357  314.850    4.745  477.531    1.164
  27480.00 0.155     752.934       4.858    1540.000       0.000    0.0002    4.006  404.761    5.352  474.490    1.350
  27540.00 0.146     738.200      13.600    1500.000       0.000    0.0002    3.896  521.071    6.393  471.598    1.528
  27600.00 0.141     738.270      11.938    1500.000       0.000    0.0002    4.056  564.475    6.736  469.961    1.447
  27660.00 0.142     733.241       8.241    1620.000       0.000    0.0002    4.402  566.650    6.851  470.451    1.597
  27720.00 0.142     722.612       7.766    1420.000       0.000    0.0002    4.735  774.338    8.042  473.126    1.826
  27780.00 0.134     727.591       7.591    1580.000       0.000    0.0002    5.020  959.113    9.057  477.275    2.207
  27840.00 0.138     722.575      16.931    1940.000       0.000    0.0002    5.155 1030.576    9.330  479.155    2.310
  27900.00 0.136     727.168       3.011    1940.000       0.000    0.0002    5.065 1065.594    7.871  476.203    2.369
  27960.00 0.136     729.247       3.835    1940.000       0.000    0.0002    4.704  904.157    6.478  472.902    2.016
  28020.00 0.140     730.244      22.648    1940.000       0.000    0.0002    4.251  648.383    6.942  474.222    1.664
  28080.00 0.137     729.698       0.000    1500.000       0.000    0.0002    3.857  509.625    6.473  472.819    1.317
  28140.00 0.134     730.932       9.653    1460.000       0.000    0.0002    3.480  386.886    4.856  464.763    1.260
  28200.00 0.130     739.550       4.991    1500.000       0.000    0.0002    3.209  470.101    5.353  455.120    1.156
  28260.00 0.134     739.489       8.832    1580.000       0.000    0.0002    2.981  397.344    3.620  448.932    1.065
  28320.00 0.131     742.687      15.970    1460.000       0.000    0.0002    2.694  345.159    3.494  444.689    1.050
  28380.00 0.129     741.588       6.767    1500.000       0.000    0.0002    2.437  218.322    3.280  440.922    0.874
  28440.00 0.135     744.036       5.261    1660.000       0.000    0.0002    2.185  175.893    3.471  438.155    0.898
  28500.00 0.129     738.717      10.415    1660.000       0.000    0.0002    2.029  181.488    3.464  435.629    0.801
  28560.00 0.124     725.433       5.512    1500.000       0.000    0.0002    2.009  177.196    3.281  432.562    0.980
  28620.00 0.124     719.449       5.591    1500.000       0.000    0.0002    2.018  201.413    3.604  429.086    0.900
  28680.00 0.123     717.530      11.036    1500.000       0.000    0.0002    2.052  217.700    4.097  426.440    0.938
  28740.00 0.130     723.609       5.977    1500.000       0.000    0.0002    2.037  209.554    4.062  425.513    1.092
  28800.00 0.124     717.480      10.866    1580.000       0.000    0.0002    2.014  249.119    4.250  425.349    1.122
