#  time      cc     z_cbase    z_ctop_avg  z_ctop_max      zi         we   <<ql>>  <<ql>>_max   w_max   tke     ql_max
     60.00 0.000       0.000       0.000       0.000       0.000    0.0002    0.000    0.000    0.179  616.608    0.000
    120.00 0.000       0.000       0.000       0.000       0.000    0.0002    0.000    0.000    0.293  417.094    0.000
    180.00 0.000       0.000       0.000       0.000       0.000    0.0002    0.000    0.000    0.323  300.151    0.000
    240.00 0.000       0.000       0.000       0.000       0.000    0.0002    0.000    0.000    0.305  225.813    0.000
    300.00 0.000       0.000       0.000       0.000       0.000    0.0002    0.000    0.000    0.238  176.586    0.000
    360.00 0.000       0.000       0.000       0.000       0.000    0.0002    0.000    0.000    0.291  143.423    0.000
    420.00 0.000       0.000       0.000       0.000       0.000    0.0002    0.000    0.000    0.330  121.159    0.000
    480.00 0.000       0.000       0.000       0.000       0.000    0.0002    0.000    0.000    0.338  105.750    0.000
    540.00 0.000       0.000       0.000       0.000       0.000    0.0002    0.000    0.000    0.342   93.935    0.000
    600.00 0.000       0.000       0.000       0.000       0.000    0.0002    0.000    0.000    0.400   84.660    0.000
    660.00 0.000       0.000       0.000       0.000       0.000    0.0002    0.000    0.000    0.444   78.101    0.000
    720.00 0.000       0.000       0.000       0.000       0.000    0.0002    0.000    0.000    0.470   73.798    0.000
    780.00 0.000       0.000       0.000       0.000       0.000    0.0002    0.000    0.000    0.527   70.993    0.000
    840.00 0.000       0.000       0.000       0.000       0.000    0.0002    0.000    0.000    0.548   69.210    0.000
    900.00 0.000       0.000       0.000       0.000       0.000    0.0002    0.000    0.000    0.662   68.020    0.000
    960.00 0.000       0.000       0.000       0.000       0.000    0.0002    0.000    0.000    0.762   67.431    0.000
   1020.00 0.000       0.000       0.000       0.000       0.000    0.0002    0.000    0.000    0.804   67.912    0.000
   1080.00 0.000       0.000       0.000       0.000       0.000    0.0002    0.000    0.000    0.809   69.493    0.000
   1140.00 0.000       0.000       0.000       0.000       0.000    0.0002    0.000    0.000    0.905   71.796    0.000
   1200.00 0.000     580.000       0.000     580.000       0.000    0.0002    0.000    1.359    0.976   74.790    0.031
   1260.00 0.002     574.286       0.000     580.000       0.000    0.0002    0.001    2.684    0.982   78.663    0.060
   1320.00 0.005     569.474       0.000     580.000       0.000    0.0002    0.009    4.593    1.063   83.540    0.099
   1380.00 0.010     565.714      13.810     580.000       0.000    0.0002    0.025   10.716    1.117   89.626    0.153
   1440.00 0.018     568.333      15.556     660.000       0.000    0.0002    0.058   16.599    1.177   97.051    0.199
   1500.00 0.027     567.387       5.946     660.000       0.000    0.0002    0.123   26.513    1.365  105.707    0.304
   1560.00 0.040     570.000       3.293     660.000       0.000    0.0002    0.233   42.120    1.561  115.558    0.402
   1620.00 0.054     571.570       0.000     660.000       0.000    0.0002    0.403   57.108    1.801  126.671    0.464
   1680.00 0.071     570.411       3.973     700.000       0.000    0.0002    0.646   83.574    2.277  138.970    0.581
   1740.00 0.086     568.409       8.693     740.000       0.000    0.0002    0.999  110.751    2.738  152.303    0.691
   1800.00 0.107     569.199       5.126     820.000       0.000    0.0002    1.455  134.662    2.775  166.494    0.735
   1860.00 0.125     569.804      10.196     860.000       0.000    0.0002    2.037  166.396    2.884  181.284    0.827
   1920.00 0.139     570.737       2.842     780.000       0.000    0.0002    2.716  186.818    3.657  196.287    0.927
   1980.00 0.152     572.372       3.910     900.000       0.000    0.0002    3.473  245.454    4.113  211.123    1.016
   2040.00 0.166     574.244       5.404     900.000       0.000    0.0002    4.283  297.398    4.098  225.357    1.056
   2100.00 0.175     576.369       7.514    1300.000       0.000    0.0002    5.134  369.760    4.445  238.433    1.091
   2160.00 0.183     581.332       8.735    1300.000       0.000    0.0002    5.945  414.744    4.107  249.732    1.104
   2220.00 0.197     585.161       9.429    1300.000       0.000    0.0002    6.640  426.488    5.042  258.986    1.496
   2280.00 0.202     594.528       5.593    1340.000       0.000    0.0002    7.220  458.463    5.157  265.842    1.311
   2340.00 0.206     597.197       9.169    1300.000       0.000    0.0002    7.555  416.442    4.107  269.922    1.040
   2400.00 0.208     601.077       4.543    1500.000       0.000    0.0002    7.722  323.429    3.972  271.727    1.112
   2460.00 0.208     603.059      10.188    1380.000       0.000    0.0002    7.740  396.847    4.338  271.388    1.260
   2520.00 0.207     608.889      11.513    1340.000       0.000    0.0002    7.594  513.606    5.041  268.438    1.317
   2580.00 0.199     615.049       6.814    1340.000       0.000    0.0002    7.320  547.398    4.948  263.145    1.108
   2640.00 0.192     616.183       5.776    1420.000       0.000    0.0002    6.922  513.028    4.320  256.311    1.068
   2700.00 0.184     623.134       5.259    1460.000       0.000    0.0002    6.438  473.872    4.137  248.900    1.144
   2760.00 0.174     628.683       3.922    1340.000       0.000    0.0002    5.884  497.885    4.142  241.170    1.266
   2820.00 0.171     636.125       8.803    1380.000       0.000    0.0002    5.158  449.971    4.530  232.649    1.264
   2880.00 0.162     639.639      11.777    1380.000       0.000    0.0002    4.387  444.211    3.937  223.514    1.084
   2940.00 0.154     638.291      10.095    1340.000       0.000    0.0002    3.621  352.031    3.816  214.452    0.967
   3000.00 0.146     636.589      10.936    1380.000       0.000    0.0002    2.960  311.100    3.119  206.237    0.917
   3060.00 0.134     635.228       5.428    1340.000       0.000    0.0002    2.492  293.053    3.380  199.027    0.843
   3120.00 0.125     633.463       8.171    1340.000       0.000    0.0002    2.203  276.349    3.212  192.725    0.775
   3180.00 0.118     629.402       7.340    1300.000       0.000    0.0002    2.111  296.999    3.027  187.261    0.777
   3240.00 0.113     637.279       8.726    1420.000       0.000    0.0002    2.117  300.272    2.869  182.546    0.759
   3300.00 0.115     636.000      13.532    1300.000       0.000    0.0002    2.127  271.924    3.425  178.781    0.820
   3360.00 0.108     641.081      12.432    1300.000       0.000    0.0002    2.109  276.801    3.796  176.036    0.981
   3420.00 0.102     642.542       8.393    1380.000       0.000    0.0002    2.122  347.761    3.980  174.192    1.018
   3480.00 0.105     650.812       5.940    1380.000       0.000    0.0002    2.154  397.590    3.713  172.980    1.064
   3540.00 0.107     650.938       3.890    1340.000       0.000    0.0002    2.164  401.575    4.491  171.937    1.389
   3600.00 0.104     649.528       5.047    1300.000       0.000    0.0002    2.193  419.207    4.823  170.816    1.068
   3660.00 0.099     645.185       5.185    1420.000       0.000    0.0002    2.244  435.867    3.886  169.840    1.190
   3720.00 0.091     638.445       8.740    1300.000       0.000    0.0002    2.286  452.552    4.067  169.422    1.198
   3780.00 0.090     641.739       5.924    1340.000       0.000    0.0002    2.258  509.055    4.549  169.499    1.308
   3840.00 0.086     625.341       9.716    1380.000       0.000    0.0002    2.169  504.724    4.528  169.662    1.337
   3900.00 0.086     618.750       3.750    1380.000       0.000    0.0002    1.985  462.939    4.008  169.473    1.352
   3960.00 0.090     613.189      10.595    1300.000       0.000    0.0002    1.705  419.721    3.391  168.919    1.018
   4020.00 0.093     615.801       4.462    1340.000       0.000    0.0002    1.442  396.067    2.947  168.300    0.850
   4080.00 0.096     622.228       6.380    1420.000       0.000    0.0002    1.204  341.999    2.748  167.345    0.690
   4140.00 0.094     613.420       9.399    1380.000       0.000    0.0002    1.061  245.092    2.416  166.580    0.606
   4200.00 0.098     611.841       6.567    1420.000       0.000    0.0002    1.005  164.550    2.057  166.455    0.578
   4260.00 0.096     608.253       0.000    1300.000       0.000    0.0002    1.004  158.932    2.378  166.774    0.674
   4320.00 0.093     606.667       5.092    1180.000       0.000    0.0002    1.094  177.437    2.652  167.614    0.746
   4380.00 0.094     605.633       6.822    1220.000       0.000    0.0002    1.230  220.691    3.031  169.003    0.731
   4440.00 0.100     599.024       2.732    1060.000       0.000    0.0002    1.408  284.190    3.463  170.631    0.945
   4500.00 0.098     600.995       4.726    1060.000       0.000    0.0002    1.603  326.044    4.325  172.415    1.025
   4560.00 0.107     604.364       4.136    1300.000       0.000    0.0002    1.854  369.020    4.244  174.494    1.045
   4620.00 0.109     601.076       5.291    1300.000       0.000    0.0002    2.152  413.121    4.372  176.926    1.190
   4680.00 0.107     601.595       9.021    1300.000       0.000    0.0002    2.461  412.117    4.155  179.847    1.232
   4740.00 0.109     605.772       6.174    1300.000       0.000    0.0002    2.774  425.016    4.353  183.413    1.341
   4800.00 0.115     604.798       7.558    1300.000       0.000    0.0002    3.057  442.247    3.867  187.139    1.128
   4860.00 0.116     605.485      10.380    1300.000       0.000    0.0002    3.279  489.766    4.764  190.611    1.299
   4920.00 0.114     607.097       5.333    1300.000       0.000    0.0002    3.482  528.908    5.441  194.252    1.358
   4980.00 0.120     611.673      10.653    1300.000       0.000    0.0002    3.697  588.711    4.684  198.435    1.180
   5040.00 0.124     614.783       2.609    1300.000       0.000    0.0002    3.901  641.743    4.480  202.686    1.222
   5100.00 0.129     615.766       7.448    1300.000       0.000    0.0002    4.039  670.104    4.385  206.168    1.355
   5160.00 0.131     614.243       8.075    1300.000       0.000    0.0002    4.123  628.002    4.257  208.625    1.142
   5220.00 0.132     618.303       6.605    1300.000       0.000    0.0002    4.180  554.873    5.017  211.044    1.276
   5280.00 0.136     618.205       4.811    1420.000       0.000    0.0002    4.271  586.874    4.825  214.282    1.356
   5340.00 0.136     621.867       7.612    1380.000       0.000    0.0002    4.488  544.591    4.080  217.509    1.336
   5400.00 0.140     622.513      11.553    1300.000       0.000    0.0002    4.742  498.104    4.023  220.587    1.068
   5460.00 0.143     622.457       8.567    1340.000       0.000    0.0002    5.083  554.493    4.310  224.946    1.235
   5520.00 0.143     621.295       6.371    1380.000       0.000    0.0002    5.533  596.646    5.069  229.824    1.300
   5580.00 0.146     623.139      10.618    1340.000       0.000    0.0002    6.050  638.021    5.014  234.013    1.244
   5640.00 0.140     621.948       6.470    1380.000       0.000    0.0002    6.597  635.228    4.688  238.098    1.346
   5700.00 0.145     633.378       6.959    1460.000       0.000    0.0002    7.017  565.198    5.304  242.454    1.398
   5760.00 0.146     635.867       7.767    1420.000       0.000    0.0002    7.355  711.999    5.673  248.074    1.598
   5820.00 0.148     631.513       3.947    1340.000       0.000    0.0002    7.647  781.757    5.917  253.703    1.552
   5880.00 0.146     643.020       5.604    1460.000       0.000    0.0002    7.801  789.331    6.334  257.524    1.559
   5940.00 0.150     648.208       6.580    1460.000       0.000    0.0002    7.816  722.617    6.882  259.980    1.571
   6000.00 0.148     650.049      11.170    1420.000       0.000    0.0002    7.820  756.746    5.641  262.463    1.521
   6060.00 0.149     656.596       4.386    1460.000       0.000    0.0002    7.719  719.692    5.245  264.346    1.806
   6120.00 0.146     652.228       6.968    1460.000       0.000    0.0002    7.434  776.790    5.189  265.144    1.709
   6180.00 0.143     654.462       9.573    1540.000       0.000    0.0002    7.194  774.376    5.591  265.984    1.478
   6240.00 0.144     652.542       5.153    1540.000       0.000    0.0002    6.894  694.780    4.730  265.532    1.653
   6300.00 0.141     653.644      13.748    1540.000       0.000    0.0002    6.486  633.548    4.326  262.802    1.528
   6360.00 0.140     648.272      11.763    1460.000       0.000    0.0002    6.056  541.701    4.181  260.899    1.174
   6420.00 0.141     652.111       8.893    1460.000       0.000    0.0002    5.639  528.596    4.489  260.794    1.084
   6480.00 0.136     650.000       7.266    1460.000       0.000    0.0002    5.268  579.170    4.338  259.095    1.160
   6540.00 0.136     656.768       6.786    1500.000       0.000    0.0002    4.910  567.678    4.184  255.455    1.203
   6600.00 0.133     643.235       3.640    1380.000       0.000    0.0002    4.540  522.569    3.911  251.838    1.209
   6660.00 0.133     643.971       7.022    1420.000       0.000    0.0002    4.178  422.562    3.345  248.766    0.949
   6720.00 0.135     645.297       3.568    1380.000       0.000    0.0002    3.796  386.603    3.562  246.586    0.919
   6780.00 0.131     644.748       9.421    1460.000       0.000    0.0002    3.546  391.283    3.683  244.513    0.950
   6840.00 0.134     652.495       8.852    1500.000       0.000    0.0002    3.352  387.437    4.019  242.288    0.981
   6900.00 0.135     650.235       7.450    1380.000       0.000    0.0002    3.318  371.804    4.036  240.989    0.997
   6960.00 0.136     639.065       4.820    1420.000       0.000    0.0002    3.455  314.744    3.454  240.744    1.031
   7020.00 0.133     646.275       6.569    1340.000       0.000    0.0002    3.760  291.872    4.199  241.673    1.024
   7080.00 0.127     636.430      14.779    1380.000       0.000    0.0002    4.120  389.251    4.696  244.127    1.180
   7140.00 0.125     637.969       9.297    1340.000       0.000    0.0002    4.563  459.005    4.855  247.571    1.214
   7200.00 0.124     641.381      13.452    1420.000       0.000    0.0002    5.054  575.681    4.976  251.199    1.530
   7260.00 0.125     638.444       4.475    1420.000       0.000    0.0002    5.533  655.998    5.448  254.396    1.677
   7320.00 0.128     648.114       1.029    1420.000       0.000    0.0002    5.819  661.507    5.990  256.725    1.892
   7380.00 0.132     647.458       8.609    1500.000       0.000    0.0002    5.818  632.988    5.014  258.113    1.667
   7440.00 0.138     648.085       5.993    1500.000       0.000    0.0002    5.568  602.526    4.512  259.633    1.211
   7500.00 0.139     651.228       8.105    1540.000       0.000    0.0002    5.258  503.384    3.953  261.021    1.034
   7560.00 0.141     645.719       2.981    1380.000       0.000    0.0002    4.964  402.514    4.067  260.473    1.041
   7620.00 0.143     646.233       3.356    1380.000       0.000    0.0002    4.660  435.498    4.427  259.056    1.111
   7680.00 0.140     646.713      10.957    1380.000       0.000    0.0002    4.419  500.531    5.626  258.238    1.390
   7740.00 0.138     645.820       8.289    1460.000       0.000    0.0002    4.235  555.354    5.294  257.796    1.410
   7800.00 0.136     651.270       9.946    1340.000       0.000    0.0002    4.097  487.637    5.649  257.247    1.219
   7860.00 0.135     639.676       6.559    1540.000       0.000    0.0002    3.998  563.808    5.299  256.907    1.423
   7920.00 0.138     638.478       6.690    1460.000       0.000    0.0002    3.960  509.593    4.776  256.590    1.093
   7980.00 0.137     640.817      12.895    1460.000       0.000    0.0002    4.042  343.227    4.330  256.387    1.236
   8040.00 0.139     630.228       8.651    1380.000       0.000    0.0002    4.318  335.121    4.487  257.918    1.045
   8100.00 0.138     624.397       5.993    1500.000       0.000    0.0002    4.768  418.580    4.821  261.115    1.234
   8160.00 0.139     627.394       8.944    1300.000       0.000    0.0002    5.413  532.455    4.979  264.466    1.105
   8220.00 0.140     635.358      10.366    1300.000       0.000    0.0002    6.124  663.761    4.381  268.982    1.312
   8280.00 0.142     638.759       9.379    1380.000       0.000    0.0002    6.814  739.413    4.973  275.495    1.456
   8340.00 0.141     640.830      10.311    1380.000       0.000    0.0002    7.359  704.187    5.458  280.941    1.479
   8400.00 0.145     650.387       4.504    1500.000       0.000    0.0002    7.806  655.005    5.255  284.690    1.610
   8460.00 0.147     661.457       5.894    1500.000       0.000    0.0002    8.066  605.642    4.765  289.210    1.217
   8520.00 0.156     666.217       5.840    1540.000       0.000    0.0002    8.139  587.008    5.285  294.889    1.386
   8580.00 0.152     672.045       7.665    1540.000       0.000    0.0002    8.168  681.605    5.634  300.335    1.692
   8640.00 0.153     671.565       3.035    1580.000       0.000    0.0002    8.116  765.889    6.947  305.266    1.510
   8700.00 0.149     666.820       5.508    1500.000       0.000    0.0002    8.137  803.321    6.491  309.877    1.644
   8760.00 0.144     659.729       5.584    1420.000       0.000    0.0002    8.248  965.361    6.340  313.095    1.785
   8820.00 0.140     654.852       8.209    1420.000       0.000    0.0002    8.322 1004.734    6.334  315.477    1.757
   8880.00 0.139     664.710       5.554    1500.000       0.000    0.0002    8.433  882.059    5.883  319.250    1.799
   8940.00 0.139     672.680       6.025    1500.000       0.000    0.0002    8.396  796.128    6.162  323.107    1.398
   9000.00 0.141     672.708      10.625    1540.000       0.000    0.0002    8.260  853.816    6.828  325.650    1.589
   9060.00 0.142     675.766       4.509    1580.000       0.000    0.0002    8.028 1048.048    6.458  325.547    1.820
   9120.00 0.139     670.615       6.467    1500.000       0.000    0.0002    7.701 1094.058    6.176  322.893    2.044
   9180.00 0.136     684.329       6.261    1940.000       0.000    0.0002    7.170  961.762    5.291  319.559    1.858
   9240.00 0.138     682.646       6.420    1620.000       0.000    0.0002    6.519  841.631    5.533  318.753    1.492
   9300.00 0.138     679.929      10.106    1540.000       0.000    0.0002    5.879  800.280    5.844  317.397    1.519
   9360.00 0.136     673.165       9.065    1500.000       0.000    0.0002    5.433  683.866    6.219  313.330    1.342
   9420.00 0.132     662.296      12.148    1420.000       0.000    0.0002    5.147  817.051    5.978  308.798    1.464
   9480.00 0.134     669.982       9.399    1460.000       0.000    0.0002    4.919  810.315    4.714  304.787    1.180
   9540.00 0.137     675.143       7.750    1540.000       0.000    0.0002    4.758  685.400    4.510  301.464    1.195
   9600.00 0.137     660.284       6.607    1460.000       0.000    0.0002    4.689  583.240    4.617  299.499    1.082
   9660.00 0.135     664.901       2.090    1460.000       0.000    0.0002    4.744  557.761    4.624  298.859    1.211
   9720.00 0.135     669.603      10.650    1540.000       0.000    0.0002    4.791  562.091    5.154  298.257    1.265
   9780.00 0.129     657.495       8.235    1500.000       0.000    0.0002    4.797  524.249    4.948  297.182    1.279
   9840.00 0.129     655.833       9.091    1420.000       0.000    0.0002    4.787  462.697    4.827  296.073    1.255
   9900.00 0.133     667.546       5.531    1460.000       0.000    0.0002    4.725  439.370    5.493  294.919    1.301
   9960.00 0.128     664.724       4.952    1420.000       0.000    0.0002    4.652  525.800    5.164  293.677    1.315
  10020.00 0.131     657.985       7.463    1460.000       0.000    0.0002    4.512  551.109    5.368  292.834    1.328
  10080.00 0.136     660.000      15.871    1460.000       0.000    0.0002    4.379  614.896    6.751  292.599    1.427
  10140.00 0.130     663.152       4.015    1500.000       0.000    0.0002    4.258  655.874    6.329  292.771    1.501
  10200.00 0.134     659.562       3.978    1460.000       0.000    0.0002    4.129  614.250    4.826  292.528    1.284
  10260.00 0.132     656.222       5.222    1540.000       0.000    0.0002    3.988  587.095    4.837  292.081    1.463
  10320.00 0.129     641.894       6.023    1500.000       0.000    0.0002    3.815  499.546    4.615  291.126    1.118
  10380.00 0.130     649.925       8.271    1460.000       0.000    0.0002    3.662  405.802    4.595  289.759    1.074
  10440.00 0.135     656.014       5.761    1500.000       0.000    0.0002    3.592  475.682    5.195  289.145    1.395
  10500.00 0.135     657.758      11.609    1420.000       0.000    0.0002    3.653  537.188    5.337  289.263    1.191
  10560.00 0.129     644.528       7.472    1420.000       0.000    0.0002    3.908  551.489    5.561  290.723    1.592
  10620.00 0.133     640.662      10.735    1420.000       0.000    0.0002    4.249  529.914    5.896  293.068    1.903
  10680.00 0.136     639.893       6.369    1380.000       0.000    0.0002    4.579  568.806    4.789  294.960    1.460
  10740.00 0.142     639.417       6.209    1500.000       0.000    0.0002    4.868  513.685    4.775  296.545    1.267
  10800.00 0.144     639.458       7.390    1460.000       0.000    0.0002    5.031  460.850    5.361  298.917    1.253
  10860.00 0.145     646.442       3.069    1340.000       0.000    0.0002    5.190  491.725    5.961  302.233    1.238
  10920.00 0.145     650.303       6.498    1460.000       0.000    0.0002    5.519  630.987    6.604  306.059    1.486
  10980.00 0.147     649.254       7.297    1540.000       0.000    0.0002    5.998  778.435    7.233  310.810    1.613
  11040.00 0.146     654.027      11.812    1500.000       0.000    0.0002    6.510  995.921    7.139  316.880    1.794
  11100.00 0.146     648.533       9.967    1420.000       0.000    0.0002    7.022 1170.960    6.625  322.853    1.816
  11160.00 0.145     653.255      10.759    1620.000       0.000    0.0002    7.319 1271.679    7.782  326.436    2.063
  11220.00 0.143     642.222       3.590    1420.000       0.000    0.0002    7.394 1302.858    6.430  328.370    1.994
  11280.00 0.148     650.957       7.987    1940.000       0.000    0.0002    7.322 1074.987    6.426  332.629    1.518
  11340.00 0.144     654.712       8.441    1500.000       0.000    0.0002    7.331  739.792    6.896  338.032    1.518
  11400.00 0.144     664.143       7.402    1540.000       0.000    0.0002    7.392  738.138    5.438  340.715    1.291
  11460.00 0.139     672.394      10.211    1540.000       0.000    0.0002    7.475  750.967    6.052  342.007    1.465
  11520.00 0.138     667.080       9.310    1340.000       0.000    0.0002    7.749  735.753    6.741  344.785    1.602
  11580.00 0.139     663.662       4.190    1540.000       0.000    0.0002    7.909  706.673    6.333  347.911    1.660
  11640.00 0.139     666.165      12.609    1380.000       0.000    0.0002    8.037  732.073    6.492  348.859    1.992
  11700.00 0.143     677.922       7.802    1660.000       0.000    0.0002    8.031  814.387    6.483  347.775    1.688
  11760.00 0.141     672.847       9.757    1580.000       0.000    0.0002    7.971  753.490    6.336  349.105    1.942
  11820.00 0.143     676.684       9.060    1620.000       0.000    0.0002    7.911  696.183    6.384  352.144    1.554
  11880.00 0.138     666.984       9.030    1580.000       0.000    0.0002    7.762  688.168    5.908  353.482    1.393
  11940.00 0.136     672.809       2.218    1580.000       0.000    0.0002    7.724  694.144    6.512  354.233    1.436
  12000.00 0.135     682.536       9.710    1420.000       0.000    0.0002    7.819  725.301    6.627  355.202    1.538
  12060.00 0.135     676.884      11.087    1460.000       0.000    0.0002    7.994  864.896    7.413  357.102    1.847
  12120.00 0.136     679.677      10.090    1580.000       0.000    0.0002    8.204 1037.914    8.264  361.868    1.937
  12180.00 0.135     682.238       2.238    1620.000       0.000    0.0002    8.293 1015.324    6.591  365.924    2.365
  12240.00 0.133     700.074       5.525    1940.000       0.000    0.0002    8.068  872.376    7.092  366.425    1.821
  12300.00 0.134     710.219       4.489    1620.000       0.000    0.0002    7.553  768.837    6.972  367.889    1.670
  12360.00 0.130     696.030      13.596    1660.000       0.000    0.0002    7.061  893.695    8.090  370.158    1.832
  12420.00 0.129     681.212       2.576    1940.000       0.000    0.0002    6.727 1068.048    8.290  367.479    1.998
  12480.00 0.131     677.196       9.234    1460.000       0.000    0.0002    6.490 1191.815    9.144  365.870    2.177
  12540.00 0.130     678.912       7.917    1940.000       0.000    0.0002    6.293 1188.776    6.492  364.920    2.120
  12600.00 0.122     672.184      12.144    1940.000       0.000    0.0002    6.358 1005.628    8.567  363.708    1.837
  12660.00 0.120     660.081      10.468    1940.000       0.000    0.0002    6.579  976.586    7.036  365.816    1.942
  12720.00 0.125     654.510       6.235    1540.000       0.000    0.0002    6.770  982.253    6.537  367.623    2.219
  12780.00 0.127     656.069      10.058    1940.000       0.000    0.0002    6.897  862.469    6.974  366.551    1.741
  12840.00 0.125     660.856       6.965    1580.000       0.000    0.0002    7.014  913.052    7.215  368.574    1.639
  12900.00 0.130     666.079       3.715    1580.000       0.000    0.0002    7.161 1080.724    6.288  376.093    1.675
  12960.00 0.129     661.288       3.864    1940.000       0.000    0.0002    7.487 1057.680    6.738  379.917    1.883
  13020.00 0.133     667.546       9.707    1940.000       0.000    0.0002    7.807  912.035    6.803  378.702    2.193
  13080.00 0.138     676.296      12.028    1940.000       0.000    0.0002    7.940  869.811    5.977  378.970    1.776
  13140.00 0.138     689.220       8.014    1540.000       0.000    0.0002    7.670  913.283    6.015  381.707    1.787
  13200.00 0.141     690.881       5.285    1620.000       0.000    0.0002    7.202  862.639    6.130  382.246    1.806
  13260.00 0.138     676.749       1.979    1660.000       0.000    0.0002    6.744  783.422    5.583  379.216    1.645
  13320.00 0.144     670.612       6.293    1660.000       0.000    0.0002    6.384  676.615    5.645  376.178    1.330
  13380.00 0.147     678.339       8.571    1580.000       0.000    0.0002    6.141  569.069    6.015  374.278    1.220
  13440.00 0.145     676.296      12.256    1580.000       0.000    0.0002    5.912  642.976    4.911  371.631    1.167
  13500.00 0.146     680.604       4.732    1540.000       0.000    0.0002    5.837  635.311    5.389  369.257    1.247
  13560.00 0.147     688.212       4.503    1540.000       0.000    0.0002    5.817  658.316    5.917  368.067    1.577
  13620.00 0.151     680.129      10.647    1500.000       0.000    0.0002    5.848  785.726    5.811  367.790    1.568
  13680.00 0.147     670.365       5.681    1500.000       0.000    0.0002    5.814  902.652    6.326  367.196    1.891
  13740.00 0.148     678.056       4.119    1540.000       0.000    0.0002    5.664  785.129    5.105  366.152    1.754
  13800.00 0.148     670.429      11.914    1660.000       0.000    0.0002    5.376  557.173    4.689  365.111    1.728
  13860.00 0.145     681.180       3.137    1380.000       0.000    0.0002    5.119  447.731    4.426  363.674    1.607
  13920.00 0.147     693.488       7.342    1500.000       0.000    0.0002    4.922  390.162    4.662  362.324    1.182
  13980.00 0.147     681.891       4.511    1500.000       0.000    0.0002    4.965  432.927    4.609  361.813    1.273
  14040.00 0.146     683.920       4.891    1500.000       0.000    0.0002    5.062  506.923    5.011  361.029    1.210
  14100.00 0.143     679.214      10.325    1420.000       0.000    0.0002    5.132  541.364    5.315  360.814    1.184
  14160.00 0.145     672.997       7.946    1420.000       0.000    0.0002    5.159  418.650    5.267  360.881    1.230
  14220.00 0.145     667.879       8.653    1460.000       0.000    0.0002    5.142  482.703    5.802  361.767    1.210
  14280.00 0.143     673.038       9.590    1620.000       0.000    0.0002    5.122  521.914    4.716  363.653    1.137
  14340.00 0.141     676.886       8.789    1500.000       0.000    0.0002    5.072  536.362    5.263  365.811    1.228
  14400.00 0.141     686.782      10.623    1500.000       0.000    0.0002    5.084  559.131    5.895  368.051    1.268
  14460.00 0.139     692.465       8.239    1460.000       0.000    0.0002    5.084  552.282    5.689  369.235    1.394
  14520.00 0.132     687.384       5.900    1460.000       0.000    0.0002    5.074  643.579    6.439  369.379    1.515
  14580.00 0.135     690.417      15.789    1460.000       0.000    0.0002    5.044  691.260    6.443  369.718    1.627
  14640.00 0.134     687.177      14.062    1580.000       0.000    0.0002    4.874  671.890    6.780  369.277    1.748
  14700.00 0.132     693.037       5.370    1460.000       0.000    0.0002    4.606  581.437    6.528  368.039    1.335
  14760.00 0.134     691.152       7.642    1540.000       0.000    0.0002    4.334  784.518    7.645  367.980    1.680
  14820.00 0.133     677.647       3.934    1460.000       0.000    0.0002    4.230  800.255    7.730  367.942    1.705
  14880.00 0.133     666.924      11.271    1500.000       0.000    0.0002    4.235  710.686    5.730  367.184    1.194
  14940.00 0.143     670.444      11.604    1580.000       0.000    0.0002    4.335  636.315    4.972  366.779    1.397
  15000.00 0.140     661.675       2.862    1500.000       0.000    0.0002    4.517  468.952    5.407  367.863    1.224
  15060.00 0.146     667.224       7.592    1460.000       0.000    0.0002    4.797  503.374    6.003  369.911    1.338
  15120.00 0.145     661.950       7.193    1420.000       0.000    0.0002    5.264  709.673    6.612  372.661    1.373
  15180.00 0.149     662.946       9.165    1500.000       0.000    0.0002    5.841  812.124    8.160  376.697    1.745
  15240.00 0.158     664.068      11.803    1580.000       0.000    0.0002    6.421  955.111    7.598  380.880    1.778
  15300.00 0.162     668.278      10.755    1420.000       0.000    0.0002    6.827 1121.340    7.961  386.426    2.258
  15360.00 0.167     667.697       7.347    1940.000       0.000    0.0002    7.051 1175.973    7.868  392.064    1.968
  15420.00 0.163     667.653       6.487    1540.000       0.000    0.0002    7.074  887.101    8.786  396.256    2.073
  15480.00 0.166     670.103       6.197    1700.000       0.000    0.0002    6.993  896.049    7.712  398.393    2.039
  15540.00 0.168     675.930       9.157    1980.000       0.000    0.0002    6.592  831.202    7.147  396.764    1.928
  15600.00 0.166     677.640       4.513    1940.000       0.000    0.0002    6.178  703.079    5.599  395.885    1.619
  15660.00 0.167     679.009       8.076    1580.000       0.000    0.0002    5.893  468.314    5.772  395.339    1.326
  15720.00 0.161     672.708       4.781    1500.000       0.000    0.0002    5.892  472.743    5.866  392.866    1.303
  15780.00 0.158     671.032       7.396    1460.000       0.000    0.0002    6.018  516.941    5.623  389.695    1.476
  15840.00 0.162     671.420       8.157    1500.000       0.000    0.0002    6.247  607.243    5.870  388.716    1.429
  15900.00 0.164     678.030       7.313    1420.000       0.000    0.0002    6.611  662.317    6.074  389.958    1.547
  15960.00 0.154     673.418      12.655    1540.000       0.000    0.0002    7.067  694.701    6.602  391.638    1.654
  16020.00 0.156     678.085       8.289    1580.000       0.000    0.0002    7.541  799.240    6.827  395.149    1.634
  16080.00 0.156     686.207       7.743    1540.000       0.000    0.0002    7.902  814.263    7.511  400.905    1.765
  16140.00 0.155     693.375       6.530    1580.000       0.000    0.0002    7.939  889.555    8.192  403.712    2.022
  16200.00 0.158     704.376       5.455    1580.000       0.000    0.0002    7.764  741.397    6.469  402.223    1.795
  16260.00 0.160     707.439      12.774    1660.000       0.000    0.0002    7.498  698.451    7.359  401.205    1.784
  16320.00 0.158     707.245       9.659    1580.000       0.000    0.0002    7.226  593.488    6.586  401.638    1.361
  16380.00 0.153     710.144      13.620    1420.000       0.000    0.0002    7.176  675.808    7.271  400.954    1.508
  16440.00 0.150     712.987      10.227    1460.000       0.000    0.0002    7.182  807.701    6.936  401.060    1.666
  16500.00 0.148     709.079       6.941    1500.000       0.000    0.0002    7.244  805.696    5.830  402.919    1.583
  16560.00 0.150     718.862       6.959    1540.000       0.000    0.0002    7.318  900.773    5.109  404.837    1.963
  16620.00 0.149     718.396       8.642    1460.000       0.000    0.0002    7.186  845.669    5.893  405.585    1.726
  16680.00 0.143     728.493       3.664    1940.000       0.000    0.0002    6.777  621.832    6.014  404.937    1.803
  16740.00 0.147     721.891       6.103    1940.000       0.000    0.0002    6.357  642.705    7.123  404.755    1.439
  16800.00 0.145     726.847       9.949    1580.000       0.000    0.0002    6.089  748.049    7.864  404.655    1.634
  16860.00 0.145     709.613       7.059    1580.000       0.000    0.0002    6.009  821.446    6.120  403.586    1.803
  16920.00 0.141     701.248       7.868    1500.000       0.000    0.0002    5.931  810.096    6.167  402.360    2.072
  16980.00 0.138     692.340      11.525    1460.000       0.000    0.0002    5.727  589.443    5.852  400.972    1.576
  17040.00 0.133     696.912      13.199    1540.000       0.000    0.0002    5.292  488.083    6.318  398.474    1.597
  17100.00 0.135     715.535      12.051    1500.000       0.000    0.0002    4.895  486.505    6.296  396.645    1.546
  17160.00 0.130     709.006       6.979    1540.000       0.000    0.0002    4.653  549.890    7.126  396.171    1.758
  17220.00 0.126     721.044       9.478    1500.000       0.000    0.0002    4.659  685.833    6.099  396.422    1.532
  17280.00 0.129     715.028       7.362    1540.000       0.000    0.0002    4.726  755.345    6.647  395.335    1.803
  17340.00 0.130     707.430      13.208    1540.000       0.000    0.0002    4.775  788.565    6.544  393.517    2.075
  17400.00 0.127     686.385       7.269    1940.000       0.000    0.0002    4.712  728.654    5.989  391.118    1.968
  17460.00 0.131     691.701       8.262    1940.000       0.000    0.0002    4.582  437.441    5.710  390.411    1.315
  17520.00 0.130     694.962       7.895    1500.000       0.000    0.0002    4.592  498.580    5.636  392.312    1.254
  17580.00 0.139     692.254       7.958    1460.000       0.000    0.0002    4.581  555.782    6.040  391.555    1.475
  17640.00 0.133     690.074      11.838    1420.000       0.000    0.0002    4.494  544.067    5.289  388.696    1.247
  17700.00 0.134     686.448       7.577    1420.000       0.000    0.0002    4.339  433.986    5.542  385.542    1.100
  17760.00 0.139     695.026       6.305    1580.000       0.000    0.0002    4.124  417.904    4.649  383.479    1.150
  17820.00 0.142     690.997       7.285    1580.000       0.000    0.0002    3.887  401.869    5.671  382.490    1.237
  17880.00 0.141     692.318       2.284    1580.000       0.000    0.0002    3.620  426.565    5.929  381.828    1.286
  17940.00 0.131     686.119       8.396    1500.000       0.000    0.0002    3.431  457.799    6.031  380.493    1.174
  18000.00 0.135     678.947       7.441    1620.000       0.000    0.0002    3.393  570.270    6.799  379.275    1.407
  18060.00 0.137     676.441       6.940    1420.000       0.000    0.0002    3.485  714.102    6.697  379.637    1.308
  18120.00 0.134     674.672      11.715    1460.000       0.000    0.0002    3.651  775.210    8.166  380.645    1.746
  18180.00 0.136     664.014      11.398    1500.000       0.000    0.0002    3.964  883.803    6.326  382.614    1.284
  18240.00 0.143     659.181       6.212    1500.000       0.000    0.0002    4.486  895.053    6.555  387.886    1.573
  18300.00 0.144     658.980       3.163    1420.000       0.000    0.0002    5.101  954.315    6.513  394.626    1.888
  18360.00 0.146     663.000       6.633    1940.000       0.000    0.0002    5.685  907.892    7.612  401.081    1.792
  18420.00 0.143     668.615       9.333    1940.000       0.000    0.0002    6.270  954.737    7.514  408.797    1.770
  18480.00 0.146     674.564       8.758    1500.000       0.000    0.0002    6.750  843.819    7.663  416.675    1.939
  18540.00 0.146     682.571       6.377    1580.000       0.000    0.0002    6.984  799.042    6.768  421.451    1.851
  18600.00 0.152     683.307       8.796    1940.000       0.000    0.0002    6.995  713.316    6.096  424.729    1.629
  18660.00 0.155     696.904       9.573    1580.000       0.000    0.0002    6.957  623.758    5.949  427.736    1.498
  18720.00 0.155     699.242       7.204    1580.000       0.000    0.0002    7.069  519.758    6.091  431.434    1.531
  18780.00 0.154     704.437      14.929    1460.000       0.000    0.0002    7.355  612.132    6.778  435.007    1.711
  18840.00 0.158     715.108       4.272    1420.000       0.000    0.0002    7.730  632.699    7.668  438.058    1.879
  18900.00 0.156     716.515       9.042    1540.000       0.000    0.0002    8.025  784.255    7.994  441.878    1.924
  18960.00 0.153     723.185       9.395    1580.000       0.000    0.0002    8.123  675.320    8.012  445.243    1.964
  19020.00 0.149     716.946       7.718    1940.000       0.000    0.0002    8.127  691.147    7.041  447.788    1.668
  19080.00 0.150     720.260      11.656    1580.000       0.000    0.0002    8.064  736.290    7.778  452.365    1.856
  19140.00 0.151     713.139       7.929    1460.000       0.000    0.0002    8.073  805.535    7.409  456.603    1.939
  19200.00 0.156     716.188      10.906    1940.000       0.000    0.0002    8.055  723.052    7.634  456.417    1.798
  19260.00 0.158     725.741       8.056    1620.000       0.000    0.0002    8.123  681.101    7.744  459.045    1.837
  19320.00 0.159     730.383       3.982    1540.000       0.000    0.0002    8.155  658.110    6.600  461.950    1.858
  19380.00 0.159     722.734      15.422    1540.000       0.000    0.0002    7.934  643.101    8.205  462.103    1.934
  19440.00 0.154     723.544       7.468    1580.000       0.000    0.0002    7.686  623.158    7.547  461.950    1.564
  19500.00 0.155     717.197       8.976    1620.000       0.000    0.0002    7.409  772.650    7.653  461.726    1.825
  19560.00 0.157     706.791       5.670    1540.000       0.000    0.0002    7.159  674.187    7.785  461.192    1.697
  19620.00 0.157     697.950       4.193    1540.000       0.000    0.0002    7.047  965.309    8.053  462.218    2.049
  19680.00 0.157     700.748       4.299    1500.000       0.000    0.0002    6.958 1233.609    9.094  462.004    2.496
  19740.00 0.165     702.071       6.686    1940.000       0.000    0.0002    6.769 1262.464    7.443  457.730    2.390
  19800.00 0.163     688.443       8.443    1940.000       0.000    0.0002    6.391 1228.846    7.642  452.161    2.167
  19860.00 0.160     680.397       7.878    1940.000       0.000    0.0002    5.773 1075.180    6.742  449.820    1.884
  19920.00 0.156     675.862      10.596    1940.000       0.000    0.0002    5.123  832.359    5.490  448.031    1.365
  19980.00 0.154     680.254       8.889    1500.000       0.000    0.0002    4.697  486.409    5.140  444.630    1.589
  20040.00 0.158     673.622       4.149    1500.000       0.000    0.0002    4.450  299.662    4.728  439.188    1.157
  20100.00 0.156     687.250       2.969    1500.000       0.000    0.0002    4.457  297.198    5.270  434.992    1.099
  20160.00 0.157     685.488       6.853    1460.000       0.000    0.0002    4.639  305.422    5.698  432.661    1.200
  20220.00 0.154     688.871       8.108    1420.000       0.000    0.0002    4.912  388.414    6.098  430.107    1.426
  20280.00 0.153     694.624       8.672    1540.000       0.000    0.0002    5.220  461.442    5.999  428.454    1.155
  20340.00 0.159     704.110       8.190    1540.000       0.000    0.0002    5.504  545.180    6.211  429.639    1.418
  20400.00 0.156     707.176      10.390    1500.000       0.000    0.0002    5.811  634.358    6.695  431.070    1.466
  20460.00 0.156     724.113      10.487    1500.000       0.000    0.0002    6.177  594.027    5.565  432.711    1.237
  20520.00 0.156     722.188       7.969    1500.000       0.000    0.0002    6.530  445.721    6.356  437.055    1.507
  20580.00 0.150     707.492      12.997    1540.000       0.000    0.0002    6.761  580.096    6.630  442.242    1.628
  20640.00 0.150     705.742       7.308    1460.000       0.000    0.0002    6.977  638.168    6.952  445.240    1.570
  20700.00 0.155     700.632       7.109    1540.000       0.000    0.0002    7.074  716.160    7.335  447.160    1.993
  20760.00 0.152     700.897       8.013    1460.000       0.000    0.0002    6.967  831.323    7.289  450.253    2.003
  20820.00 0.142     705.645       7.298    1940.000       0.000    0.0002    6.793  673.974    6.147  452.000    1.936
  20880.00 0.140     705.217      13.913    1940.000       0.000    0.0002    6.802  662.307    7.011  453.330    1.611
  20940.00 0.140     706.690       8.014    1580.000       0.000    0.0002    6.896  666.789    7.765  457.086    1.771
  21000.00 0.143     717.922       9.506    1620.000       0.000    0.0002    7.084  750.578    7.048  460.659    1.794
  21060.00 0.140     714.216       3.275    1580.000       0.000    0.0002    7.264  700.116    8.064  461.433    1.815
  21120.00 0.144     717.182      15.042    1580.000       0.000    0.0002    7.297  857.820    6.585  462.902    1.666
  21180.00 0.146     718.358       3.886    1540.000       0.000    0.0002    7.271  869.809    6.505  467.708    1.556
  21240.00 0.144     709.372       8.998    1660.000       0.000    0.0002    7.340  712.595    7.983  471.837    2.156
  21300.00 0.145     721.378       8.941    1620.000       0.000    0.0002    7.484  704.983    7.788  473.587    1.604
  21360.00 0.148     717.237       9.046    1580.000       0.000    0.0002    7.775  795.317    8.343  477.857    1.871
  21420.00 0.147     717.645      11.211    1540.000       0.000    0.0002    8.081 1032.880    8.373  485.110    2.363
  21480.00 0.149     720.458       9.314    1940.000       0.000    0.0002    8.202 1061.787    8.916  488.740    2.105
  21540.00 0.143     703.618       4.505    1940.000       0.000    0.0002    8.257  945.787    8.136  488.056    2.158
  21600.00 0.148     707.140      10.975    1940.000       0.000    0.0002    8.177  806.965    6.801  488.239    1.791
  21660.00 0.149     707.607      11.246    1580.000       0.000    0.0002    7.916  804.536    6.885  490.743    1.759
  21720.00 0.148     698.017       8.628    1620.000       0.000    0.0002    7.791  622.107    7.917  494.264    1.780
  21780.00 0.148     718.781       6.129    1540.000       0.000    0.0002    7.851  649.933    7.690  495.546    1.995
  21840.00 0.142     736.145      10.637    1500.000       0.000    0.0002    8.102  666.397    8.505  496.463    1.932
  21900.00 0.146     726.377       6.544    1940.000       0.000    0.0002    8.544  861.190    9.043  499.049    2.068
  21960.00 0.141     734.097      12.604    1940.000       0.000    0.0002    8.947  819.876    7.919  504.412    1.787
  22020.00 0.144     746.735       3.503    1700.000       0.000    0.0002    9.371  851.757    7.465  512.961    1.790
  22080.00 0.142     748.330       8.881    1700.000       0.000    0.0002    9.912 1022.726    8.635  523.602    2.051
  22140.00 0.144     757.327      11.303    1940.000       0.000    0.0002   10.448 1212.119    9.171  532.118    2.276
  22200.00 0.143     760.205       8.459    1940.000       0.000    0.0002   10.613 1391.308   11.210  535.679    2.675
  22260.00 0.143     755.468       8.041    2020.000       0.000    0.0002   10.042 1529.751    9.772  530.828    3.154
  22320.00 0.138     757.597      10.318    1980.000       0.000    0.0002    8.886 1176.936    7.127  527.206    1.992
  22380.00 0.137     757.762       9.982    1940.000       0.000    0.0002    7.536  842.952    7.130  533.879    1.770
  22440.00 0.133     750.055       6.128    1580.000       0.000    0.0002    6.538  859.770    7.013  536.465    1.839
  22500.00 0.130     744.578      10.319    1580.000       0.000    0.0002    5.779  662.884    7.009  516.787    1.422
  22560.00 0.121     719.676       4.696    1580.000       0.000    0.0002    5.510  720.317    7.174  497.421    1.538
  22620.00 0.124     727.112      10.491    1620.000       0.000    0.0002    5.454  710.738    7.322  490.671    1.647
  22680.00 0.128     720.800      12.114    1620.000       0.000    0.0002    5.455  696.499    6.857  488.592    1.750
  22740.00 0.124     722.170      13.136    1580.000       0.000    0.0002    5.460  673.348    6.318  483.560    1.503
  22800.00 0.135     739.783       4.874    1620.000       0.000    0.0002    5.457  523.454    6.503  480.572    1.538
  22860.00 0.136     748.273      10.072    1660.000       0.000    0.0002    5.702  605.255    7.090  481.436    1.698
  22920.00 0.141     741.181       4.306    1580.000       0.000    0.0002    6.162  686.453    6.230  482.746    1.539
  22980.00 0.137     731.317       8.043    1500.000       0.000    0.0002    6.746  664.207    7.672  483.647    1.974
  23040.00 0.140     732.696      14.922    1700.000       0.000    0.0002    7.221  858.442    8.708  485.439    1.916
  23100.00 0.145     735.481       9.309    1700.000       0.000    0.0002    7.315 1022.535   10.467  486.613    2.223
  23160.00 0.144     741.969      11.647    1940.000       0.000    0.0002    7.145 1083.074    8.413  484.762    2.360
  23220.00 0.147     743.854      11.462    1940.000       0.000    0.0002    6.703  912.900    7.441  480.862    1.977
  23280.00 0.153     739.872       6.507    1620.000       0.000    0.0002    5.895  577.993    5.196  478.496    1.574
  23340.00 0.151     740.908       4.214    1540.000       0.000    0.0002    5.044  494.279    5.438  474.433    1.504
  23400.00 0.150     724.430       8.827    1540.000       0.000    0.0002    4.252  495.621    4.241  466.360    1.431
  23460.00 0.154     711.238       5.683    1540.000       0.000    0.0002    3.704  319.702    4.404  460.766    1.184
  23520.00 0.148     704.165      10.843    1580.000       0.000    0.0002    3.324  303.333    4.582  456.065    1.215
  23580.00 0.151     704.992       8.136    1580.000       0.000    0.0002    3.125  266.230    4.625  450.869    1.082
  23640.00 0.150     707.468      12.338    1540.000       0.000    0.0002    3.022  280.191    4.673  448.999    1.237
  23700.00 0.149     709.412       9.673    1540.000       0.000    0.0002    2.972  288.097    5.141  449.110    1.293
  23760.00 0.145     704.392       7.264    1460.000       0.000    0.0002    2.988  350.412    5.205  446.576    1.338
  23820.00 0.147     701.597      14.010    1500.000       0.000    0.0002    2.972  323.009    4.995  442.392    1.090
  23880.00 0.150     699.740       8.409    1460.000       0.000    0.0002    2.901  242.298    4.737  440.364    1.273
  23940.00 0.155     705.994       3.186    1500.000       0.000    0.0002    2.793  264.947    4.507  440.485    1.032
  24000.00 0.147     700.132       8.642    1460.000       0.000    0.0002    2.760  306.118    5.702  439.208    1.233
  24060.00 0.144     689.424       4.644    1500.000       0.000    0.0002    2.773  310.461    5.456  437.035    1.110
  24120.00 0.146     689.933       4.867    1540.000       0.000    0.0002    2.839  361.363    4.889  436.653    1.246
  24180.00 0.146     684.908       7.613    1540.000       0.000    0.0002    2.911  335.542    4.887  436.131    1.235
  24240.00 0.151     694.120       9.532    1620.000       0.000    0.0002    3.016  256.102    4.208  434.254    0.972
  24300.00 0.149     692.484      13.431    1660.000       0.000    0.0002    3.221  287.373    4.315  434.547    1.213
  24360.00 0.149     696.459      10.066    1420.000       0.000    0.0002    3.492  408.423    5.476  438.696    1.321
  24420.00 0.145     698.651       8.094    1420.000       0.000    0.0002    3.895  471.858    6.265  443.508    1.262
  24480.00 0.146     692.600       8.300    1460.000       0.000    0.0002    4.491  558.603    6.109  447.939    1.275
  24540.00 0.147     691.244       7.993    1380.000       0.000    0.0002    5.367  529.528    6.230  454.394    1.477
  24600.00 0.147     698.010       6.003    1460.000       0.000    0.0002    6.430  582.223    6.379  464.246    1.414
  24660.00 0.146     702.267       5.833    1500.000       0.000    0.0002    7.688  702.468    7.660  476.172    1.781
  24720.00 0.151     719.806      10.387    1540.000       0.000    0.0002    8.957  843.443    8.289  487.716    1.698
  24780.00 0.152     733.237      11.498    1580.000       0.000    0.0002   10.069  928.032    7.689  497.978    1.898
  24840.00 0.157     748.199       4.286    1940.000       0.000    0.0002   10.559  968.361    7.487  507.596    2.007
  24900.00 0.156     760.690      10.000    1740.000       0.000    0.0002   10.528  813.014    8.297  518.380    2.085
  24960.00 0.151     769.015      12.278    1940.000       0.000    0.0002   10.072  976.039    8.394  525.702    2.193
  25020.00 0.153     751.847       4.522    1940.000       0.000    0.0002    9.317 1132.598   10.241  527.915    2.872
  25080.00 0.152     754.615       8.814    1940.000       0.000    0.0002    8.380 1121.116    8.334  522.700    2.613
  25140.00 0.148     741.917       8.298    1940.000       0.000    0.0002    7.559  939.972    8.440  516.137    2.073
  25200.00 0.145     742.353      12.067    1940.000       0.000    0.0002    6.819  957.553    6.239  515.425    1.700
  25260.00 0.148     729.686       7.934    1580.000       0.000    0.0002    6.165  864.129    6.831  516.119    1.848
  25320.00 0.145     735.354       4.680    1620.000       0.000    0.0002    5.594  601.395    7.113  508.148    1.891
  25380.00 0.149     736.209       5.588    1620.000       0.000    0.0002    5.115  735.981    8.241  498.250    1.732
  25440.00 0.144     723.810       5.442    1540.000       0.000    0.0002    4.699  716.009    7.662  493.432    1.717
  25500.00 0.147     725.075      12.007    1580.000       0.000    0.0002    4.254  760.304    7.985  490.174    1.714
  25560.00 0.147     726.512       5.548    1580.000       0.000    0.0002    3.977  623.483    5.719  484.510    1.749
  25620.00 0.145     714.118      14.622    1580.000       0.000    0.0002    3.984  517.376    5.830  480.138    1.393
  25680.00 0.146     707.303       7.772    1500.000       0.000    0.0002    4.110  413.323    5.315  478.303    1.191
  25740.00 0.154     712.361       7.132    1540.000       0.000    0.0002    4.247  338.713    4.808  477.847    1.206
  25800.00 0.152     715.241      10.772    1620.000       0.000    0.0002    4.415  323.793    5.182  478.089    1.209
  25860.00 0.149     714.926      14.108    1500.000       0.000    0.0002    4.684  413.611    5.963  478.355    1.517
  25920.00 0.151     721.070       7.877    1580.000       0.000    0.0002    5.013  540.879    6.455  479.533    1.541
  25980.00 0.151     714.716       6.742    1460.000       0.000    0.0002    5.389  622.398    7.065  482.933    1.518
  26040.00 0.155     709.779       1.893    1420.000       0.000    0.0002    5.799  654.871    7.111  486.479    1.614
  26100.00 0.153     708.726       9.363    1580.000       0.000    0.0002    6.264  742.177    7.118  488.622    1.720
  26160.00 0.152     709.567       7.448    1460.000       0.000    0.0002    6.663  733.873    7.067  491.573    1.641
  26220.00 0.157     720.529      11.229    1460.000       0.000    0.0002    7.045  714.944    7.112  498.012    1.660
  26280.00 0.152     732.821       2.949    1500.000       0.000    0.0002    7.557  865.775    8.730  506.409    1.842
  26340.00 0.152     731.369       8.084    1580.000       0.000    0.0002    8.075  971.915    8.338  513.814    2.169
  26400.00 0.153     741.592       8.280    1940.000       0.000    0.0002    8.348 1019.803    9.548  518.248    2.202
  26460.00 0.156     745.321      14.617    1940.000       0.000    0.0002    8.528  918.470    8.472  520.588    1.899
  26520.00 0.152     744.494       5.490    1940.000       0.000    0.0002    8.768  746.615    6.481  526.675    1.716
  26580.00 0.153     743.892       8.070    1580.000       0.000    0.0002    9.208  597.173    7.951  537.748    1.805
  26640.00 0.158     749.985       8.875    1660.000       0.000    0.0002    9.421  702.979    7.989  543.696    2.168
  26700.00 0.160     743.714       7.823    1580.000       0.000    0.0002    9.378  847.997    8.582  542.855    2.144
  26760.00 0.160     738.600       5.814    2020.000       0.000    0.0002    9.051 1014.776    8.023  540.529    2.315
  26820.00 0.156     733.114      10.767    1940.000       0.000    0.0002    8.458 1015.550    7.284  540.106    2.198
  26880.00 0.160     733.120       5.358    1940.000       0.000    0.0002    7.700  758.570    7.891  538.752    1.789
  26940.00 0.160     727.908       7.969    1940.000       0.000    0.0002    7.193  740.793    6.473  535.515    1.617
  27000.00 0.158     734.365      14.892    1620.000       0.000    0.0002    6.908  670.586    6.333  530.568    1.684
  27060.00 0.159     732.565       8.141    1580.000       0.000    0.0002    6.971  629.415    6.274  524.782    1.580
  27120.00 0.155     738.677       7.402    1540.000       0.000    0.0002    7.088  617.268    6.627  524.661    1.575
  27180.00 0.156     744.194       3.349    1540.000       0.000    0.0002    7.375  732.041    7.613  529.793    1.885
  27240.00 0.163     746.697      12.257    1700.000       0.000    0.0002    7.674  790.596    8.204  532.718    2.060
  27300.00 0.161     759.152       9.364    1700.000       0.000    0.0002    7.811  870.983    7.683  532.869    2.218
  27360.00 0.169     771.631       2.309    1940.000       0.000    0.0002    7.719  899.193    6.906  533.072    2.111
  27420.00 0.169     767.803       4.769    1940.000       0.000    0.0002    7.622  693.853    5.763  533.925    2.149
  27480.00 0.168     760.378      11.528    1940.000       0.000    0.0002    7.563  455.211    6.765  533.752    1.540
  27540.00 0.169     758.470      11.833    1580.000       0.000    0.0002    7.721  454.866    7.104  535.451    1.479
  27600.00 0.163     770.613       9.865    1540.000       0.000    0.0002    8.035  513.587    6.311  536.862    1.476
  27660.00 0.170     763.482      16.921    1580.000       0.000    0.0002    8.300  573.089    6.725  539.236    1.494
  27720.00 0.165     768.994       9.172    1660.000       0.000    0.0002    8.526  638.323    6.465  542.857    1.921
  27780.00 0.168     774.717      13.759    1700.000       0.000    0.0002    8.612  601.725    5.704  544.102    1.905
  27840.00 0.164     780.238       8.780    1620.000       0.000    0.0002    8.397  549.830    6.356  544.702    1.617
  27900.00 0.171     788.376       9.829    1620.000       0.000    0.0002    8.062  439.013    4.989  545.199    1.417
  27960.00 0.172     787.025       9.178    1620.000       0.000    0.0002    7.854  401.264    5.307  543.049    1.273
  28020.00 0.174     783.094      11.814    1580.000       0.000    0.0002    7.655  482.918    6.328  539.381    1.632
  28080.00 0.176     784.284      14.882    1580.000       0.000    0.0002    7.432  519.639    6.499  538.537    1.568
  28140.00 0.173     782.150       7.751    1540.000       0.000    0.0002    7.276  500.415    5.995  539.190    1.468
  28200.00 0.173     770.621       5.565    1500.000       0.000    0.0002    7.147  603.401    6.780  539.059    1.839
  28260.00 0.173     769.788       8.096    1580.000       0.000    0.0002    6.961  562.731    6.444  537.015    1.586
  28320.00 0.174     759.187       4.769    1620.000       0.000    0.0002    6.688  616.511    6.246  534.161    1.761
  28380.00 0.170     760.115      18.649    1620.000       0.000    0.0002    6.385  694.382    5.234  531.805    1.701
  28440.00 0.173     752.507       4.563    1940.000       0.000    0.0002    5.954  500.572    5.083  529.784    1.447
  28500.00 0.167     749.825       9.971    1580.000       0.000    0.0002    5.623  391.004    6.262  526.968    1.599
  28560.00 0.156     751.232      10.827    1540.000       0.000    0.0002    5.480  464.197    7.096  525.098    1.574
  28620.00 0.156     748.715       9.436    1500.000       0.000    0.0002    5.536  605.357    7.088  523.813    1.711
  28680.00 0.152     735.698       5.393    1460.000       0.000    0.0002    5.663  567.236    7.070  521.653    1.899
  28740.00 0.152     742.444       9.968    1500.000       0.000    0.0002    5.800  546.214    6.521  521.193    1.572
  28800.00 0.152     743.607       3.382    1540.000       0.000    0.0002    5.774  580.294    5.874  521.158    1.602
