#  time      cc     z_cbase    z_ctop_avg  z_ctop_max      zi         we   <<ql>>  <<ql>>_max   w_max   tke     ql_max
     60.00 0.000       0.000       0.000       0.000       0.000    0.0002    0.000    0.000    0.175  616.626    0.000
    120.00 0.000       0.000       0.000       0.000       0.000    0.0002    0.000    0.000    0.319  417.101    0.000
    180.00 0.000       0.000       0.000       0.000       0.000    0.0002    0.000    0.000    0.335  300.143    0.000
    240.00 0.000       0.000       0.000       0.000       0.000    0.0002    0.000    0.000    0.309  225.814    0.000
    300.00 0.000       0.000       0.000       0.000       0.000    0.0002    0.000    0.000    0.276  176.602    0.000
    360.00 0.000       0.000       0.000       0.000       0.000    0.0002    0.000    0.000    0.293  143.435    0.000
    420.00 0.000       0.000       0.000       0.000       0.000    0.0002    0.000    0.000    0.312  121.164    0.000
    480.00 0.000       0.000       0.000       0.000       0.000    0.0002    0.000    0.000    0.318  105.746    0.000
    540.00 0.000       0.000       0.000       0.000       0.000    0.0002    0.000    0.000    0.354   93.920    0.000
    600.00 0.000       0.000       0.000       0.000       0.000    0.0002    0.000    0.000    0.396   84.655    0.000
    660.00 0.000       0.000       0.000       0.000       0.000    0.0002    0.000    0.000    0.406   78.105    0.000
    720.00 0.000       0.000       0.000       0.000       0.000    0.0002    0.000    0.000    0.449   73.775    0.000
    780.00 0.000       0.000       0.000       0.000       0.000    0.0002    0.000    0.000    0.482   70.937    0.000
    840.00 0.000       0.000       0.000       0.000       0.000    0.0002    0.000    0.000    0.543   69.132    0.000
    900.00 0.000       0.000       0.000       0.000       0.000    0.0002    0.000    0.000    0.637   67.906    0.000
    960.00 0.000       0.000       0.000       0.000       0.000    0.0002    0.000    0.000    0.704   67.257    0.000
   1020.00 0.000       0.000       0.000       0.000       0.000    0.0002    0.000    0.000    0.747   67.662    0.000
   1080.00 0.000       0.000       0.000       0.000       0.000    0.0002    0.000    0.000    0.844   69.145    0.000
   1140.00 0.000       0.000       0.000       0.000       0.000    0.0002    0.000    0.000    0.935   71.306    0.000
   1200.00 0.000     580.000       0.000     580.000       0.000    0.0002    0.000    0.726    0.926   74.099    0.016
   1260.00 0.001     566.667       0.000     580.000       0.000    0.0002    0.001    2.079    0.975   77.706    0.047
   1320.00 0.005     563.158       0.000     580.000       0.000    0.0002    0.005    4.588    1.039   82.228    0.085
   1380.00 0.009     566.667       0.000     580.000       0.000    0.0002    0.017    9.337    1.072   87.860    0.138
   1440.00 0.015     568.852       0.000     660.000       0.000    0.0002    0.044   13.646    1.153   94.745    0.172
   1500.00 0.024     567.600       5.400     660.000       0.000    0.0002    0.092   21.977    1.281  102.784    0.268
   1560.00 0.036     570.204       0.000     660.000       0.000    0.0002    0.173   35.947    1.401  111.926    0.354
   1620.00 0.049     568.911       8.416     660.000       0.000    0.0002    0.302   52.379    1.779  122.241    0.427
   1680.00 0.062     568.863       4.706     660.000       0.000    0.0002    0.505   81.162    2.135  133.687    0.596
   1740.00 0.082     570.090       1.731     660.000       0.000    0.0002    0.799  117.925    2.687  146.194    0.775
   1800.00 0.098     569.227       2.793     780.000       0.000    0.0002    1.194  163.164    3.203  159.621    0.854
   1860.00 0.113     568.423       2.505     780.000       0.000    0.0002    1.699  196.512    3.118  173.746    0.921
   1920.00 0.127     571.418       0.000     740.000       0.000    0.0002    2.281  255.488    3.809  188.166    1.007
   1980.00 0.142     572.234       4.983     860.000       0.000    0.0002    2.942  283.261    4.091  202.525    0.983
   2040.00 0.161     574.659      11.259    1060.000       0.000    0.0002    3.659  353.265    4.622  216.570    1.191
   2100.00 0.172     575.903       1.593     860.000       0.000    0.0002    4.410  424.339    4.991  229.712    1.164
   2160.00 0.186     579.581       4.771    1300.000       0.000    0.0002    5.170  470.674    4.702  241.490    1.283
   2220.00 0.190     583.440       8.062    1300.000       0.000    0.0002    5.885  514.957    4.856  251.834    1.418
   2280.00 0.197     587.931       8.600    1380.000       0.000    0.0002    6.565  511.823    5.247  260.604    1.396
   2340.00 0.206     593.286       5.789    1380.000       0.000    0.0002    7.143  551.004    4.744  267.650    1.441
   2400.00 0.201     598.345       5.620    1300.000       0.000    0.0002    7.676  533.461    5.256  272.227    1.459
   2460.00 0.204     604.803       7.360    1340.000       0.000    0.0002    8.016  558.389    4.964  274.067    1.236
   2520.00 0.201     605.891       8.848    1460.000       0.000    0.0002    8.107  572.910    3.885  273.475    1.653
   2580.00 0.201     610.097       6.723    1540.000       0.000    0.0002    7.990  451.623    4.316  270.806    1.495
   2640.00 0.194     613.116       8.618    1380.000       0.000    0.0002    7.723  403.219    5.055  266.843    1.381
   2700.00 0.192     616.280       8.000    1340.000       0.000    0.0002    7.296  485.638    5.210  261.934    1.432
   2760.00 0.183     620.905      10.466    1500.000       0.000    0.0002    6.813  537.259    4.511  255.480    1.376
   2820.00 0.176     628.100       6.130    1300.000       0.000    0.0002    6.299  508.717    4.582  247.401    1.181
   2880.00 0.172     635.184      10.000    1380.000       0.000    0.0002    5.715  452.290    4.024  238.793    1.117
   2940.00 0.163     632.994       7.186    1380.000       0.000    0.0002    5.081  398.927    3.540  230.599    1.118
   3000.00 0.155     632.492       3.186    1500.000       0.000    0.0002    4.410  308.854    3.560  223.303    0.943
   3060.00 0.147     637.438      10.017    1540.000       0.000    0.0002    3.797  261.664    3.744  216.999    1.095
   3120.00 0.142     636.248      10.637    1540.000       0.000    0.0002    3.359  282.746    4.051  210.803    1.064
   3180.00 0.134     632.873      11.164    1340.000       0.000    0.0002    3.080  317.194    3.755  204.539    1.006
   3240.00 0.124     633.937       5.000    1380.000       0.000    0.0002    2.884  328.421    4.165  199.073    1.092
   3300.00 0.125     640.938       9.727    1300.000       0.000    0.0002    2.699  373.893    4.480  194.571    1.124
   3360.00 0.121     650.161      11.452    1460.000       0.000    0.0002    2.586  444.132    4.679  190.483    1.211
   3420.00 0.114     644.154       5.310    1340.000       0.000    0.0002    2.497  434.000    4.662  186.629    1.210
   3480.00 0.109     648.304       9.375    1340.000       0.000    0.0002    2.335  499.913    4.269  183.149    1.131
   3540.00 0.112     657.304      10.391    1300.000       0.000    0.0002    2.105  481.336    3.849  179.944    1.040
   3600.00 0.113     653.707       7.974    1420.000       0.000    0.0002    1.866  358.321    3.471  177.157    0.854
   3660.00 0.110     654.146       4.701    1420.000       0.000    0.0002    1.676  222.227    3.213  175.080    0.837
   3720.00 0.107     644.201       6.073    1300.000       0.000    0.0002    1.567  194.267    2.836  173.432    0.890
   3780.00 0.107     638.909       4.136    1300.000       0.000    0.0002    1.544  164.907    2.927  171.586    0.891
   3840.00 0.108     644.762       4.762    1300.000       0.000    0.0002    1.508  195.216    2.644  169.791    0.872
   3900.00 0.104     640.000       6.479    1300.000       0.000    0.0002    1.488  249.632    3.047  168.839    0.935
   3960.00 0.103     630.286       5.333    1380.000       0.000    0.0002    1.496  285.105    3.457  168.719    1.097
   4020.00 0.100     620.294       4.167    1300.000       0.000    0.0002    1.526  302.217    3.814  169.030    1.074
   4080.00 0.101     619.324      12.464    1300.000       0.000    0.0002    1.590  319.023    4.189  169.516    1.116
   4140.00 0.098     622.084       6.650    1420.000       0.000    0.0002    1.672  359.640    4.675  170.031    1.124
   4200.00 0.098     621.300       6.900    1460.000       0.000    0.0002    1.753  419.561    5.099  170.640    1.107
   4260.00 0.098     623.791      11.471    1340.000       0.000    0.0002    1.846  476.711    4.628  171.809    0.946
   4320.00 0.099     624.851      10.297    1420.000       0.000    0.0002    1.975  504.285    3.747  173.720    1.142
   4380.00 0.097     623.526       8.514    1300.000       0.000    0.0002    2.117  484.734    5.913  175.851    1.597
   4440.00 0.099     619.111       1.630    1380.000       0.000    0.0002    2.253  439.452    5.259  177.724    1.196
   4500.00 0.100     616.886      10.024    1300.000       0.000    0.0002    2.337  347.188    4.598  179.201    1.184
   4560.00 0.104     618.208       3.302    1420.000       0.000    0.0002    2.384  385.703    4.326  180.622    1.040
   4620.00 0.113     620.603       5.431    1380.000       0.000    0.0002    2.460  408.403    4.075  182.203    1.181
   4680.00 0.115     615.574       8.340    1300.000       0.000    0.0002    2.554  375.199    3.960  184.056    1.088
   4740.00 0.123     614.751       4.692    1300.000       0.000    0.0002    2.618  484.903    4.431  186.648    1.205
   4800.00 0.119     610.593       4.294    1300.000       0.000    0.0002    2.685  579.303    4.866  189.756    1.438
   4860.00 0.121     609.231       5.425    1380.000       0.000    0.0002    2.734  614.619    5.142  192.537    1.642
   4920.00 0.124     609.644       8.221    1420.000       0.000    0.0002    2.765  555.495    5.572  194.724    1.504
   4980.00 0.124     601.065       4.734    1460.000       0.000    0.0002    2.851  604.598    4.987  196.950    1.371
   5040.00 0.123     607.276       7.555    1500.000       0.000    0.0002    3.026  651.903    4.743  199.290    1.246
   5100.00 0.124     613.543       5.984    1300.000       0.000    0.0002    3.233  622.277    3.802  201.462    1.020
   5160.00 0.121     613.078       4.990    1420.000       0.000    0.0002    3.484  596.108    3.868  204.641    1.000
   5220.00 0.124     613.439       2.372    1300.000       0.000    0.0002    3.775  537.929    4.282  208.031    1.086
   5280.00 0.130     616.105       5.543    1340.000       0.000    0.0002    4.139  497.983    4.074  210.619    1.016
   5340.00 0.135     623.321       3.574    1300.000       0.000    0.0002    4.476  476.640    3.761  213.139    0.967
   5400.00 0.138     624.460       7.894    1300.000       0.000    0.0002    4.755  496.952    3.948  216.224    1.031
   5460.00 0.140     628.656       9.005    1300.000       0.000    0.0002    5.026  541.063    4.205  220.057    1.057
   5520.00 0.137     630.838       3.601    1300.000       0.000    0.0002    5.249  550.455    5.108  224.439    1.425
   5580.00 0.139     630.704       9.648    1380.000       0.000    0.0002    5.333  622.912    5.164  228.368    1.547
   5640.00 0.135     642.319       5.217    1380.000       0.000    0.0002    5.372  734.871    5.308  231.530    1.490
   5700.00 0.127     638.656       2.534    1460.000       0.000    0.0002    5.335  837.768    5.726  233.882    1.718
   5760.00 0.124     636.174       6.351    1460.000       0.000    0.0002    5.199  764.766    5.970  235.199    1.624
   5820.00 0.124     627.811       6.509    1460.000       0.000    0.0002    4.963  747.765    4.007  236.440    1.411
   5880.00 0.127     623.755       2.146    1540.000       0.000    0.0002    4.772  551.269    4.939  238.336    1.283
   5940.00 0.128     627.786       3.321    1460.000       0.000    0.0002    4.709  399.968    4.810  239.763    1.189
   6000.00 0.131     628.822       8.299    1420.000       0.000    0.0002    4.761  460.237    5.116  239.360    1.428
   6060.00 0.135     629.403       3.870    1420.000       0.000    0.0002    4.881  591.051    6.173  238.795    1.463
   6120.00 0.135     629.765       3.653    1540.000       0.000    0.0002    5.005  599.242    4.896  239.436    1.373
   6180.00 0.140     634.216       5.679    1420.000       0.000    0.0002    5.082  600.692    4.689  240.819    1.312
   6240.00 0.144     629.340      10.389    1580.000       0.000    0.0002    5.148  577.207    4.497  243.275    1.289
   6300.00 0.151     627.261       7.293    1420.000       0.000    0.0002    5.238  573.689    4.598  245.938    1.231
   6360.00 0.148     625.733       6.194    1500.000       0.000    0.0002    5.469  697.125    4.704  248.375    1.369
   6420.00 0.150     619.674       8.436    1380.000       0.000    0.0002    5.809  728.524    5.157  250.554    1.375
   6480.00 0.149     621.117       5.287    1300.000       0.000    0.0002    6.286  680.661    5.612  253.779    1.513
   6540.00 0.152     624.767       2.738    1500.000       0.000    0.0002    6.753  729.384    5.724  258.373    1.614
   6600.00 0.155     623.981       5.024    1540.000       0.000    0.0002    7.197  824.824    5.959  262.876    1.762
   6660.00 0.154     625.460       6.286    1580.000       0.000    0.0002    7.572  855.751    5.578  266.408    1.715
   6720.00 0.159     634.110       7.607    1500.000       0.000    0.0002    7.893  765.663    5.520  269.751    1.458
   6780.00 0.157     642.271      10.202    1500.000       0.000    0.0002    8.218  705.111    5.348  274.157    1.504
   6840.00 0.160     644.404       6.636    1540.000       0.000    0.0002    8.514  649.999    5.838  278.491    1.488
   6900.00 0.160     639.969       7.542    1540.000       0.000    0.0002    8.726  711.246    5.871  281.899    1.751
   6960.00 0.156     643.386       7.931    1500.000       0.000    0.0002    8.765  684.923    5.661  283.983    1.497
   7020.00 0.162     657.345       7.662    1540.000       0.000    0.0002    8.670  768.544    6.634  287.264    1.873
   7080.00 0.160     668.537      10.122    1420.000       0.000    0.0002    8.485  859.085    7.181  289.940    1.747
   7140.00 0.158     675.185      12.963    1540.000       0.000    0.0002    8.125  905.153    6.949  288.434    2.017
   7200.00 0.155     675.039       6.288    1620.000       0.000    0.0002    7.495  915.207    5.061  283.581    1.803
   7260.00 0.150     676.104      10.584    1580.000       0.000    0.0002    6.569  884.644    5.489  279.637    1.495
   7320.00 0.144     669.746      10.085    1540.000       0.000    0.0002    5.605  676.809    5.736  278.393    1.499
   7380.00 0.133     671.209      10.989    1580.000       0.000    0.0002    4.822  555.955    4.684  276.836    1.313
   7440.00 0.131     666.480       6.369    1500.000       0.000    0.0002    4.145  459.549    4.822  271.683    1.144
   7500.00 0.127     669.077       6.577    1500.000       0.000    0.0002    3.678  378.807    4.750  265.339    1.042
   7560.00 0.124     653.215       8.126    1500.000       0.000    0.0002    3.359  375.015    3.946  260.650    1.078
   7620.00 0.126     657.515      12.078    1500.000       0.000    0.0002    3.137  366.015    4.214  257.027    1.110
   7680.00 0.125     662.980       7.412    1460.000       0.000    0.0002    2.964  335.034    3.828  254.006    1.009
   7740.00 0.122     656.393       5.611    1340.000       0.000    0.0002    2.855  284.189    3.844  252.183    0.884
   7800.00 0.121     658.306      11.613    1300.000       0.000    0.0002    2.807  288.157    4.211  251.493    1.055
   7860.00 0.122     659.679       9.579    1460.000       0.000    0.0002    2.863  395.762    5.347  251.186    1.284
   7920.00 0.122     645.760      12.760    1380.000       0.000    0.0002    3.038  489.804    5.663  250.750    1.301
   7980.00 0.116     640.168      14.580    1340.000       0.000    0.0002    3.302  519.545    6.289  251.404    1.536
   8040.00 0.120     644.196       7.251    1380.000       0.000    0.0002    3.587  557.085    6.186  253.741    1.265
   8100.00 0.119     645.685      14.928    1380.000       0.000    0.0002    3.885  521.541    5.276  256.270    1.247
   8160.00 0.118     649.793      14.772    1340.000       0.000    0.0002    4.111  519.980    4.949  257.953    1.213
   8220.00 0.117     644.885       6.388    1420.000       0.000    0.0002    4.250  522.417    6.064  260.301    1.425
   8280.00 0.123     658.891       7.644    1460.000       0.000    0.0002    4.364  558.191    6.108  262.373    1.332
   8340.00 0.121     656.539      10.302    1500.000       0.000    0.0002    4.335  514.993    4.853  261.999    1.190
   8400.00 0.128     657.706       6.960    1460.000       0.000    0.0002    4.257  508.900    4.727  262.181    1.337
   8460.00 0.129     664.302      13.962    1540.000       0.000    0.0002    4.066  459.459    4.132  262.760    1.168
   8520.00 0.128     657.863      12.366    1420.000       0.000    0.0002    3.756  334.224    4.085  261.543    1.159
   8580.00 0.126     650.853       8.527    1300.000       0.000    0.0002    3.446  298.930    4.199  259.750    0.949
   8640.00 0.127     655.376      10.250    1420.000       0.000    0.0002    3.290  334.551    4.062  259.074    1.010
   8700.00 0.123     651.508       2.619    1380.000       0.000    0.0002    3.170  383.211    3.858  258.411    1.143
   8760.00 0.125     641.961       9.294    1340.000       0.000    0.0002    3.097  382.017    4.011  257.650    0.982
   8820.00 0.121     643.952       6.815    1340.000       0.000    0.0002    3.069  340.903    3.998  257.182    0.848
   8880.00 0.123     640.515      13.822    1380.000       0.000    0.0002    3.046  293.739    4.098  256.701    0.937
   8940.00 0.123     641.825       4.762    1420.000       0.000    0.0002    3.046  324.710    3.957  256.171    0.982
   9000.00 0.127     644.817       6.435    1380.000       0.000    0.0002    3.072  351.939    3.819  255.563    0.925
   9060.00 0.128     648.190       4.571    1420.000       0.000    0.0002    3.090  341.201    3.674  255.117    0.915
   9120.00 0.131     649.607       8.935    1460.000       0.000    0.0002    3.078  380.398    4.159  255.144    1.083
   9180.00 0.134     654.453       8.212    1460.000       0.000    0.0002    3.061  413.677    4.714  255.617    1.227
   9240.00 0.132     655.793       8.745    1380.000       0.000    0.0002    2.998  380.596    5.058  256.039    1.256
   9300.00 0.130     646.441       5.047    1420.000       0.000    0.0002    2.926  372.547    4.725  256.156    1.166
   9360.00 0.126     642.990       1.282    1380.000       0.000    0.0002    2.831  378.181    3.985  256.257    1.240
   9420.00 0.130     638.305      11.412    1420.000       0.000    0.0002    2.779  284.022    3.761  256.406    0.997
   9480.00 0.132     642.263       7.978    1460.000       0.000    0.0002    2.781  252.139    3.653  256.634    0.945
   9540.00 0.130     630.697       8.173    1420.000       0.000    0.0002    2.852  308.306    4.124  257.167    0.984
   9600.00 0.133     635.985       6.077    1300.000       0.000    0.0002    2.981  343.596    4.664  257.728    1.079
   9660.00 0.136     639.031       3.770    1340.000       0.000    0.0002    3.072  329.254    4.974  257.822    1.064
   9720.00 0.138     627.125       2.116    1340.000       0.000    0.0002    3.173  292.123    4.319  257.475    0.905
   9780.00 0.142     635.464       5.601    1340.000       0.000    0.0002    3.296  303.813    3.708  258.113    0.996
   9840.00 0.145     644.392       6.655    1420.000       0.000    0.0002    3.368  353.973    4.150  260.179    1.104
   9900.00 0.146     643.423       9.530    1460.000       0.000    0.0002    3.483  383.451    3.870  262.697    0.989
   9960.00 0.150     643.165       7.308    1300.000       0.000    0.0002    3.629  333.360    4.153  264.961    1.088
  10020.00 0.141     636.776      10.364    1460.000       0.000    0.0002    3.805  366.895    5.057  267.336    1.274
  10080.00 0.143     635.411       6.781    1380.000       0.000    0.0002    4.083  581.832    6.235  270.475    1.672
  10140.00 0.145     626.801      14.478    1340.000       0.000    0.0002    4.438  784.042    6.519  274.105    1.758
  10200.00 0.142     632.048       4.131    1300.000       0.000    0.0002    4.792  842.804    7.965  277.442    1.733
  10260.00 0.148     633.026       1.974    1460.000       0.000    0.0002    5.080  974.497    6.991  280.379    1.796
  10320.00 0.159     630.998       8.571    1540.000       0.000    0.0002    5.237  873.371    5.866  282.457    1.655
  10380.00 0.158     633.622       7.276    1620.000       0.000    0.0002    5.229  641.414    5.535  284.756    1.438
  10440.00 0.159     640.000       4.877    1500.000       0.000    0.0002    5.154  513.472    5.885  286.542    1.169
  10500.00 0.162     639.970       9.023    1540.000       0.000    0.0002    5.105  458.808    4.512  286.627    0.972
  10560.00 0.163     637.511       7.556    1420.000       0.000    0.0002    5.226  369.567    4.579  287.351    1.108
  10620.00 0.165     644.830      10.815    1420.000       0.000    0.0002    5.529  516.871    5.691  289.532    1.402
  10680.00 0.159     643.067       8.160    1420.000       0.000    0.0002    5.989  606.769    6.083  293.239    1.420
  10740.00 0.158     645.410       7.790    1420.000       0.000    0.0002    6.647  814.141    6.689  299.334    1.810
  10800.00 0.159     653.006      15.123    1500.000       0.000    0.0002    7.392 1033.463    8.260  306.751    1.892
  10860.00 0.155     654.205      10.835    1460.000       0.000    0.0002    7.943 1172.227    8.004  311.729    2.411
  10920.00 0.157     658.009       6.159    1940.000       0.000    0.0002    8.104 1089.562    5.869  315.161    1.720
  10980.00 0.156     660.689       8.764    1940.000       0.000    0.0002    7.930 1001.650    5.128  320.177    1.751
  11040.00 0.155     669.022       9.716    1940.000       0.000    0.0002    7.571  742.047    5.268  323.739    1.447
  11100.00 0.154     672.089       6.076    1420.000       0.000    0.0002    7.110  537.634    4.798  322.511    1.244
  11160.00 0.156     683.813       6.000    1460.000       0.000    0.0002    6.645  484.297    4.870  319.129    1.315
  11220.00 0.151     696.645       9.290    1500.000       0.000    0.0002    6.374  465.837    5.221  317.561    1.231
  11280.00 0.150     688.013      10.065    1540.000       0.000    0.0002    6.341  564.004    5.121  317.968    1.297
  11340.00 0.146     673.490      12.148    1460.000       0.000    0.0002    6.532  610.801    5.258  319.191    1.295
  11400.00 0.140     668.293       3.659    1460.000       0.000    0.0002    6.756  608.240    5.380  319.601    1.366
  11460.00 0.141     667.128       4.637    1500.000       0.000    0.0002    6.890  634.386    6.037  320.014    1.595
  11520.00 0.141     671.042       7.014    1460.000       0.000    0.0002    6.937  582.926    6.256  321.536    1.590
  11580.00 0.139     671.489       6.830    1460.000       0.000    0.0002    6.924  642.883    6.306  323.928    1.325
  11640.00 0.140     666.003       9.145    1620.000       0.000    0.0002    6.977  706.331    6.726  327.967    1.444
  11700.00 0.145     675.623       7.811    1420.000       0.000    0.0002    7.075  831.151    6.885  331.284    1.560
  11760.00 0.140     667.317       6.794    1460.000       0.000    0.0002    7.079  810.747    5.844  332.121    1.782
  11820.00 0.147     663.721       8.704    1580.000       0.000    0.0002    6.798  851.007    6.466  331.080    1.832
  11880.00 0.149     674.230      14.098    1580.000       0.000    0.0002    6.169  785.256    5.573  328.762    1.795
  11940.00 0.147     672.446      13.145    1580.000       0.000    0.0002    5.597  684.332    5.713  327.837    1.551
  12000.00 0.146     675.638       3.322    1540.000       0.000    0.0002    5.175  597.626    5.394  327.365    1.338
  12060.00 0.141     661.109       1.144    1540.000       0.000    0.0002    4.955  659.204    5.934  324.413    1.561
  12120.00 0.143     664.300       5.085    1460.000       0.000    0.0002    4.910  636.222    5.126  319.739    1.333
  12180.00 0.145     655.966       4.807    1460.000       0.000    0.0002    4.929  443.261    5.228  318.210    1.147
  12240.00 0.144     662.169       7.390    1460.000       0.000    0.0002    5.043  391.690    5.354  320.614    1.271
  12300.00 0.148     670.693       4.488    1500.000       0.000    0.0002    5.206  496.690    6.196  321.677    1.375
  12360.00 0.150     668.896       5.487    1500.000       0.000    0.0002    5.481  549.052    5.731  321.868    1.206
  12420.00 0.155     671.384      13.145    1540.000       0.000    0.0002    5.852  628.602    5.238  324.582    1.387
  12480.00 0.151     670.275       7.270    1500.000       0.000    0.0002    6.176  657.758    5.218  327.601    1.396
  12540.00 0.149     682.397       5.057    1460.000       0.000    0.0002    6.365  614.829    6.012  329.610    1.281
  12600.00 0.151     682.395       5.016    1540.000       0.000    0.0002    6.559  634.854    6.057  333.010    1.489
  12660.00 0.145     678.487       9.008    1380.000       0.000    0.0002    6.823  639.736    5.830  336.351    1.311
  12720.00 0.156     692.276      10.392    1420.000       0.000    0.0002    7.024  641.880    5.490  339.023    1.157
  12780.00 0.156     690.533       5.799    1420.000       0.000    0.0002    7.265  631.813    5.542  342.675    1.304
  12840.00 0.149     678.396       1.277    1460.000       0.000    0.0002    7.493  601.823    6.116  347.440    1.430
  12900.00 0.155     691.785       6.098    1420.000       0.000    0.0002    7.708  626.707    6.279  352.247    1.471
  12960.00 0.151     697.868       5.137    1540.000       0.000    0.0002    7.883  674.404    7.106  355.712    1.668
  13020.00 0.151     693.517       5.964    1500.000       0.000    0.0002    7.920  667.232    7.544  356.622    1.814
  13080.00 0.152     700.769       2.788    1420.000       0.000    0.0002    7.755  673.871    6.447  356.931    1.617
  13140.00 0.149     701.440       5.892    1460.000       0.000    0.0002    7.489  661.274    6.665  358.881    1.482
  13200.00 0.147     698.609       3.013    1460.000       0.000    0.0002    7.376  648.953    6.352  361.564    1.476
  13260.00 0.140     691.972      20.314    1500.000       0.000    0.0002    7.377  655.759    6.518  362.046    1.450
  13320.00 0.134     684.262       5.064    1460.000       0.000    0.0002    7.478  756.697    7.576  362.122    1.571
  13380.00 0.139     696.497       8.827    1460.000       0.000    0.0002    7.586  892.388    8.655  364.007    1.713
  13440.00 0.141     699.514      12.778    1420.000       0.000    0.0002    7.620 1143.232    8.656  367.470    1.931
  13500.00 0.139     697.128      12.890    1500.000       0.000    0.0002    7.702 1307.407    9.641  370.106    2.047
  13560.00 0.134     688.978       3.905    1980.000       0.000    0.0002    7.639 1331.434    7.651  370.990    1.973
  13620.00 0.140     680.104      16.278    1940.000       0.000    0.0002    7.577 1365.897    7.885  373.896    1.802
  13680.00 0.141     675.945       7.868    1460.000       0.000    0.0002    7.608 1292.247    7.678  376.911    1.840
  13740.00 0.144     686.757       4.890    1540.000       0.000    0.0002    7.763 1140.551    7.200  378.796    1.948
  13800.00 0.141     682.461       9.775    1940.000       0.000    0.0002    7.902 1006.474    6.240  377.130    2.007
  13860.00 0.140     678.499      10.192    1940.000       0.000    0.0002    7.847  793.790    5.926  374.800    1.736
  13920.00 0.137     685.071       7.393    1460.000       0.000    0.0002    7.548  626.936    6.150  375.949    1.583
  13980.00 0.138     684.779       5.628    1620.000       0.000    0.0002    7.265  650.398    6.112  377.373    1.421
  14040.00 0.141     679.585       6.955    1540.000       0.000    0.0002    7.126  587.493    5.746  375.378    1.598
  14100.00 0.147     690.331       5.960    1540.000       0.000    0.0002    7.102  535.477    6.426  373.636    1.575
  14160.00 0.140     688.322       4.860    1500.000       0.000    0.0002    7.356  684.193    7.023  376.676    1.564
  14220.00 0.144     686.058      10.457    1540.000       0.000    0.0002    7.927  739.046    6.573  383.171    1.819
  14280.00 0.143     692.123       5.034    1540.000       0.000    0.0002    8.903  877.880    7.851  391.556    2.173
  14340.00 0.146     683.893       7.953    1500.000       0.000    0.0002   10.171  922.505    7.614  401.917    2.388
  14400.00 0.142     685.660       5.420    1940.000       0.000    0.0002   11.161  984.564    8.898  413.752    2.037
  14460.00 0.142     696.775       9.880    1940.000       0.000    0.0002   11.628 1144.734    9.624  425.689    2.327
  14520.00 0.143     704.034      15.521    1940.000       0.000    0.0002   11.689 1180.129    9.426  432.756    1.997
  14580.00 0.146     703.472       6.678    1940.000       0.000    0.0002   11.637 1239.218    8.434  440.450    1.933
  14640.00 0.148     698.289       8.191    1940.000       0.000    0.0002   11.488 1075.901    7.827  452.289    1.951
  14700.00 0.146     699.933      11.204    1940.000       0.000    0.0002   11.185 1190.386    9.374  462.813    2.372
  14760.00 0.141     694.256       4.602    1940.000       0.000    0.0002   11.117 1582.132    8.404  465.849    2.463
  14820.00 0.143     697.206      17.274    2020.000       0.000    0.0002   11.203 1518.324    7.398  461.596    2.679
  14880.00 0.138     679.330       9.347    1940.000       0.000    0.0002   11.076 1588.349    9.367  463.848    2.278
  14940.00 0.148     680.494      11.071    1940.000       0.000    0.0002   10.613 1627.677    9.982  475.621    2.641
  15000.00 0.148     682.640       7.921    1940.000       0.000    0.0002   10.007 1684.388    8.313  485.390    2.499
  15060.00 0.147     678.640      17.479    1940.000       0.000    0.0002    9.599 1552.975    8.057  480.519    2.668
  15120.00 0.151     681.683       7.184    1980.000       0.000    0.0002    9.261 1388.718    7.977  475.062    2.315
  15180.00 0.149     686.426       8.033    1940.000       0.000    0.0002    8.761 1075.047    8.098  475.851    2.360
  15240.00 0.157     698.880       3.919    1980.000       0.000    0.0002    7.814  911.068    7.784  474.364    1.655
  15300.00 0.155     696.730       8.836    1540.000       0.000    0.0002    7.249 1030.196    8.727  467.900    2.069
  15360.00 0.151     678.903       9.355    1540.000       0.000    0.0002    6.987  924.224    6.921  458.730    1.781
  15420.00 0.150     674.919       6.450    1740.000       0.000    0.0002    6.959 1089.852    7.022  448.140    1.715
  15480.00 0.160     674.634       5.427    1500.000       0.000    0.0002    6.982  987.132    6.426  436.807    2.033
  15540.00 0.157     689.238       5.599    1580.000       0.000    0.0002    6.699  837.351    7.542  431.180    1.702
  15600.00 0.160     704.404      10.428    1660.000       0.000    0.0002    6.341  732.406    6.359  430.950    1.426
  15660.00 0.160     705.479       8.919    1620.000       0.000    0.0002    6.012  678.201    6.412  426.419    1.892
  15720.00 0.162     711.807       4.819    1540.000       0.000    0.0002    5.358  628.739    5.576  416.162    1.498
  15780.00 0.156     729.969       9.781    1540.000       0.000    0.0002    4.538  470.352    5.794  408.025    1.201
  15840.00 0.151     729.032      10.645    1620.000       0.000    0.0002    3.746  276.689    4.094  401.939    1.078
  15900.00 0.141     713.010       7.197    1620.000       0.000    0.0002    3.298  216.805    4.184  395.596    1.090
  15960.00 0.135     694.192      17.713    1500.000       0.000    0.0002    3.117  250.703    4.417  391.006    0.988
  16020.00 0.127     693.321       9.251    1460.000       0.000    0.0002    3.187  324.054    5.315  389.011    1.223
  16080.00 0.130     694.522       2.702    1460.000       0.000    0.0002    3.402  439.530    5.936  387.541    1.225
  16140.00 0.130     691.895       9.043    1500.000       0.000    0.0002    3.721  486.115    5.733  387.662    1.226
  16200.00 0.136     673.645      10.880    1500.000       0.000    0.0002    4.190  484.595    5.605  390.292    1.360
  16260.00 0.139     685.123       3.614    1500.000       0.000    0.0002    4.662  488.559    5.741  394.377    1.516
  16320.00 0.138     677.385       6.360    1460.000       0.000    0.0002    5.145  613.705    7.237  398.826    1.781
  16380.00 0.136     675.252       3.345    1500.000       0.000    0.0002    5.502  692.008    6.209  402.496    1.618
  16440.00 0.134     669.489      17.117    1500.000       0.000    0.0002    5.712  547.293    5.198  404.084    1.627
  16500.00 0.131     668.996       7.732    1540.000       0.000    0.0002    5.777  473.513    5.259  404.704    1.210
  16560.00 0.136     679.390       6.391    1540.000       0.000    0.0002    5.779  479.613    4.913  405.987    1.286
  16620.00 0.133     671.229      10.606    1540.000       0.000    0.0002    5.823  559.342    6.100  406.853    1.368
  16680.00 0.132     672.690      10.019    1460.000       0.000    0.0002    5.908  604.195    6.639  408.530    1.436
  16740.00 0.132     680.631      10.204    1500.000       0.000    0.0002    6.134  615.412    6.070  411.799    1.387
  16800.00 0.131     688.060       6.791    1460.000       0.000    0.0002    6.517  726.547    6.683  416.110    1.661
  16860.00 0.131     688.305       6.108    1420.000       0.000    0.0002    6.933  757.386    7.169  420.074    2.004
  16920.00 0.134     687.226       0.000    1500.000       0.000    0.0002    7.307  840.540    7.741  423.543    1.907
  16980.00 0.132     687.111       2.074    1540.000       0.000    0.0002    7.513  903.619    8.321  428.854    1.838
  17040.00 0.136     704.866       5.259    1580.000       0.000    0.0002    7.450 1022.835    9.349  435.434    2.274
  17100.00 0.138     704.468       5.851    1500.000       0.000    0.0002    7.094 1142.221    8.937  438.263    2.042
  17160.00 0.131     691.477       9.944    1940.000       0.000    0.0002    6.471 1141.995    7.671  435.331    1.870
  17220.00 0.125     685.753       6.575    1940.000       0.000    0.0002    6.009  910.189    7.497  433.686    1.720
  17280.00 0.123     672.381       5.873    1940.000       0.000    0.0002    5.649  934.093    7.548  434.244    2.138
  17340.00 0.123     663.586       6.295    1580.000       0.000    0.0002    5.314 1058.502    6.325  429.567    2.269
  17400.00 0.130     657.363       6.026    1940.000       0.000    0.0002    5.090  999.385    7.907  422.912    1.859
  17460.00 0.134     662.618       7.673    1420.000       0.000    0.0002    5.230 1014.300    7.194  422.439    1.620
  17520.00 0.130     663.902      10.169    1460.000       0.000    0.0002    5.460 1087.533    8.246  422.785    1.636
  17580.00 0.133     682.198      10.989    1620.000       0.000    0.0002    5.661 1024.865    9.029  420.903    1.802
  17640.00 0.136     678.247      12.236    1620.000       0.000    0.0002    5.866 1251.570    7.851  421.551    1.846
  17700.00 0.141     695.371       5.976    1940.000       0.000    0.0002    5.919 1147.698    6.666  423.966    1.889
  17760.00 0.140     698.534       9.215    1940.000       0.000    0.0002    5.843 1191.212    7.469  423.572    1.931
  17820.00 0.141     692.872      11.453    1580.000       0.000    0.0002    5.522 1256.722    6.937  419.597    1.674
  17880.00 0.143     698.496       3.111    1940.000       0.000    0.0002    5.060  989.903    6.345  416.067    1.880
  17940.00 0.143     692.274       4.239    1940.000       0.000    0.0002    4.562  687.640    5.686  414.437    1.401
  18000.00 0.143     684.247      10.103    1500.000       0.000    0.0002    4.239  417.668    5.983  413.021    1.351
  18060.00 0.148     684.661       5.256    1460.000       0.000    0.0002    4.127  490.246    5.956  408.465    1.290
  18120.00 0.149     684.943       8.642    1500.000       0.000    0.0002    4.140  563.133    5.356  403.711    1.124
  18180.00 0.148     675.603       7.471    1460.000       0.000    0.0002    4.248  587.432    5.043  402.062    1.273
  18240.00 0.149     679.216      13.399    1420.000       0.000    0.0002    4.216  548.539    4.509  400.311    1.190
  18300.00 0.149     680.196       3.889    1460.000       0.000    0.0002    4.054  424.090    4.357  397.321    1.102
  18360.00 0.150     684.430       4.104    1540.000       0.000    0.0002    3.881  295.440    3.690  395.338    1.026
  18420.00 0.148     698.155      10.939    1500.000       0.000    0.0002    3.702  263.587    4.301  394.142    1.084
  18480.00 0.144     691.322      12.237    1460.000       0.000    0.0002    3.580  341.695    4.535  392.095    1.079
  18540.00 0.144     682.139      13.175    1460.000       0.000    0.0002    3.550  387.853    4.662  389.231    1.178
  18600.00 0.141     697.014       3.333    1420.000       0.000    0.0002    3.603  378.506    4.450  388.085    1.123
  18660.00 0.138     680.000      12.544    1460.000       0.000    0.0002    3.700  315.816    4.552  388.518    1.265
  18720.00 0.145     677.027       8.142    1420.000       0.000    0.0002    3.900  370.105    4.719  389.360    1.240
  18780.00 0.141     682.383      10.950    1500.000       0.000    0.0002    4.160  355.077    4.988  391.509    1.195
  18840.00 0.139     676.182       8.722    1460.000       0.000    0.0002    4.537  381.771    5.444  396.021    1.324
  18900.00 0.142     676.632       9.038    1540.000       0.000    0.0002    4.951  446.588    5.303  400.492    1.246
  18960.00 0.145     669.781      10.590    1460.000       0.000    0.0002    5.420  439.815    5.261  402.877    1.112
  19020.00 0.142     679.656      10.172    1420.000       0.000    0.0002    5.969  485.659    5.517  406.340    1.397
  19080.00 0.137     691.616       8.774    1460.000       0.000    0.0002    6.613  617.804    5.741  414.200    1.402
  19140.00 0.135     687.559      13.490    1500.000       0.000    0.0002    7.331  658.330    7.357  425.481    1.773
  19200.00 0.131     695.019       9.628    1460.000       0.000    0.0002    8.166  902.682    8.734  439.235    2.340
  19260.00 0.139     697.198       8.722    1500.000       0.000    0.0002    9.050 1322.737    9.373  453.830    2.459
  19320.00 0.144     696.122       9.456    1940.000       0.000    0.0002    9.603 1626.854    8.937  464.465    2.669
  19380.00 0.142     699.380       6.678    2020.000       0.000    0.0002    9.533 1639.179    9.100  465.913    2.650
  19440.00 0.142     700.617       9.743    1980.000       0.000    0.0002    8.954 1306.828    6.955  465.965    1.938
  19500.00 0.142     696.558      13.322    1940.000       0.000    0.0002    8.172  897.780    6.954  473.867    1.908
  19560.00 0.135     706.872       5.714    1580.000       0.000    0.0002    7.365 1039.518    9.383  476.556    2.203
  19620.00 0.138     693.852       6.926    1940.000       0.000    0.0002    6.557 1286.930    8.059  464.670    2.087
  19680.00 0.137     685.719       7.531    1940.000       0.000    0.0002    5.861 1097.661    6.205  450.162    2.100
  19740.00 0.147     691.907       6.434    1940.000       0.000    0.0002    5.289  845.734    5.672  444.371    1.735
  19800.00 0.150     678.075       5.808    1940.000       0.000    0.0002    4.836  658.751    5.006  444.637    1.365
  19860.00 0.150     678.336       6.330    1460.000       0.000    0.0002    4.631  562.744    5.568  440.735    1.274
  19920.00 0.149     686.013       5.752    1460.000       0.000    0.0002    4.701  419.876    5.913  433.424    1.233
  19980.00 0.152     677.115       4.423    1660.000       0.000    0.0002    4.987  399.788    5.435  430.702    1.204
  20040.00 0.152     684.952       8.424    1700.000       0.000    0.0002    5.440  460.700    5.484  432.505    1.268
  20100.00 0.150     684.976       8.553    1540.000       0.000    0.0002    5.946  547.530    6.122  434.847    1.408
  20160.00 0.156     701.570      11.020    1540.000       0.000    0.0002    6.314  612.770    6.074  437.371    1.460
  20220.00 0.156     702.508       9.592    1500.000       0.000    0.0002    6.585  666.283    7.256  440.658    1.522
  20280.00 0.155     706.981       2.987    1580.000       0.000    0.0002    6.829  647.558    5.866  443.414    1.467
  20340.00 0.155     699.874       4.708    1500.000       0.000    0.0002    7.016  566.679    6.608  444.733    1.469
  20400.00 0.158     705.325       8.173    1580.000       0.000    0.0002    7.054  513.384    6.015  445.242    1.492
  20460.00 0.163     716.072      11.424    1500.000       0.000    0.0002    7.065  486.148    5.542  445.915    1.343
  20520.00 0.158     720.370      10.309    1540.000       0.000    0.0002    7.036  513.656    5.608  448.033    1.360
  20580.00 0.158     716.543       7.778    1580.000       0.000    0.0002    7.073  615.016    6.157  451.516    1.407
  20640.00 0.153     710.909       8.357    1500.000       0.000    0.0002    7.365  634.226    6.630  454.927    1.507
  20700.00 0.155     699.874       3.281    1540.000       0.000    0.0002    7.723  634.861    7.771  459.255    1.828
  20760.00 0.156     707.136       6.228    1540.000       0.000    0.0002    8.124  788.258    7.704  464.029    1.912
  20820.00 0.156     695.994       5.978    1940.000       0.000    0.0002    8.517  842.534    7.585  468.227    1.946
  20880.00 0.153     710.463       8.357    1940.000       0.000    0.0002    8.700  989.257    8.649  472.477    2.289
  20940.00 0.157     710.966       4.953    1940.000       0.000    0.0002    8.645 1102.631    8.407  477.978    2.308
  21000.00 0.156     719.655      11.020    1940.000       0.000    0.0002    8.303 1245.796    7.843  481.091    2.256
  21060.00 0.153     713.674       6.262    1940.000       0.000    0.0002    7.744 1144.078    8.136  476.809    2.516
  21120.00 0.155     714.092       8.847    1940.000       0.000    0.0002    6.899 1066.341    6.498  469.150    2.014
  21180.00 0.153     719.490      10.159    1940.000       0.000    0.0002    6.004  898.512    5.317  467.054    1.569
  21240.00 0.150     712.163       6.179    1740.000       0.000    0.0002    5.515  442.653    5.383  467.065    1.293
  21300.00 0.149     714.384       7.849    1540.000       0.000    0.0002    5.280  381.518    5.385  460.987    1.270
  21360.00 0.148     713.861      11.452    1500.000       0.000    0.0002    5.335  444.051    5.842  455.797    1.609
  21420.00 0.147     711.514       4.659    1580.000       0.000    0.0002    5.528  511.138    7.084  456.356    1.618
  21480.00 0.155     721.359      13.460    1460.000       0.000    0.0002    5.672  536.498    6.271  457.295    1.534
  21540.00 0.151     721.583      11.050    1500.000       0.000    0.0002    5.668  528.013    6.748  454.692    1.506
  21600.00 0.156     726.041       4.319    1540.000       0.000    0.0002    5.467  591.930    6.896  450.276    1.514
  21660.00 0.160     731.682       7.951    1580.000       0.000    0.0002    5.219  560.702    6.186  446.833    1.503
  21720.00 0.155     741.325      10.820    1580.000       0.000    0.0002    4.956  681.629    5.943  443.928    1.509
  21780.00 0.154     720.222       7.163    1580.000       0.000    0.0002    4.675  734.477    7.024  440.005    1.643
  21840.00 0.151     721.230       7.540    1620.000       0.000    0.0002    4.447  736.419    5.428  437.121    1.566
  21900.00 0.148     706.667      12.178    1620.000       0.000    0.0002    4.262  551.232    5.615  436.309    1.342
  21960.00 0.142     689.622      10.206    1540.000       0.000    0.0002    4.257  399.908    4.813  436.691    1.169
  22020.00 0.140     690.629       4.860    1540.000       0.000    0.0002    4.406  297.034    4.648  437.113    1.149
  22080.00 0.140     693.986       8.776    1580.000       0.000    0.0002    4.625  342.680    4.990  438.113    1.281
  22140.00 0.146     697.529       8.047    1500.000       0.000    0.0002    4.899  376.322    5.785  439.782    1.377
  22200.00 0.145     707.529       8.504    1420.000       0.000    0.0002    5.148  478.911    6.315  442.630    1.575
  22260.00 0.150     713.117       6.461    1500.000       0.000    0.0002    5.514  625.541    7.427  447.829    1.824
  22320.00 0.141     712.228       0.000    1460.000       0.000    0.0002    5.910  770.392    7.781  454.184    2.008
  22380.00 0.146     714.716       9.498    1540.000       0.000    0.0002    6.169 1003.603    8.950  456.994    2.272
  22440.00 0.138     704.586       3.563    1940.000       0.000    0.0002    6.269 1062.837    8.201  455.708    2.415
  22500.00 0.134     711.293       7.104    1940.000       0.000    0.0002    6.141  918.629    6.088  457.885    1.691
  22560.00 0.134     714.526       9.161    1460.000       0.000    0.0002    5.963  610.376    6.418  464.257    1.571
  22620.00 0.133     713.578       6.936    1500.000       0.000    0.0002    5.845  642.664    8.362  466.426    1.767
  22680.00 0.132     715.213       2.301    1500.000       0.000    0.0002    5.886  796.914    6.901  464.910    1.699
  22740.00 0.128     701.069      12.328    1940.000       0.000    0.0002    6.071  666.212    7.362  467.352    1.789
  22800.00 0.135     698.339       6.029    1540.000       0.000    0.0002    6.334  768.339    7.812  471.527    1.731
  22860.00 0.137     696.364      17.041    1620.000       0.000    0.0002    6.721  908.659    8.597  472.768    1.969
  22920.00 0.140     699.510       6.119    1660.000       0.000    0.0002    7.112 1028.898    7.236  474.141    1.792
  22980.00 0.142     688.138       9.724    1940.000       0.000    0.0002    7.595 1123.767    7.752  481.117    2.169
  23040.00 0.146     701.407       8.777    1940.000       0.000    0.0002    7.979 1055.288    6.208  488.933    1.623
  23100.00 0.152     700.514       9.003    1940.000       0.000    0.0002    8.363  730.253    6.591  497.103    1.772
  23160.00 0.159     714.211       4.502    1620.000       0.000    0.0002    8.785  739.730    6.852  502.819    1.955
  23220.00 0.157     713.271       8.899    1460.000       0.000    0.0002    9.262  747.309    7.228  507.431    1.716
  23280.00 0.164     724.024       3.875    1500.000       0.000    0.0002    9.690  831.908    6.904  512.878    1.787
  23340.00 0.164     724.071       9.658    1700.000       0.000    0.0002    9.846  793.460    6.594  517.668    1.956
  23400.00 0.167     727.971       9.606    1940.000       0.000    0.0002    9.808  769.303    6.144  521.075    1.782
  23460.00 0.167     734.094       6.228    1940.000       0.000    0.0002    9.827  681.718    7.491  525.828    1.761
  23520.00 0.168     735.884      12.638    1700.000       0.000    0.0002    9.875  842.728    7.720  530.360    1.617
  23580.00 0.173     731.130      11.271    1580.000       0.000    0.0002    9.887  809.656    7.191  531.042    1.885
  23640.00 0.168     733.886      12.547    1940.000       0.000    0.0002    9.628  775.145    7.330  529.602    1.943
  23700.00 0.167     730.571       9.195    1540.000       0.000    0.0002    9.269  783.265    7.945  531.442    1.952
  23760.00 0.167     728.521       7.936    1940.000       0.000    0.0002    8.928  834.846    8.502  533.062    2.064
  23820.00 0.164     722.917       6.726    1940.000       0.000    0.0002    8.539  907.886    7.916  529.522    2.156
  23880.00 0.165     720.975       6.795    1940.000       0.000    0.0002    8.263 1147.193    6.671  523.526    2.147
  23940.00 0.164     715.738      10.999    1940.000       0.000    0.0002    8.152  977.757    5.954  523.029    1.958
  24000.00 0.167     730.909      10.323    1940.000       0.000    0.0002    8.227  615.858    6.409  528.749    1.656
  24060.00 0.163     720.240       6.886    1540.000       0.000    0.0002    8.467  756.975    7.367  532.566    1.840
  24120.00 0.158     732.272       6.244    1540.000       0.000    0.0002    8.854  967.774    7.807  532.544    2.153
  24180.00 0.161     745.341       8.042    1940.000       0.000    0.0002    9.109  983.599    7.808  533.464    2.134
  24240.00 0.154     745.215       6.423    1940.000       0.000    0.0002    9.084  985.773    9.006  535.336    2.341
  24300.00 0.152     756.410       1.923    1940.000       0.000    0.0002    8.798 1065.469    8.595  535.109    2.572
  24360.00 0.146     738.121      10.101    1940.000       0.000    0.0002    8.180  960.930    6.631  531.234    2.014
  24420.00 0.142     747.435       9.914    1940.000       0.000    0.0002    7.608  597.084    5.711  530.176    1.561
  24480.00 0.146     754.467       9.200    1620.000       0.000    0.0002    7.293  504.588    6.251  526.309    1.916
  24540.00 0.142     761.581       7.216    1500.000       0.000    0.0002    6.901  475.555    5.678  515.246    1.619
  24600.00 0.139     760.387       5.729    1540.000       0.000    0.0002    6.543  423.774    5.790  507.736    1.316
  24660.00 0.141     761.799       8.235    1580.000       0.000    0.0002    6.292  501.624    6.367  505.810    1.487
  24720.00 0.131     768.253       4.535    1580.000       0.000    0.0002    5.955  581.711    6.488  503.194    1.457
  24780.00 0.138     767.965       7.894    1500.000       0.000    0.0002    5.577  584.488    7.124  499.328    1.614
  24840.00 0.134     761.426       5.558    1620.000       0.000    0.0002    5.243  568.250    6.421  497.530    1.649
  24900.00 0.136     761.329       8.294    1660.000       0.000    0.0002    5.072  601.583    6.922  494.871    1.551
  24960.00 0.137     747.602       8.739    1460.000       0.000    0.0002    4.885  528.101    6.071  489.427    1.471
  25020.00 0.129     746.288       3.598    1500.000       0.000    0.0002    4.695  514.202    5.919  483.679    1.399
  25080.00 0.126     742.558       4.690    1500.000       0.000    0.0002    4.498  467.355    5.701  480.793    1.480
  25140.00 0.129     738.027       5.313    1580.000       0.000    0.0002    4.324  440.773    5.622  477.931    1.412
  25200.00 0.129     728.864      10.189    1460.000       0.000    0.0002    4.117  364.806    5.183  472.358    1.234
  25260.00 0.125     728.872       2.490    1500.000       0.000    0.0002    3.876  324.694    5.284  467.325    1.224
  25320.00 0.130     734.501       2.260    1500.000       0.000    0.0002    3.755  329.090    5.313  464.779    1.088
  25380.00 0.127     740.998       6.219    1500.000       0.000    0.0002    3.694  327.997    5.014  462.932    1.183
  25440.00 0.128     727.581      14.743    1460.000       0.000    0.0002    3.732  324.367    5.617  461.755    1.236
  25500.00 0.129     721.439      11.932    1460.000       0.000    0.0002    3.815  335.197    5.554  461.657    1.287
  25560.00 0.129     715.682      12.424    1460.000       0.000    0.0002    4.004  466.729    6.133  462.328    1.385
  25620.00 0.127     700.925      11.060    1580.000       0.000    0.0002    4.344  552.539    6.508  463.119    1.432
  25680.00 0.126     710.078      14.922    1540.000       0.000    0.0002    4.682  566.696    6.427  463.147    1.755
  25740.00 0.133     710.789      12.147    1540.000       0.000    0.0002    4.973  526.239    6.227  463.135    1.513
  25800.00 0.139     711.368       5.860    1580.000       0.000    0.0002    5.160  564.187    6.003  465.397    1.404
  25860.00 0.140     715.874       4.545    1580.000       0.000    0.0002    5.467  551.149    7.018  470.218    1.443
  25920.00 0.143     720.034       7.453    1460.000       0.000    0.0002    5.622  638.507    7.393  475.912    1.419
  25980.00 0.140     717.183       2.991    1500.000       0.000    0.0002    5.916  834.212    6.757  480.512    1.919
  26040.00 0.139     717.163       6.970    1540.000       0.000    0.0002    6.280  718.206    6.275  484.779    1.584
  26100.00 0.136     715.412       7.599    1580.000       0.000    0.0002    6.662  630.944    7.115  489.299    1.580
  26160.00 0.142     729.691       5.876    1620.000       0.000    0.0002    6.753  670.249    7.410  492.341    1.860
  26220.00 0.145     731.149      14.730    1580.000       0.000    0.0002    6.644  654.820    7.413  492.244    1.736
  26280.00 0.145     736.492      13.963    1940.000       0.000    0.0002    6.315  550.890    6.431  490.192    1.635
  26340.00 0.151     734.175      10.032    1540.000       0.000    0.0002    5.803  478.633    5.879  489.102    1.436
  26400.00 0.150     728.701      10.390    1660.000       0.000    0.0002    5.226  431.386    6.415  486.771    1.486
  26460.00 0.152     731.704      13.376    1580.000       0.000    0.0002    4.671  409.443    5.687  481.563    1.509
  26520.00 0.153     728.882       8.562    1540.000       0.000    0.0002    4.218  337.162    5.358  474.880    1.183
  26580.00 0.148     718.777      11.107    1660.000       0.000    0.0002    3.865  310.253    4.343  471.601    1.184
  26640.00 0.146     715.987      11.405    1500.000       0.000    0.0002    3.688  278.266    4.534  470.281    1.106
  26700.00 0.139     714.711       8.651    1420.000       0.000    0.0002    3.581  267.124    4.166  467.375    1.072
  26760.00 0.139     733.169       4.507    1460.000       0.000    0.0002    3.567  276.181    4.696  464.406    1.088
  26820.00 0.135     727.387      12.216    1420.000       0.000    0.0002    3.613  282.836    4.911  463.012    1.224
  26880.00 0.139     729.525       5.659    1460.000       0.000    0.0002    3.631  305.240    5.103  462.119    1.112
  26940.00 0.139     726.924       6.503    1580.000       0.000    0.0002    3.688  314.257    5.609  461.590    1.388
  27000.00 0.145     737.432       5.169    1460.000       0.000    0.0002    3.765  385.907    6.170  462.550    1.476
  27060.00 0.142     735.266       6.861    1580.000       0.000    0.0002    3.892  463.771    6.417  464.498    1.459
  27120.00 0.144     726.735      14.150    1500.000       0.000    0.0002    3.986  570.216    7.118  465.044    1.561
  27180.00 0.137     716.655       4.306    1500.000       0.000    0.0002    4.008  643.072    6.628  463.296    1.530
  27240.00 0.137     718.824       6.453    1500.000       0.000    0.0002    3.965  657.995    6.169  461.434    1.469
  27300.00 0.140     726.899      10.244    1580.000       0.000    0.0002    3.844  530.578    5.680  461.060    1.435
  27360.00 0.140     726.108       7.923    1580.000       0.000    0.0002    3.645  423.355    6.524  460.605    1.377
  27420.00 0.142     724.991       1.067    1580.000       0.000    0.0002    3.491  421.248    4.554  459.390    1.276
  27480.00 0.143     720.855       5.709    1460.000       0.000    0.0002    3.440  346.477    4.592  457.908    1.321
  27540.00 0.138     707.234       8.546    1380.000       0.000    0.0002    3.727  389.265    5.805  458.628    1.438
  27600.00 0.134     700.874       7.796    1380.000       0.000    0.0002    4.139  538.824    6.974  461.891    1.544
  27660.00 0.142     710.809      10.602    1460.000       0.000    0.0002    4.554  617.116    7.194  466.252    1.684
  27720.00 0.137     713.214       0.000    1500.000       0.000    0.0002    5.029  688.014    8.145  470.896    1.751
  27780.00 0.139     725.845      14.718    1460.000       0.000    0.0002    5.503  900.074    8.638  475.209    1.781
  27840.00 0.141     726.114      10.639    1580.000       0.000    0.0002    5.916  971.784    9.348  480.644    2.193
  27900.00 0.148     729.474       9.507    1940.000       0.000    0.0002    6.383 1012.297    7.545  488.170    2.115
  27960.00 0.155     727.170       8.270    1940.000       0.000    0.0002    6.630  953.418    7.746  494.041    2.060
  28020.00 0.147     722.562       8.386    1940.000       0.000    0.0002    6.840  908.800    8.958  500.927    2.010
  28080.00 0.149     724.746      11.882    1540.000       0.000    0.0002    7.199 1146.534   10.491  512.535    2.415
  28140.00 0.150     729.625       5.514    1940.000       0.000    0.0002    7.530 1398.841    9.742  518.548    2.906
  28200.00 0.147     724.359       8.120    1940.000       0.000    0.0002    7.712 1319.507    8.854  515.726    2.336
  28260.00 0.142     721.618       7.849    1940.000       0.000    0.0002    7.732 1032.064    9.671  518.921    2.024
  28320.00 0.141     728.562       7.972    1940.000       0.000    0.0002    7.680 1056.986    9.748  529.741    2.212
  28380.00 0.148     740.793       4.562    1940.000       0.000    0.0002    7.761  977.706    8.203  534.214    1.931
  28440.00 0.146     727.450      11.141    1940.000       0.000    0.0002    7.888  821.851    7.158  528.489    1.823
  28500.00 0.148     740.264       8.893    1940.000       0.000    0.0002    8.045  566.703    7.532  524.869    1.741
  28560.00 0.151     735.283      12.859    1500.000       0.000    0.0002    8.208  684.431    9.397  530.513    1.810
  28620.00 0.148     737.620      10.942    1540.000       0.000    0.0002    8.629  871.795    8.820  534.280    2.143
  28680.00 0.154     741.463       5.946    1940.000       0.000    0.0002    8.934  833.115    7.540  530.625    1.979
  28740.00 0.157     749.082       7.247    1940.000       0.000    0.0002    9.097  779.478    6.286  529.299    1.925
  28800.00 0.165     759.941       5.608    1940.000       0.000    0.0002    9.095  606.572    6.174  534.528    1.650
