#  time      cc     z_cbase    z_ctop_avg  z_ctop_max      zi         we   <<ql>>  <<ql>>_max   w_max   tke     ql_max
     60.00 0.000       0.000       0.000       0.000       0.000    0.0002    0.000    0.000    0.187  616.624    0.000
    120.00 0.000       0.000       0.000       0.000       0.000    0.0002    0.000    0.000    0.295  417.091    0.000
    180.00 0.000       0.000       0.000       0.000       0.000    0.0002    0.000    0.000    0.306  300.129    0.000
    240.00 0.000       0.000       0.000       0.000       0.000    0.0002    0.000    0.000    0.314  225.794    0.000
    300.00 0.000       0.000       0.000       0.000       0.000    0.0002    0.000    0.000    0.316  176.575    0.000
    360.00 0.000       0.000       0.000       0.000       0.000    0.0002    0.000    0.000    0.332  143.401    0.000
    420.00 0.000       0.000       0.000       0.000       0.000    0.0002    0.000    0.000    0.331  121.123    0.000
    480.00 0.000       0.000       0.000       0.000       0.000    0.0002    0.000    0.000    0.382  105.712    0.000
    540.00 0.000       0.000       0.000       0.000       0.000    0.0002    0.000    0.000    0.411   93.900    0.000
    600.00 0.000       0.000       0.000       0.000       0.000    0.0002    0.000    0.000    0.526   84.629    0.000
    660.00 0.000       0.000       0.000       0.000       0.000    0.0002    0.000    0.000    0.598   78.070    0.000
    720.00 0.000       0.000       0.000       0.000       0.000    0.0002    0.000    0.000    0.610   73.757    0.000
    780.00 0.000       0.000       0.000       0.000       0.000    0.0002    0.000    0.000    0.605   70.944    0.000
    840.00 0.000       0.000       0.000       0.000       0.000    0.0002    0.000    0.000    0.708   69.163    0.000
    900.00 0.000       0.000       0.000       0.000       0.000    0.0002    0.000    0.000    0.774   67.979    0.000
    960.00 0.000       0.000       0.000       0.000       0.000    0.0002    0.000    0.000    0.770   67.377    0.000
   1020.00 0.000       0.000       0.000       0.000       0.000    0.0002    0.000    0.000    0.795   67.815    0.000
   1080.00 0.000     580.000       0.000     580.000       0.000    0.0002    0.000    1.758    0.844   69.334    0.039
   1140.00 0.001     580.000       0.000     580.000       0.000    0.0002    0.001    2.335    0.913   71.570    0.052
   1200.00 0.002     580.000       0.000     580.000       0.000    0.0002    0.004    4.727    1.005   74.466    0.081
   1260.00 0.002     580.000       0.000     580.000       0.000    0.0002    0.009    8.588    1.046   78.178    0.120
   1320.00 0.005     566.667       0.000     660.000       0.000    0.0002    0.019   10.112    1.104   82.808    0.155
   1380.00 0.007     570.345      18.621     660.000       0.000    0.0002    0.036   18.469    1.236   88.552    0.210
   1440.00 0.013     567.636      24.000     660.000       0.000    0.0002    0.064   27.376    1.329   95.530    0.288
   1500.00 0.026     564.528      21.509     660.000       0.000    0.0002    0.117   35.939    1.569  103.626    0.340
   1560.00 0.038     566.752      11.592     660.000       0.000    0.0002    0.209   57.432    1.793  112.788    0.486
   1620.00 0.053     567.763      10.959     740.000       0.000    0.0002    0.345   80.227    1.965  123.097    0.625
   1680.00 0.069     566.667       7.943     700.000       0.000    0.0002    0.543   94.777    2.332  134.540    0.671
   1740.00 0.089     565.934      12.308     820.000       0.000    0.0002    0.817  118.113    2.782  146.953    0.780
   1800.00 0.111     568.835       1.275     860.000       0.000    0.0002    1.171  115.552    2.651  160.204    0.834
   1860.00 0.127     570.421       6.743     900.000       0.000    0.0002    1.638  146.853    3.287  174.055    0.829
   1920.00 0.140     571.553       6.038     980.000       0.000    0.0002    2.193  164.870    3.519  188.232    0.868
   1980.00 0.157     575.583       7.154    1020.000       0.000    0.0002    2.861  212.044    3.985  202.437    0.970
   2040.00 0.167     576.305       9.648    1060.000       0.000    0.0002    3.610  274.225    4.313  216.388    1.142
   2100.00 0.177     580.000       9.738    1100.000       0.000    0.0002    4.479  362.148    4.552  229.865    1.152
   2160.00 0.184     584.085       5.915    1300.000       0.000    0.0002    5.387  417.724    4.461  242.470    1.226
   2220.00 0.190     589.128       8.359    1300.000       0.000    0.0002    6.269  403.988    4.891  253.557    1.226
   2280.00 0.198     596.285       6.002    1300.000       0.000    0.0002    7.033  489.577    4.706  262.897    1.227
   2340.00 0.203     597.329      11.480    1380.000       0.000    0.0002    7.761  507.017    5.559  270.430    1.487
   2400.00 0.200     605.415       5.390    1300.000       0.000    0.0002    8.325  507.912    5.210  275.747    1.211
   2460.00 0.205     611.476       5.786    1420.000       0.000    0.0002    8.729  515.617    4.828  278.990    1.122
   2520.00 0.205     616.424       4.386    1420.000       0.000    0.0002    8.900  547.082    4.924  280.609    1.340
   2580.00 0.199     618.822       3.141    1340.000       0.000    0.0002    8.809  652.069    4.713  280.747    1.452
   2640.00 0.195     623.008       8.221    1340.000       0.000    0.0002    8.523  743.638    5.351  278.470    1.553
   2700.00 0.188     622.078       7.532    1460.000       0.000    0.0002    8.102  762.694    5.611  273.884    1.801
   2760.00 0.186     625.347       3.408    1380.000       0.000    0.0002    7.584  728.476    4.717  268.333    1.453
   2820.00 0.179     633.678       7.875    1540.000       0.000    0.0002    7.048  671.030    4.134  261.271    1.318
   2880.00 0.169     635.166      13.343    1380.000       0.000    0.0002    6.406  584.951    4.285  253.484    1.274
   2940.00 0.162     642.048       4.849    1500.000       0.000    0.0002    5.815  580.800    4.070  245.841    1.076
   3000.00 0.151     636.272       5.089    1540.000       0.000    0.0002    5.343  553.156    3.901  237.819    1.063
   3060.00 0.149     637.246       8.623    1380.000       0.000    0.0002    4.879  483.685    3.995  229.859    1.122
   3120.00 0.144     638.477       9.882    1460.000       0.000    0.0002    4.506  427.946    4.717  222.716    1.304
   3180.00 0.138     641.986       6.631    1420.000       0.000    0.0002    4.193  538.934    6.237  216.369    1.615
   3240.00 0.138     642.979       9.645    1300.000       0.000    0.0002    3.865  742.714    6.953  211.028    1.607
   3300.00 0.127     642.462       8.962    1380.000       0.000    0.0002    3.600  907.758    5.908  206.730    1.390
   3360.00 0.124     646.326       7.583    1420.000       0.000    0.0002    3.388  937.558    5.557  203.098    1.579
   3420.00 0.117     641.461       5.344    1500.000       0.000    0.0002    3.101  860.696    6.070  199.455    1.794
   3480.00 0.113     647.845       2.759    1660.000       0.000    0.0002    2.670  694.401    4.633  195.023    1.278
   3540.00 0.109     652.000       1.573    1420.000       0.000    0.0002    2.170  495.764    3.986  190.916    1.073
   3600.00 0.102     642.679       6.316    1460.000       0.000    0.0002    1.780  315.358    3.285  187.373    0.841
   3660.00 0.098     643.027       7.146    1460.000       0.000    0.0002    1.536  251.860    3.248  183.242    0.889
   3720.00 0.092     639.787      13.777    1420.000       0.000    0.0002    1.451  274.999    3.595  179.406    0.978
   3780.00 0.089     643.956       6.703    1420.000       0.000    0.0002    1.395  346.966    3.761  176.932    1.066
   3840.00 0.086     635.751       6.402    1300.000       0.000    0.0002    1.380  413.246    3.592  175.594    1.137
   3900.00 0.083     626.804       5.220    1380.000       0.000    0.0002    1.367  394.140    3.746  174.650    0.959
   3960.00 0.082     626.467      12.994    1380.000       0.000    0.0002    1.369  336.407    3.527  173.799    0.966
   4020.00 0.082     619.162       7.904    1300.000       0.000    0.0002    1.386  335.327    3.376  173.661    1.054
   4080.00 0.079     622.105       2.539    1300.000       0.000    0.0002    1.431  377.463    3.475  174.142    0.994
   4140.00 0.089     625.699       6.575    1300.000       0.000    0.0002    1.492  429.616    3.469  174.516    1.035
   4200.00 0.091     620.858       7.507    1300.000       0.000    0.0002    1.503  452.246    3.642  175.135    1.096
   4260.00 0.091     623.850       8.610    1300.000       0.000    0.0002    1.454  371.759    3.511  176.146    1.022
   4320.00 0.096     626.481      10.025    1420.000       0.000    0.0002    1.428  311.416    3.589  177.293    0.919
   4380.00 0.098     616.800      12.500    1300.000       0.000    0.0002    1.454  321.293    3.868  178.576    0.875
   4440.00 0.100     613.951       4.146    1300.000       0.000    0.0002    1.545  316.768    3.351  179.966    0.884
   4500.00 0.101     606.892       6.169    1300.000       0.000    0.0002    1.683  281.787    2.898  181.360    0.855
   4560.00 0.103     601.524       6.571    1300.000       0.000    0.0002    1.830  246.066    3.159  182.678    0.840
   4620.00 0.107     602.273       7.409    1300.000       0.000    0.0002    1.996  268.341    3.567  184.419    0.881
   4680.00 0.107     598.398       4.531    1300.000       0.000    0.0002    2.169  302.330    3.562  186.806    0.924
   4740.00 0.112     608.410      12.200    1300.000       0.000    0.0002    2.391  281.024    3.796  189.323    0.940
   4800.00 0.111     612.105       6.974    1380.000       0.000    0.0002    2.708  285.507    3.939  191.810    0.938
   4860.00 0.111     609.757       7.285    1300.000       0.000    0.0002    3.035  288.444    3.519  194.679    0.995
   4920.00 0.113     609.201       2.851    1340.000       0.000    0.0002    3.378  327.681    3.844  198.043    1.056
   4980.00 0.114     607.350       4.231    1420.000       0.000    0.0002    3.718  408.371    3.936  201.938    0.971
   5040.00 0.119     610.574       8.770    1460.000       0.000    0.0002    4.058  457.598    4.258  206.111    0.992
   5100.00 0.121     613.629       6.331    1340.000       0.000    0.0002    4.392  572.247    4.533  210.507    1.278
   5160.00 0.124     616.844       4.892    1340.000       0.000    0.0002    4.669  728.976    5.715  215.153    1.579
   5220.00 0.123     620.319       7.371    1300.000       0.000    0.0002    4.964  848.637    5.709  219.898    1.635
   5280.00 0.125     618.911       4.669    1420.000       0.000    0.0002    5.157  924.779    5.596  223.786    1.910
   5340.00 0.129     618.786       7.666    1460.000       0.000    0.0002    5.201  982.398    5.637  226.855    1.665
   5400.00 0.133     619.263       7.772    1540.000       0.000    0.0002    5.082 1016.771    5.630  229.430    1.431
   5460.00 0.136     627.742       9.032    1460.000       0.000    0.0002    4.857 1080.767    5.170  231.026    1.300
   5520.00 0.135     621.227      11.841    1380.000       0.000    0.0002    4.615  959.809    5.021  231.635    1.235
   5580.00 0.136     618.712       5.081    1420.000       0.000    0.0002    4.431  865.308    4.373  231.512    1.161
   5640.00 0.138     612.766      10.957    1380.000       0.000    0.0002    4.338  748.321    3.923  230.629    1.208
   5700.00 0.138     613.286       8.940    1420.000       0.000    0.0002    4.278  649.137    3.879  229.392    1.164
   5760.00 0.143     613.904      10.308    1340.000       0.000    0.0002    4.135  527.666    3.731  227.961    1.045
   5820.00 0.142     615.456       6.403    1300.000       0.000    0.0002    4.031  425.624    3.586  226.874    0.919
   5880.00 0.145     624.654       5.936    1420.000       0.000    0.0002    4.022  342.536    3.542  226.370    0.919
   5940.00 0.147     625.960       8.874    1460.000       0.000    0.0002    4.194  295.195    3.407  226.206    0.828
   6000.00 0.144     619.797       8.223    1300.000       0.000    0.0002    4.516  328.187    3.908  227.044    1.014
   6060.00 0.142     623.931       8.828    1340.000       0.000    0.0002    4.950  361.052    4.246  229.057    0.966
   6120.00 0.140     627.972       9.196    1340.000       0.000    0.0002    5.509  414.849    4.286  231.941    1.014
   6180.00 0.139     631.056       6.303    1340.000       0.000    0.0002    6.161  487.472    4.345  235.833    1.217
   6240.00 0.134     635.182       8.650    1340.000       0.000    0.0002    6.760  559.859    4.821  240.584    1.391
   6300.00 0.138     638.936      11.738    1380.000       0.000    0.0002    7.257  634.960    5.589  245.865    1.674
   6360.00 0.135     644.865       5.333    1420.000       0.000    0.0002    7.533  672.930    4.900  250.348    1.736
   6420.00 0.138     641.310       7.788    1460.000       0.000    0.0002    7.578  654.081    5.163  254.012    1.368
   6480.00 0.136     637.020       5.027    1540.000       0.000    0.0002    7.465  644.604    5.788  258.062    1.430
   6540.00 0.134     640.145       5.273    1500.000       0.000    0.0002    7.309  613.787    5.509  261.081    1.508
   6600.00 0.131     641.159       6.991    1420.000       0.000    0.0002    7.109  679.507    5.543  262.690    1.447
   6660.00 0.129     645.585       6.113    1420.000       0.000    0.0002    6.925  759.136    5.483  264.393    1.329
   6720.00 0.132     647.652       0.998    1420.000       0.000    0.0002    6.685  713.039    6.003  265.661    1.345
   6780.00 0.131     650.149      10.112    1500.000       0.000    0.0002    6.371  667.408    6.262  266.784    1.577
   6840.00 0.129     640.909       8.902    1580.000       0.000    0.0002    6.105  759.913    6.149  267.465    1.529
   6900.00 0.133     644.779       6.949    1340.000       0.000    0.0002    5.908  872.085    5.969  266.515    1.706
   6960.00 0.130     641.318       5.838    1420.000       0.000    0.0002    5.731  846.008    5.166  265.050    1.530
   7020.00 0.131     633.259       2.235    1500.000       0.000    0.0002    5.732  886.915    4.759  264.652    1.330
   7080.00 0.127     631.341       2.759    1380.000       0.000    0.0002    5.836  949.368    4.494  265.746    1.241
   7140.00 0.122     631.577      10.299    1540.000       0.000    0.0002    6.081  971.219    4.960  267.813    1.512
   7200.00 0.126     633.023      10.388    1460.000       0.000    0.0002    6.329  915.649    5.356  269.420    1.572
   7260.00 0.128     644.335       9.886    1500.000       0.000    0.0002    6.555  742.610    5.815  270.112    1.886
   7320.00 0.131     648.380       9.311    1420.000       0.000    0.0002    6.869  712.514    5.225  271.700    1.455
   7380.00 0.132     652.399       4.317    1500.000       0.000    0.0002    7.213  796.243    5.630  275.613    1.484
   7440.00 0.137     659.500       8.071    1460.000       0.000    0.0002    7.568  957.461    6.351  280.481    1.774
   7500.00 0.130     650.562       9.925    1540.000       0.000    0.0002    7.747 1054.285    5.513  283.290    1.590
   7560.00 0.130     653.483       6.255    1540.000       0.000    0.0002    7.696  995.794    5.532  285.171    1.544
   7620.00 0.132     646.273       4.686    1500.000       0.000    0.0002    7.567  873.587    5.050  286.300    1.814
   7680.00 0.134     655.055      10.291    1540.000       0.000    0.0002    7.306  792.509    5.124  286.365    1.799
   7740.00 0.133     649.834       4.346    1540.000       0.000    0.0002    6.928  648.765    4.988  286.020    1.600
   7800.00 0.130     654.221       6.116    1500.000       0.000    0.0002    6.428  618.674    5.332  284.283    1.434
   7860.00 0.132     654.085       4.806    1420.000       0.000    0.0002    5.986  707.863    5.169  281.564    1.350
   7920.00 0.136     662.011       8.618    1500.000       0.000    0.0002    5.688  838.733    5.119  279.370    1.322
   7980.00 0.140     653.229       3.246    1380.000       0.000    0.0002    5.535 1016.870    5.601  278.231    1.432
   8040.00 0.133     659.194      15.275    1460.000       0.000    0.0002    5.517 1171.059    5.542  277.451    1.547
   8100.00 0.134     653.964      10.255    1940.000       0.000    0.0002    5.529 1204.805    6.183  277.371    1.739
   8160.00 0.132     649.407       6.185    1940.000       0.000    0.0002    5.473 1184.221    5.744  277.947    2.001
   8220.00 0.132     643.852       7.963    1940.000       0.000    0.0002    5.313 1189.191    5.663  278.110    1.930
   8280.00 0.130     638.421      12.406    1500.000       0.000    0.0002    5.047  898.837    4.676  276.492    1.902
   8340.00 0.135     638.875       7.913    1540.000       0.000    0.0002    4.771  596.161    4.612  274.085    1.076
   8400.00 0.138     644.354       8.496    1580.000       0.000    0.0002    4.577  401.647    5.055  272.313    1.061
   8460.00 0.141     634.697       4.159    1420.000       0.000    0.0002    4.550  422.544    5.007  270.422    1.160
   8520.00 0.139     632.091      11.107    1420.000       0.000    0.0002    4.677  446.906    4.734  269.456    1.219
   8580.00 0.139     633.169       8.345    1460.000       0.000    0.0002    4.816  511.973    5.079  269.748    1.520
   8640.00 0.144     639.287      11.239    1420.000       0.000    0.0002    4.943  613.820    5.526  271.207    1.390
   8700.00 0.138     646.738       3.298    1460.000       0.000    0.0002    5.049  707.667    5.236  272.911    1.327
   8760.00 0.136     643.871       5.018    1380.000       0.000    0.0002    5.260  726.594    5.568  274.292    1.578
   8820.00 0.137     653.037       5.329    1580.000       0.000    0.0002    5.487  797.415    5.765  276.061    1.640
   8880.00 0.135     659.419       6.969    1620.000       0.000    0.0002    5.576  796.209    4.938  277.259    1.607
   8940.00 0.133     657.802       5.128    1500.000       0.000    0.0002    5.499  700.899    4.971  277.868    1.278
   9000.00 0.138     656.956       4.814    1460.000       0.000    0.0002    5.285  489.548    4.750  279.226    1.255
   9060.00 0.137     657.300      13.037    1420.000       0.000    0.0002    5.106  497.540    4.732  279.905    1.156
   9120.00 0.135     660.649      10.414    1500.000       0.000    0.0002    5.037  475.128    5.097  278.987    1.277
   9180.00 0.134     656.576       7.286    1500.000       0.000    0.0002    5.046  459.345    5.498  278.502    1.237
   9240.00 0.131     650.131       5.794    1380.000       0.000    0.0002    5.208  565.120    5.034  279.639    1.100
   9300.00 0.136     656.691       8.129    1420.000       0.000    0.0002    5.420  625.943    6.346  281.552    1.535
   9360.00 0.135     657.261      12.901    1460.000       0.000    0.0002    5.711  760.526    7.141  284.881    1.683
   9420.00 0.141     660.833       4.861    1540.000       0.000    0.0002    6.005  995.970    7.610  287.990    2.039
   9480.00 0.143     668.382       6.951    1540.000       0.000    0.0002    6.188 1092.611    5.683  288.802    1.669
   9540.00 0.140     665.357       4.174    1940.000       0.000    0.0002    6.092  841.240    5.123  289.284    2.064
   9600.00 0.142     679.793       8.966    1500.000       0.000    0.0002    5.815  654.556    5.405  290.976    1.345
   9660.00 0.145     675.597       5.647    1620.000       0.000    0.0002    5.543  565.583    5.112  291.223    1.546
   9720.00 0.140     672.730       6.609    1500.000       0.000    0.0002    5.308  573.603    5.570  289.223    1.365
   9780.00 0.137     667.744       4.831    1460.000       0.000    0.0002    5.208  559.882    4.978  288.068    1.391
   9840.00 0.139     656.848      11.594    1540.000       0.000    0.0002    5.193  522.548    4.717  288.131    1.486
   9900.00 0.135     659.274       6.751    1460.000       0.000    0.0002    5.253  531.920    5.848  289.374    1.425
   9960.00 0.139     666.375      10.193    1580.000       0.000    0.0002    5.309  618.595    6.274  291.413    1.775
  10020.00 0.136     669.821       4.301    1460.000       0.000    0.0002    5.287  656.644    6.137  293.486    1.919
  10080.00 0.136     662.370       8.761    1580.000       0.000    0.0002    5.173  746.028    6.199  294.022    1.941
  10140.00 0.134     657.960       7.468    1540.000       0.000    0.0002    4.958  806.922    6.119  291.701    1.809
  10200.00 0.138     664.468       7.305    1540.000       0.000    0.0002    4.600  864.612    4.984  288.942    1.670
  10260.00 0.139     657.258       7.276    1580.000       0.000    0.0002    4.228  709.713    4.340  288.454    1.434
  10320.00 0.136     661.652       9.443    1580.000       0.000    0.0002    3.981  615.384    4.770  287.753    1.307
  10380.00 0.133     646.544       5.919    1580.000       0.000    0.0002    3.900  475.506    5.060  285.159    1.294
  10440.00 0.130     647.646       7.345    1420.000       0.000    0.0002    3.941  439.475    5.066  284.350    1.442
  10500.00 0.134     646.982       2.109    1460.000       0.000    0.0002    4.030  443.371    5.247  285.321    1.309
  10560.00 0.137     650.643       4.500    1460.000       0.000    0.0002    4.035  419.755    4.386  285.874    1.173
  10620.00 0.135     658.991      12.144    1500.000       0.000    0.0002    4.033  377.884    4.414  285.908    1.120
  10680.00 0.132     659.259       9.481    1420.000       0.000    0.0002    4.089  386.295    5.314  286.867    1.205
  10740.00 0.130     661.501       6.642    1460.000       0.000    0.0002    4.207  444.387    5.306  288.275    1.109
  10800.00 0.130     664.436       5.038    1380.000       0.000    0.0002    4.437  496.559    4.651  290.039    1.145
  10860.00 0.123     662.151       9.442    1540.000       0.000    0.0002    4.760  634.322    5.408  292.673    1.307
  10920.00 0.128     663.588      15.916    1420.000       0.000    0.0002    5.086  752.270    5.634  295.801    1.413
  10980.00 0.129     674.470       8.902    1460.000       0.000    0.0002    5.406  822.254    5.608  299.101    1.477
  11040.00 0.125     668.063       7.202    1420.000       0.000    0.0002    5.675  684.187    5.315  302.491    1.354
  11100.00 0.131     676.194      11.231    1540.000       0.000    0.0002    5.764  549.585    5.595  305.319    1.333
  11160.00 0.135     674.928      12.464    1500.000       0.000    0.0002    5.741  592.351    5.483  306.626    1.322
  11220.00 0.135     678.267       6.931    1580.000       0.000    0.0002    5.586  627.436    6.151  307.192    1.417
  11280.00 0.128     682.629       8.381    1460.000       0.000    0.0002    5.338  637.756    5.989  308.515    1.489
  11340.00 0.124     673.124      13.202    1460.000       0.000    0.0002    5.054  652.038    6.791  309.032    1.635
  11400.00 0.125     671.518       2.490    1540.000       0.000    0.0002    4.756  787.870    6.086  307.911    1.398
  11460.00 0.125     665.146       2.651    1540.000       0.000    0.0002    4.455  798.290    6.600  307.207    1.441
  11520.00 0.125     667.045       4.031    1500.000       0.000    0.0002    4.209  853.069    6.447  306.900    1.561
  11580.00 0.118     647.464       9.526    1420.000       0.000    0.0002    4.005  932.961    5.977  304.861    1.527
  11640.00 0.123     656.819       9.105    1500.000       0.000    0.0002    3.704  792.917    5.924  301.407    1.796
  11700.00 0.124     658.577       3.360    1460.000       0.000    0.0002    3.367  624.574    4.381  297.878    1.251
  11760.00 0.120     657.236      11.992    1540.000       0.000    0.0002    3.042  402.397    4.509  295.906    1.192
  11820.00 0.119     647.705       3.648    1300.000       0.000    0.0002    2.828  379.383    4.884  294.887    1.100
  11880.00 0.122     662.395       8.543    1540.000       0.000    0.0002    2.735  399.155    5.401  293.624    1.190
  11940.00 0.126     662.471       8.417    1380.000       0.000    0.0002    2.747  424.592    5.265  292.308    1.161
  12000.00 0.126     651.876       9.516    1420.000       0.000    0.0002    2.840  477.945    5.295  291.380    1.211
  12060.00 0.129     640.416       3.743    1340.000       0.000    0.0002    2.952  486.153    5.060  290.891    1.402
  12120.00 0.135     638.657       5.372    1460.000       0.000    0.0002    3.049  465.471    4.428  291.484    1.084
  12180.00 0.140     640.035       4.817    1420.000       0.000    0.0002    3.127  409.533    4.843  292.836    0.970
  12240.00 0.139     632.935      10.439    1500.000       0.000    0.0002    3.223  332.915    4.869  293.828    0.994
  12300.00 0.145     630.572       7.306    1340.000       0.000    0.0002    3.347  340.688    4.860  294.366    1.191
  12360.00 0.138     633.686       9.877    1420.000       0.000    0.0002    3.470  412.419    5.136  295.945    1.315
  12420.00 0.145     642.432       5.372    1420.000       0.000    0.0002    3.661  481.584    5.215  298.456    1.242
  12480.00 0.139     640.281      10.175    1380.000       0.000    0.0002    3.946  491.728    4.441  300.311    1.346
  12540.00 0.140     645.739       5.461    1420.000       0.000    0.0002    4.280  471.433    5.265  302.264    1.399
  12600.00 0.147     650.448       3.416    1380.000       0.000    0.0002    4.620  508.359    5.298  305.193    1.493
  12660.00 0.153     651.104       2.912    1500.000       0.000    0.0002    4.962  516.078    4.446  307.938    1.489
  12720.00 0.151     655.347       9.435    1420.000       0.000    0.0002    5.193  456.646    5.115  310.475    1.204
  12780.00 0.150     655.309       7.329    1420.000       0.000    0.0002    5.352  377.028    5.538  313.661    1.358
  12840.00 0.152     664.058       5.443    1500.000       0.000    0.0002    5.479  528.328    5.671  317.030    1.594
  12900.00 0.158     666.316      14.365    1460.000       0.000    0.0002    5.581  739.123    6.971  320.677    1.722
  12960.00 0.155     669.779       4.543    1420.000       0.000    0.0002    5.786  967.870    7.103  324.781    1.954
  13020.00 0.152     662.190       4.380    1460.000       0.000    0.0002    6.004 1064.081    5.774  328.221    1.647
  13080.00 0.157     672.837       9.085    1940.000       0.000    0.0002    6.177  977.707    7.787  330.916    2.138
  13140.00 0.151     669.385       9.385    1380.000       0.000    0.0002    6.256  950.601    5.976  333.275    1.772
  13200.00 0.148     673.773       5.766    1420.000       0.000    0.0002    6.292  937.299    7.071  336.184    1.598
  13260.00 0.145     670.927       8.735    1460.000       0.000    0.0002    6.396  979.301    6.740  339.307    1.581
  13320.00 0.147     666.954       3.344    1460.000       0.000    0.0002    6.501  786.920    5.692  342.011    1.428
  13380.00 0.153     672.675       6.115    1460.000       0.000    0.0002    6.678  654.825    6.575  344.819    1.432
  13440.00 0.152     673.098       9.374    1460.000       0.000    0.0002    6.883  794.939    7.245  347.378    1.672
  13500.00 0.153     672.288       7.232    1420.000       0.000    0.0002    7.003  786.946    7.647  349.306    1.490
  13560.00 0.153     678.344       7.038    1580.000       0.000    0.0002    7.129  790.699    6.846  350.916    1.958
  13620.00 0.155     681.703       4.385    1540.000       0.000    0.0002    7.034  834.191    7.578  349.421    1.860
  13680.00 0.150     682.792       6.364    1500.000       0.000    0.0002    6.695  751.609    6.021  346.228    1.674
  13740.00 0.147     680.366      12.512    1500.000       0.000    0.0002    6.198  639.523    5.619  346.087    1.457
  13800.00 0.150     678.701      13.182    1620.000       0.000    0.0002    5.717  510.324    5.943  346.705    1.297
  13860.00 0.155     678.325       8.531    1500.000       0.000    0.0002    5.312  506.627    5.100  344.662    1.289
  13920.00 0.151     675.300       6.645    1420.000       0.000    0.0002    5.135  455.929    4.797  341.589    1.165
  13980.00 0.148     680.592       6.645    1460.000       0.000    0.0002    5.059  496.239    4.812  339.024    1.199
  14040.00 0.148     683.657      12.883    1540.000       0.000    0.0002    4.999  561.003    5.050  336.910    1.302
  14100.00 0.154     685.166       7.734    1500.000       0.000    0.0002    4.977  573.467    4.864  336.201    1.259
  14160.00 0.154     691.479       3.021    1540.000       0.000    0.0002    4.902  469.763    4.445  336.562    1.313
  14220.00 0.154     690.301       9.762    1540.000       0.000    0.0002    4.797  312.083    4.820  337.645    1.210
  14280.00 0.158     679.230       4.037    1620.000       0.000    0.0002    4.806  386.626    5.122  338.790    1.183
  14340.00 0.157     671.907       9.736    1460.000       0.000    0.0002    5.015  435.185    4.826  340.079    1.314
  14400.00 0.157     667.814       6.140    1460.000       0.000    0.0002    5.476  515.432    5.862  343.054    1.507
  14460.00 0.162     672.628       7.039    1460.000       0.000    0.0002    6.111  619.245    6.628  347.964    1.392
  14520.00 0.161     675.842       3.369    1420.000       0.000    0.0002    6.776  625.718    6.370  353.343    1.571
  14580.00 0.159     684.319      11.455    1500.000       0.000    0.0002    7.419  623.393    6.525  360.240    1.528
  14640.00 0.160     688.318       4.985    1500.000       0.000    0.0002    7.932  803.657    7.454  369.765    1.716
  14700.00 0.161     692.534      10.440    1620.000       0.000    0.0002    8.338  853.554    7.812  380.355    1.957
  14760.00 0.159     695.699      10.783    1500.000       0.000    0.0002    8.668 1069.334    7.759  387.387    2.033
  14820.00 0.156     704.828      10.000    1540.000       0.000    0.0002    8.783 1085.425    9.096  391.703    2.389
  14880.00 0.151     684.376       3.890    1540.000       0.000    0.0002    8.708 1190.605   10.122  396.001    2.108
  14940.00 0.148     682.932       8.138    1660.000       0.000    0.0002    8.536 1451.001    9.660  401.268    2.021
  15000.00 0.149     688.609      12.275    1940.000       0.000    0.0002    8.278 1694.517    8.771  404.257    2.259
  15060.00 0.155     679.685       5.962    1940.000       0.000    0.0002    8.048 1574.647    8.207  404.395    2.154
  15120.00 0.150     669.902      15.863    1940.000       0.000    0.0002    7.964 1355.326    7.650  406.465    1.725
  15180.00 0.151     675.210      10.453    1940.000       0.000    0.0002    7.936 1089.401    7.149  410.168    1.727
  15240.00 0.151     679.806      10.065    1460.000       0.000    0.0002    7.826  793.113    6.674  406.691    1.579
  15300.00 0.150     683.117       3.214    1460.000       0.000    0.0002    7.778  619.556    6.543  400.507    1.571
  15360.00 0.159     692.454       7.209    1660.000       0.000    0.0002    7.557  684.053    6.999  398.685    1.638
  15420.00 0.161     694.043       8.875    1580.000       0.000    0.0002    7.356  620.254    5.417  397.596    1.458
  15480.00 0.154     690.555      10.365    1460.000       0.000    0.0002    7.115  615.110    6.502  396.453    1.462
  15540.00 0.162     699.880       9.428    1420.000       0.000    0.0002    6.841  594.532    6.379  396.419    1.478
  15600.00 0.155     701.761      11.226    1500.000       0.000    0.0002    6.370  684.921    6.586  394.187    1.673
  15660.00 0.159     698.652       6.493    1580.000       0.000    0.0002    5.886  707.240    6.855  391.313    2.000
  15720.00 0.160     700.488      11.159    1620.000       0.000    0.0002    5.483  779.730    7.760  389.103    1.882
  15780.00 0.155     687.296       7.767    1620.000       0.000    0.0002    5.137  851.750    7.611  384.535    2.063
  15840.00 0.156     681.063       3.813    1660.000       0.000    0.0002    4.816  837.957    6.881  379.653    1.808
  15900.00 0.149     671.823      14.614    1660.000       0.000    0.0002    4.567  671.358    5.625  377.894    1.257
  15960.00 0.154     675.492      10.032    1500.000       0.000    0.0002    4.482  529.923    6.287  377.209    1.395
  16020.00 0.153     678.722       6.390    1460.000       0.000    0.0002    4.465  516.065    5.369  375.249    1.275
  16080.00 0.154     679.051       8.924    1500.000       0.000    0.0002    4.420  437.550    4.998  372.667    1.354
  16140.00 0.154     677.170       5.723    1540.000       0.000    0.0002    4.359  374.681    4.963  370.541    1.298
  16200.00 0.160     687.275       6.149    1500.000       0.000    0.0002    4.405  332.197    4.760  369.657    1.045
  16260.00 0.157     689.549       3.142    1620.000       0.000    0.0002    4.557  354.527    5.335  370.323    1.242
  16320.00 0.154     685.506       6.835    1580.000       0.000    0.0002    4.764  477.044    6.407  372.167    1.303
  16380.00 0.154     679.905       7.512    1500.000       0.000    0.0002    5.120  659.310    6.582  374.701    1.366
  16440.00 0.153     684.753       1.180    1420.000       0.000    0.0002    5.475  698.148    6.411  377.654    1.415
  16500.00 0.158     695.370      10.185    1460.000       0.000    0.0002    5.908  630.206    5.881  380.923    1.488
  16560.00 0.154     698.032       2.857    1460.000       0.000    0.0002    6.262  543.287    6.048  384.991    1.608
  16620.00 0.150     693.041       7.415    1460.000       0.000    0.0002    6.542  577.127    6.683  388.502    1.560
  16680.00 0.148     687.368      12.566    1540.000       0.000    0.0002    6.628  595.689    6.401  390.267    1.453
  16740.00 0.151     692.427       3.528    1540.000       0.000    0.0002    6.711  629.656    6.505  393.030    1.469
  16800.00 0.152     693.505       5.466    1500.000       0.000    0.0002    7.003  642.536    6.974  396.915    1.483
  16860.00 0.156     698.313       2.906    1460.000       0.000    0.0002    7.485  835.764    7.500  401.150    1.773
  16920.00 0.160     705.374      13.924    1500.000       0.000    0.0002    8.068 1027.185    8.250  407.824    2.196
  16980.00 0.159     703.859       9.372    1620.000       0.000    0.0002    8.584 1205.198    7.412  416.038    1.860
  17040.00 0.161     706.434       2.064    1940.000       0.000    0.0002    9.020 1080.392    8.173  423.655    2.153
  17100.00 0.159     712.473       5.776    1940.000       0.000    0.0002    9.234  887.719    7.975  429.884    2.090
  17160.00 0.161     713.697       6.303    1940.000       0.000    0.0002    9.224  980.663    9.660  435.736    1.994
  17220.00 0.159     721.321      11.336    1940.000       0.000    0.0002    8.934 1103.581    8.915  436.241    2.420
  17280.00 0.158     726.626       8.968    1940.000       0.000    0.0002    8.306 1132.935    7.092  429.872    2.133
  17340.00 0.162     716.435       4.592    1940.000       0.000    0.0002    7.728  748.375    6.872  427.947    1.656
  17400.00 0.156     719.375       7.625    1540.000       0.000    0.0002    7.457  697.643    6.608  430.200    1.507
  17460.00 0.156     705.563      14.656    1580.000       0.000    0.0002    7.292  694.283    6.405  425.697    1.625
  17520.00 0.164     708.048      11.923    1540.000       0.000    0.0002    7.141  736.429    6.427  419.361    1.674
  17580.00 0.163     709.429       3.273    1620.000       0.000    0.0002    6.792  575.189    5.838  416.540    1.498
  17640.00 0.156     703.067       5.978    1660.000       0.000    0.0002    6.485  603.458    5.705  413.641    1.345
  17700.00 0.152     704.509       6.055    1620.000       0.000    0.0002    6.157  495.927    5.658  409.186    1.277
  17760.00 0.150     710.619      11.564    1580.000       0.000    0.0002    5.921  535.524    6.017  407.177    1.430
  17820.00 0.153     707.018      12.249    1500.000       0.000    0.0002    5.750  590.504    6.004  405.320    1.526
  17880.00 0.154     715.784      10.935    1500.000       0.000    0.0002    5.671  758.316    7.131  403.007    1.565
  17940.00 0.153     701.344       9.600    1540.000       0.000    0.0002    5.632  869.183    6.504  401.865    1.421
  18000.00 0.147     705.041       4.046    1500.000       0.000    0.0002    5.649  784.434    5.778  403.641    1.382
  18060.00 0.146     696.722       3.880    1540.000       0.000    0.0002    5.747  813.687    6.399  406.387    1.567
  18120.00 0.148     698.553       6.612    1540.000       0.000    0.0002    5.831  805.547    6.223  407.006    1.749
  18180.00 0.148     698.678       9.983    1540.000       0.000    0.0002    5.816  727.722    5.875  406.017    1.755
  18240.00 0.157     698.574       3.132    1500.000       0.000    0.0002    5.618  687.384    6.285  403.875    1.565
  18300.00 0.155     707.014       8.310    1580.000       0.000    0.0002    5.329  587.382    5.864  402.041    1.508
  18360.00 0.153     708.384       7.616    1540.000       0.000    0.0002    5.045  464.682    5.821  400.084    1.187
  18420.00 0.150     697.268       4.423    1540.000       0.000    0.0002    4.940  502.560    6.143  397.014    1.458
  18480.00 0.147     696.739       4.459    1500.000       0.000    0.0002    4.981  561.925    7.714  394.723    1.506
  18540.00 0.146     698.258       3.149    1460.000       0.000    0.0002    5.182  685.636    7.203  396.612    1.641
  18600.00 0.142     692.702       1.997    1540.000       0.000    0.0002    5.449  820.978    8.025  401.344    1.759
  18660.00 0.143     693.993       8.362    1500.000       0.000    0.0002    5.880  746.957    7.133  405.536    1.448
  18720.00 0.140     685.550       9.389    1700.000       0.000    0.0002    6.543  771.602    7.267  411.002    1.705
  18780.00 0.140     700.000       2.087    1500.000       0.000    0.0002    7.197  954.032    8.315  418.611    1.811
  18840.00 0.148     716.474      10.741    1500.000       0.000    0.0002    7.648 1166.971    9.001  425.629    2.250
  18900.00 0.149     713.793      15.796    1940.000       0.000    0.0002    7.797 1254.931    9.447  427.390    2.096
  18960.00 0.144     726.599      17.381    1940.000       0.000    0.0002    7.557 1343.869    8.112  427.334    2.113
  19020.00 0.141     715.251      10.711    1940.000       0.000    0.0002    7.055 1270.443    8.601  429.557    2.139
  19080.00 0.133     716.996      10.952    1940.000       0.000    0.0002    6.357 1101.966    8.232  429.235    1.693
  19140.00 0.130     719.774      11.090    1940.000       0.000    0.0002    5.668  927.018    6.656  425.136    1.594
  19200.00 0.125     709.020       5.333    1620.000       0.000    0.0002    5.119  657.829    6.407  419.323    1.357
  19260.00 0.129     699.849       1.248    1540.000       0.000    0.0002    4.980  605.622    6.098  413.458    1.502
  19320.00 0.133     698.971      13.456    1460.000       0.000    0.0002    5.070  560.098    6.100  409.489    1.275
  19380.00 0.133     695.727      12.855    1420.000       0.000    0.0002    5.261  710.385    5.718  406.490    1.442
  19440.00 0.131     700.149       4.907    1420.000       0.000    0.0002    5.528  825.687    6.666  406.505    1.617
  19500.00 0.135     713.261       4.638    1580.000       0.000    0.0002    5.936  784.739    7.571  410.943    1.775
  19560.00 0.134     695.912      10.255    1620.000       0.000    0.0002    6.269  822.146    6.730  415.037    1.966
  19620.00 0.134     692.029       9.177    1940.000       0.000    0.0002    6.464  725.973    7.212  417.624    1.610
  19680.00 0.143     700.477      15.298    1660.000       0.000    0.0002    6.493  852.800    7.083  421.565    1.878
  19740.00 0.142     706.265       7.298    1540.000       0.000    0.0002    6.359  839.011    7.034  424.351    1.570
  19800.00 0.143     710.667      13.436    1620.000       0.000    0.0002    6.230  717.690    6.342  423.116    1.703
  19860.00 0.142     709.517      11.552    1620.000       0.000    0.0002    6.130  520.735    6.017  422.336    1.584
  19920.00 0.142     708.828       7.172    1500.000       0.000    0.0002    6.000  722.155    7.199  422.716    1.429
  19980.00 0.143     709.556       3.379    1500.000       0.000    0.0002    5.806  758.707    7.569  422.464    1.666
  20040.00 0.144     714.490       9.320    1580.000       0.000    0.0002    5.665  667.588    7.173  420.113    1.796
  20100.00 0.140     717.343       5.699    1580.000       0.000    0.0002    5.763  533.138    5.489  420.518    1.570
  20160.00 0.140     720.769       6.608    1540.000       0.000    0.0002    5.975  471.200    5.888  424.555    1.432
  20220.00 0.137     719.251      13.048    1540.000       0.000    0.0002    6.166  568.177    6.675  427.887    1.427
  20280.00 0.144     728.727       6.995    1580.000       0.000    0.0002    6.518  781.682    7.106  431.794    1.657
  20340.00 0.139     724.939      12.259    1500.000       0.000    0.0002    6.829  902.101    7.777  436.954    1.952
  20400.00 0.143     721.781      12.500    1540.000       0.000    0.0002    6.976 1022.966    7.939  439.116    1.788
  20460.00 0.145     721.518      14.199    1980.000       0.000    0.0002    6.902  960.940    7.287  438.485    2.290
  20520.00 0.144     725.763       9.424    1660.000       0.000    0.0002    6.636  767.607    6.827  439.194    2.120
  20580.00 0.142     720.897      12.103    1700.000       0.000    0.0002    6.177  614.928    7.315  441.286    1.609
  20640.00 0.146     725.175       7.279    1540.000       0.000    0.0002    5.791  542.817    5.678  442.122    1.279
  20700.00 0.142     725.818      13.941    1540.000       0.000    0.0002    5.631  525.026    5.937  441.619    1.353
  20760.00 0.137     743.268      11.190    1500.000       0.000    0.0002    5.663  485.403    5.667  440.514    1.474
  20820.00 0.138     719.048      16.155    1540.000       0.000    0.0002    6.041  699.435    7.901  442.196    1.837
  20880.00 0.137     710.373       8.348    1500.000       0.000    0.0002    6.447  940.845    8.994  446.031    2.077
  20940.00 0.134     713.577      12.482    1580.000       0.000    0.0002    6.667 1050.853    8.855  448.590    2.364
  21000.00 0.143     712.061       7.632    1940.000       0.000    0.0002    6.702 1068.574    9.730  448.318    2.311
  21060.00 0.142     722.857      11.566    1940.000       0.000    0.0002    6.496 1085.992    6.692  446.590    2.117
  21120.00 0.145     715.017       8.889    1940.000       0.000    0.0002    6.284  666.878    6.485  448.634    1.713
  21180.00 0.145     707.664      11.832    1580.000       0.000    0.0002    6.174  540.850    7.022  452.089    1.442
  21240.00 0.152     713.612      11.621    1540.000       0.000    0.0002    6.084  549.071    7.311  451.939    1.592
  21300.00 0.151     716.414       8.271    1620.000       0.000    0.0002    5.948  519.090    6.387  448.249    1.420
  21360.00 0.153     713.376       3.040    1500.000       0.000    0.0002    5.766  425.950    5.748  445.971    1.332
  21420.00 0.156     705.266       8.025    1580.000       0.000    0.0002    5.600  331.988    5.399  447.099    1.258
  21480.00 0.153     713.206       5.263    1420.000       0.000    0.0002    5.629  375.768    5.310  447.482    1.369
  21540.00 0.153     713.885       5.605    1500.000       0.000    0.0002    5.883  493.848    6.178  446.839    1.496
  21600.00 0.161     710.440       7.344    1420.000       0.000    0.0002    6.225  550.278    6.679  448.622    1.460
  21660.00 0.161     708.230       3.177    1460.000       0.000    0.0002    6.616  661.148    7.959  452.810    1.623
  21720.00 0.160     712.500       2.256    1500.000       0.000    0.0002    6.977  762.014    7.398  457.326    1.968
  21780.00 0.159     717.948       8.729    1540.000       0.000    0.0002    7.189  691.247    7.336  459.873    1.920
  21840.00 0.162     722.021       7.934    1580.000       0.000    0.0002    7.313  660.799    7.012  461.034    1.741
  21900.00 0.167     718.565       5.944    1540.000       0.000    0.0002    7.384  671.924    6.909  463.692    1.566
  21960.00 0.165     711.395      12.789    1540.000       0.000    0.0002    7.465  871.924    7.808  469.239    1.675
  22020.00 0.162     708.640       6.677    1500.000       0.000    0.0002    7.593  938.261    6.479  470.310    1.684
  22080.00 0.163     714.132       6.946    1500.000       0.000    0.0002    7.751  728.043    5.506  467.400    1.793
  22140.00 0.165     719.498       5.199    1460.000       0.000    0.0002    7.851  645.276    5.053  468.608    1.578
  22200.00 0.162     725.219       7.873    1540.000       0.000    0.0002    7.956  748.232    5.543  472.852    1.805
  22260.00 0.162     722.977      11.880    1540.000       0.000    0.0002    7.954  819.242    6.123  473.797    1.944
  22320.00 0.160     716.621      12.085    1500.000       0.000    0.0002    7.984  834.876    6.313  472.639    2.116
  22380.00 0.156     724.514       8.840    1940.000       0.000    0.0002    8.153  816.386    7.402  473.804    1.671
  22440.00 0.155     727.591      10.740    1940.000       0.000    0.0002    8.421  880.836    7.507  479.667    1.661
  22500.00 0.156     725.959       6.459    1540.000       0.000    0.0002    8.621  926.950    8.601  485.506    2.274
  22560.00 0.154     727.385       9.445    1940.000       0.000    0.0002    8.668 1028.728    8.075  487.895    2.039
  22620.00 0.151     744.078       9.773    1940.000       0.000    0.0002    8.456 1050.330    8.825  489.822    2.318
  22680.00 0.159     754.523       6.123    1940.000       0.000    0.0002    7.919 1093.718    8.074  487.988    2.189
  22740.00 0.160     756.865       8.858    1940.000       0.000    0.0002    7.060 1081.637    7.209  482.981    2.167
  22800.00 0.156     743.557       7.925    1940.000       0.000    0.0002    6.012  719.651    6.344  478.485    1.463
  22860.00 0.152     741.990      10.241    1540.000       0.000    0.0002    5.029  465.639    4.527  474.411    1.294
  22920.00 0.150     735.779       5.162    1620.000       0.000    0.0002    4.075  309.820    4.639  466.006    1.204
  22980.00 0.142     729.914      12.316    1540.000       0.000    0.0002    3.308  311.630    4.494  456.073    0.991
  23040.00 0.144     723.090       4.482    1500.000       0.000    0.0002    2.853  240.122    4.667  448.950    0.977
  23100.00 0.139     715.088       8.175    1540.000       0.000    0.0002    2.612  183.994    4.225  442.159    0.896
  23160.00 0.140     707.051       5.166    1660.000       0.000    0.0002    2.534  208.639    3.855  435.172    1.082
  23220.00 0.142     709.468       4.528    1540.000       0.000    0.0002    2.577  244.265    4.378  432.551    1.034
  23280.00 0.140     699.164       6.585    1580.000       0.000    0.0002    2.700  227.470    4.196  432.849    0.979
  23340.00 0.141     706.250       4.792    1580.000       0.000    0.0002    2.936  236.472    4.957  432.031    1.055
  23400.00 0.136     703.519      10.664    1580.000       0.000    0.0002    3.214  233.995    5.326  431.245    1.121
  23460.00 0.135     696.468      13.982    1420.000       0.000    0.0002    3.557  272.389    5.408  432.075    1.161
  23520.00 0.134     701.316       4.680    1460.000       0.000    0.0002    3.909  356.398    4.863  433.365    1.310
  23580.00 0.138     703.972      11.170    1380.000       0.000    0.0002    4.298  397.503    5.421  435.375    1.267
  23640.00 0.136     706.882      14.229    1460.000       0.000    0.0002    4.790  425.592    5.892  439.854    1.348
  23700.00 0.140     716.934      10.174    1460.000       0.000    0.0002    5.378  591.238    7.004  446.016    1.573
  23760.00 0.145     724.553      15.110    1500.000       0.000    0.0002    6.029  853.031    9.048  453.448    1.922
  23820.00 0.142     728.828      13.379    1460.000       0.000    0.0002    6.708 1274.693    9.799  463.495    2.127
  23880.00 0.147     732.957      15.914    1940.000       0.000    0.0002    7.222 1533.416    9.895  472.345    2.624
  23940.00 0.145     729.882       9.410    1940.000       0.000    0.0002    7.575 1643.271    8.438  475.845    2.441
  24000.00 0.144     739.662       8.359    1940.000       0.000    0.0002    7.714 1294.690    6.785  479.705    1.976
  24060.00 0.141     737.019       8.250    1940.000       0.000    0.0002    7.606  992.464    6.401  489.684    1.852
  24120.00 0.141     747.210       5.997    1940.000       0.000    0.0002    7.478  574.525    6.263  498.119    1.463
  24180.00 0.145     749.226       5.758    1500.000       0.000    0.0002    7.423  647.704    7.049  498.364    1.662
  24240.00 0.146     746.834      11.826    1540.000       0.000    0.0002    7.583  660.604    6.607  492.431    1.589
  24300.00 0.151     743.890       6.937    1620.000       0.000    0.0002    7.691  773.230    6.783  490.761    1.641
  24360.00 0.156     749.592      12.821    1540.000       0.000    0.0002    7.834  792.634    7.540  497.177    1.892
  24420.00 0.157     748.496      12.899    1500.000       0.000    0.0002    7.945  720.326    6.292  499.072    1.662
  24480.00 0.167     760.380       8.292    1940.000       0.000    0.0002    8.045  595.566    5.125  496.805    1.642
  24540.00 0.172     763.295      12.244    1540.000       0.000    0.0002    8.216  619.040    5.794  497.685    1.593
  24600.00 0.170     759.570       9.584    1580.000       0.000    0.0002    8.393  723.824    6.192  501.087    1.638
  24660.00 0.168     752.693       4.425    1540.000       0.000    0.0002    8.646  707.459    5.633  504.929    1.801
  24720.00 0.165     751.200       4.119    1500.000       0.000    0.0002    8.913  615.956    6.117  508.861    1.532
  24780.00 0.165     749.645       6.450    1500.000       0.000    0.0002    9.080  555.322    6.661  512.975    1.667
  24840.00 0.170     757.069       8.908    1540.000       0.000    0.0002    9.115  644.749    7.024  515.861    1.699
  24900.00 0.167     762.157       7.230    1580.000       0.000    0.0002    9.110  733.082    6.474  518.171    1.559
  24960.00 0.162     761.027       5.468    1580.000       0.000    0.0002    9.117  751.041    6.855  524.119    1.780
  25020.00 0.163     763.558       8.789    1540.000       0.000    0.0002    9.204  724.728    8.506  531.491    1.956
  25080.00 0.157     763.690       8.620    1620.000       0.000    0.0002    9.516  853.286    9.008  536.327    2.048
  25140.00 0.154     760.696       6.424    1580.000       0.000    0.0002    9.791 1038.146    8.897  537.050    2.120
  25200.00 0.153     771.656      13.662    1980.000       0.000    0.0002    9.898 1149.902    8.439  536.687    2.054
  25260.00 0.153     774.003      13.301    1940.000       0.000    0.0002    9.744 1040.579    6.679  540.365    1.830
  25320.00 0.151     774.055       6.430    1940.000       0.000    0.0002    9.339  918.329    6.471  544.571    1.910
  25380.00 0.155     769.590       7.192    1580.000       0.000    0.0002    8.905  592.683    7.486  545.383    1.656
  25440.00 0.152     773.708       7.352    1580.000       0.000    0.0002    8.834  822.824    7.321  544.527    1.775
  25500.00 0.158     775.981       3.308    1740.000       0.000    0.0002    8.836  874.625    7.860  542.600    1.986
  25560.00 0.164     772.560       8.185    1940.000       0.000    0.0002    8.916  812.944    7.491  541.364    2.092
  25620.00 0.159     766.156       8.545    1620.000       0.000    0.0002    9.052  804.235    6.522  547.360    1.999
  25680.00 0.157     766.419       4.403    1940.000       0.000    0.0002    9.162  730.785    6.960  556.294    1.867
  25740.00 0.153     759.904       4.960    1660.000       0.000    0.0002    9.138  805.675    7.299  560.046    2.275
  25800.00 0.155     749.100       7.867    1940.000       0.000    0.0002    9.193  812.049    6.954  560.601    2.491
  25860.00 0.156     749.048       8.986    1940.000       0.000    0.0002    9.159  895.993    8.812  562.437    2.335
  25920.00 0.153     736.810       6.762    1940.000       0.000    0.0002    8.900 1151.204   10.670  565.374    2.408
  25980.00 0.157     746.646       9.565    1940.000       0.000    0.0002    8.359 1206.410    9.914  563.318    2.546
  26040.00 0.157     750.389      12.006    1940.000       0.000    0.0002    7.476 1041.771    7.854  554.873    2.572
  26100.00 0.156     734.000       9.938    1940.000       0.000    0.0002    6.739  990.488    5.440  551.715    2.172
  26160.00 0.149     729.425       8.900    1940.000       0.000    0.0002    6.326  780.151    6.080  550.773    1.424
  26220.00 0.145     726.891       6.017    1540.000       0.000    0.0002    6.182  515.580    6.959  545.065    1.582
  26280.00 0.144     731.307       9.032    1540.000       0.000    0.0002    6.302  638.242    8.645  539.634    1.797
  26340.00 0.140     730.523       6.551    1620.000       0.000    0.0002    6.455  763.222    9.854  538.094    2.031
  26400.00 0.141     731.612      13.588    1660.000       0.000    0.0002    6.610  790.106    8.761  535.825    2.127
  26460.00 0.143     735.411       8.459    1940.000       0.000    0.0002    6.632  937.462    6.990  532.433    1.885
  26520.00 0.141     745.675       4.152    1940.000       0.000    0.0002    6.567  836.283    6.672  531.679    1.814
  26580.00 0.145     745.541       6.689    1940.000       0.000    0.0002    6.413  823.020    6.696  530.982    1.788
  26640.00 0.148     754.479      13.289    1580.000       0.000    0.0002    6.336  660.480    6.466  526.615    1.690
  26700.00 0.146     765.467       3.433    1940.000       0.000    0.0002    6.274  539.871    5.455  521.861    1.587
  26760.00 0.155     778.740       9.291    1580.000       0.000    0.0002    6.168  411.389    6.094  521.053    1.421
  26820.00 0.147     771.788      10.927    1540.000       0.000    0.0002    5.986  494.048    5.922  520.309    1.398
  26880.00 0.151     769.742       6.742    1500.000       0.000    0.0002    5.769  588.275    6.476  517.313    1.472
  26940.00 0.147     763.642       7.119    1460.000       0.000    0.0002    5.546  660.362    6.514  515.808    1.771
  27000.00 0.146     773.099       9.648    1580.000       0.000    0.0002    5.374  641.930    6.119  514.570    1.589
  27060.00 0.146     773.980       8.328    1580.000       0.000    0.0002    5.183  595.073    6.638  512.090    1.723
  27120.00 0.142     773.608       7.766    1620.000       0.000    0.0002    4.997  565.225    7.125  507.649    1.688
  27180.00 0.138     763.434      11.611    1620.000       0.000    0.0002    4.756  534.325    6.464  501.214    1.659
  27240.00 0.139     759.475       3.468    1580.000       0.000    0.0002    4.347  445.601    5.982  495.252    1.575
  27300.00 0.133     752.454       5.531    1500.000       0.000    0.0002    4.033  437.704    5.354  492.032    1.336
  27360.00 0.140     746.620      11.254    1580.000       0.000    0.0002    3.759  331.305    5.448  488.699    1.329
  27420.00 0.142     750.653      11.924    1580.000       0.000    0.0002    3.507  399.201    5.873  484.311    1.364
  27480.00 0.141     743.045      15.121    1500.000       0.000    0.0002    3.247  407.869    5.433  479.457    1.368
  27540.00 0.142     734.010       8.503    1460.000       0.000    0.0002    3.138  344.538    5.384  475.064    1.149
  27600.00 0.141     737.509       6.747    1580.000       0.000    0.0002    3.059  343.567    5.055  473.804    1.229
  27660.00 0.142     733.448       3.552    1500.000       0.000    0.0002    2.992  343.374    4.597  473.317    1.289
  27720.00 0.143     729.041       4.863    1460.000       0.000    0.0002    3.003  264.418    4.857  470.502    1.091
  27780.00 0.150     722.244      20.000    1460.000       0.000    0.0002    3.122  244.992    4.420  468.754    1.065
  27840.00 0.151     726.107       7.044    1540.000       0.000    0.0002    3.240  251.899    3.979  468.141    1.065
  27900.00 0.156     719.625       7.156    1500.000       0.000    0.0002    3.378  257.534    4.123  466.201    1.103
  27960.00 0.159     711.455       4.931    1540.000       0.000    0.0002    3.595  255.213    4.721  465.372    1.098
  28020.00 0.170     718.360       4.748    1500.000       0.000    0.0002    3.831  295.959    5.244  468.177    1.180
  28080.00 0.160     715.389       8.947    1540.000       0.000    0.0002    4.175  339.990    6.155  471.947    1.282
  28140.00 0.162     715.445      11.131    1620.000       0.000    0.0002    4.652  404.170    6.522  474.256    1.319
  28200.00 0.163     714.910       9.521    1580.000       0.000    0.0002    5.129  525.289    6.657  476.717    1.454
  28260.00 0.162     726.184       3.861    1500.000       0.000    0.0002    5.594  553.370    6.235  480.385    1.307
  28320.00 0.166     734.655      11.131    1500.000       0.000    0.0002    6.170  460.079    6.330  486.110    1.520
  28380.00 0.172     747.422       8.442    1580.000       0.000    0.0002    6.797  561.567    7.516  493.970    1.608
  28440.00 0.176     745.000       4.861    1460.000       0.000    0.0002    7.397  640.601    7.566  501.308    1.766
  28500.00 0.173     754.936      12.419    1540.000       0.000    0.0002    7.866  693.454    7.082  506.863    1.798
  28560.00 0.176     759.527       0.918    1620.000       0.000    0.0002    8.095  588.561    6.245  510.273    1.519
  28620.00 0.172     776.080       1.449    1660.000       0.000    0.0002    7.844  446.881    6.582  511.602    1.572
  28680.00 0.168     782.671       9.811    1620.000       0.000    0.0002    7.456  545.554    7.414  512.677    1.487
  28740.00 0.168     778.723       8.940    1620.000       0.000    0.0002    7.215  571.200    7.147  513.970    1.600
  28800.00 0.165     765.481       4.830    1580.000       0.000    0.0002    7.011  567.457    7.012  512.890    1.785
