#  time      cc     z_cbase    z_ctop_avg  z_ctop_max      zi         we   <<ql>>  <<ql>>_max   w_max   tke     ql_max
     60.00 0.000       0.000       0.000       0.000       0.000    0.0002    0.000    0.000    0.190  616.632    0.000
    120.00 0.000       0.000       0.000       0.000       0.000    0.0002    0.000    0.000    0.287  417.117    0.000
    180.00 0.000       0.000       0.000       0.000       0.000    0.0002    0.000    0.000    0.314  300.178    0.000
    240.00 0.000       0.000       0.000       0.000       0.000    0.0002    0.000    0.000    0.304  225.850    0.000
    300.00 0.000       0.000       0.000       0.000       0.000    0.0002    0.000    0.000    0.238  176.623    0.000
    360.00 0.000       0.000       0.000       0.000       0.000    0.0002    0.000    0.000    0.276  143.448    0.000
    420.00 0.000       0.000       0.000       0.000       0.000    0.0002    0.000    0.000    0.305  121.181    0.000
    480.00 0.000       0.000       0.000       0.000       0.000    0.0002    0.000    0.000    0.327  105.778    0.000
    540.00 0.000       0.000       0.000       0.000       0.000    0.0002    0.000    0.000    0.356   93.958    0.000
    600.00 0.000       0.000       0.000       0.000       0.000    0.0002    0.000    0.000    0.444   84.667    0.000
    660.00 0.000       0.000       0.000       0.000       0.000    0.0002    0.000    0.000    0.546   78.086    0.000
    720.00 0.000       0.000       0.000       0.000       0.000    0.0002    0.000    0.000    0.607   73.766    0.000
    780.00 0.000       0.000       0.000       0.000       0.000    0.0002    0.000    0.000    0.617   70.960    0.000
    840.00 0.000       0.000       0.000       0.000       0.000    0.0002    0.000    0.000    0.618   69.173    0.000
    900.00 0.000       0.000       0.000       0.000       0.000    0.0002    0.000    0.000    0.730   67.959    0.000
    960.00 0.000       0.000       0.000       0.000       0.000    0.0002    0.000    0.000    0.777   67.344    0.000
   1020.00 0.000       0.000       0.000       0.000       0.000    0.0002    0.000    0.000    0.746   67.792    0.000
   1080.00 0.000       0.000       0.000       0.000       0.000    0.0002    0.000    0.000    0.751   69.314    0.000
   1140.00 0.000       0.000       0.000       0.000       0.000    0.0002    0.000    0.000    0.877   71.548    0.000
   1200.00 0.001     566.667       0.000     580.000       0.000    0.0002    0.000    0.326    0.993   74.459    0.007
   1260.00 0.001     580.000       0.000     580.000       0.000    0.0002    0.002    3.583    1.072   78.203    0.080
   1320.00 0.003     568.571       0.000     580.000       0.000    0.0002    0.008    5.780    1.091   82.900    0.086
   1380.00 0.009     567.429      15.429     580.000       0.000    0.0002    0.022    9.240    1.250   88.740    0.119
   1440.00 0.015     564.918       0.000     660.000       0.000    0.0002    0.051   14.124    1.362   95.800    0.205
   1500.00 0.026     566.667      11.048     660.000       0.000    0.0002    0.109   25.415    1.546  103.978    0.273
   1560.00 0.044     565.635       0.000     660.000       0.000    0.0002    0.212   42.604    1.904  113.256    0.427
   1620.00 0.058     565.607       8.117     660.000       0.000    0.0002    0.382   64.609    2.072  123.648    0.529
   1680.00 0.076     566.881       3.987     660.000       0.000    0.0002    0.628   98.711    2.783  135.073    0.684
   1740.00 0.090     569.189      11.405     700.000       0.000    0.0002    0.966  126.441    3.047  147.408    0.783
   1800.00 0.107     569.364       5.182     740.000       0.000    0.0002    1.419  160.465    3.257  160.487    0.826
   1860.00 0.126     570.656       3.591     780.000       0.000    0.0002    1.977  166.827    3.478  174.016    0.877
   1920.00 0.137     571.687       7.993     820.000       0.000    0.0002    2.634  216.110    3.310  187.787    0.895
   1980.00 0.149     574.902       2.157     860.000       0.000    0.0002    3.379  236.555    3.752  201.609    0.887
   2040.00 0.161     577.273       3.758     900.000       0.000    0.0002    4.151  281.487    4.195  215.053    0.945
   2100.00 0.169     580.692       3.516    1300.000       0.000    0.0002    4.900  308.427    4.206  227.690    0.971
   2160.00 0.177     586.022       7.072    1300.000       0.000    0.0002    5.645  361.410    4.268  239.206    1.273
   2220.00 0.180     590.122      11.177    1300.000       0.000    0.0002    6.261  419.783    4.568  248.969    1.260
   2280.00 0.190     598.612       9.126    1340.000       0.000    0.0002    6.766  463.679    4.540  256.688    1.311
   2340.00 0.193     603.485       4.697    1380.000       0.000    0.0002    7.089  510.454    4.876  262.462    1.344
   2400.00 0.194     604.414       7.768    1380.000       0.000    0.0002    7.320  507.064    4.924  266.473    1.547
   2460.00 0.193     608.506      10.557    1340.000       0.000    0.0002    7.437  534.962    5.149  268.232    1.632
   2520.00 0.190     614.955       5.045    1380.000       0.000    0.0002    7.335  475.196    5.033  266.988    1.360
   2580.00 0.184     616.927       8.424    1420.000       0.000    0.0002    6.959  435.575    4.637  263.197    1.288
   2640.00 0.188     626.174       7.367    1420.000       0.000    0.0002    6.429  452.589    4.458  258.319    0.988
   2700.00 0.185     626.235       8.613    1460.000       0.000    0.0002    5.853  432.637    4.277  252.707    1.066
   2760.00 0.179     622.565       7.203    1420.000       0.000    0.0002    5.379  442.303    4.005  246.227    1.101
   2820.00 0.168     622.090       6.647    1380.000       0.000    0.0002    5.061  533.006    4.127  239.241    1.047
   2880.00 0.159     621.354      10.185    1420.000       0.000    0.0002    4.814  611.966    4.248  231.907    1.213
   2940.00 0.153     627.018       6.061    1420.000       0.000    0.0002    4.603  617.461    4.427  224.697    1.159
   3000.00 0.146     629.112      10.084    1380.000       0.000    0.0002    4.419  607.017    3.894  218.487    1.058
   3060.00 0.140     633.427       7.378    1420.000       0.000    0.0002    4.195  656.536    3.961  213.431    1.365
   3120.00 0.135     639.964      11.135    1460.000       0.000    0.0002    3.872  626.694    4.342  208.540    1.446
   3180.00 0.136     648.694      14.419    1380.000       0.000    0.0002    3.429  517.100    3.888  202.988    1.209
   3240.00 0.130     649.398       6.579    1420.000       0.000    0.0002    2.934  370.673    3.994  197.258    1.280
   3300.00 0.121     644.677       6.210    1460.000       0.000    0.0002    2.518  376.063    3.841  192.204    0.960
   3360.00 0.121     649.274       5.000    1300.000       0.000    0.0002    2.170  338.845    2.962  187.727    0.756
   3420.00 0.115     644.648       6.695    1340.000       0.000    0.0002    1.919  286.791    2.847  183.634    0.783
   3480.00 0.110     631.022       2.844    1340.000       0.000    0.0002    1.816  245.167    2.828  179.987    0.826
   3540.00 0.105     630.791       4.512    1300.000       0.000    0.0002    1.779  212.441    3.335  176.817    0.860
   3600.00 0.104     621.780       9.368    1340.000       0.000    0.0002    1.746  240.453    3.218  174.334    0.928
   3660.00 0.103     625.036       7.173    1340.000       0.000    0.0002    1.711  278.682    3.165  172.764    0.797
   3720.00 0.103     619.429       8.762    1300.000       0.000    0.0002    1.732  314.603    3.395  172.027    1.127
   3780.00 0.105     626.204       5.463    1300.000       0.000    0.0002    1.775  323.667    4.166  171.494    1.371
   3840.00 0.105     620.000       9.116    1300.000       0.000    0.0002    1.779  331.933    4.432  170.725    1.371
   3900.00 0.104     627.153       7.482    1300.000       0.000    0.0002    1.733  361.878    3.769  169.838    1.044
   3960.00 0.097     618.396      10.226    1300.000       0.000    0.0002    1.668  347.544    3.431  169.439    0.811
   4020.00 0.099     616.642       4.494    1300.000       0.000    0.0002    1.635  310.991    2.746  169.856    0.839
   4080.00 0.093     610.421       7.053    1300.000       0.000    0.0002    1.652  245.609    2.965  170.384    0.803
   4140.00 0.094     614.508       3.109    1300.000       0.000    0.0002    1.674  237.977    2.970  170.593    0.941
   4200.00 0.095     610.412       6.701    1380.000       0.000    0.0002    1.693  251.262    3.153  170.772    0.942
   4260.00 0.100     612.409       6.034    1300.000       0.000    0.0002    1.722  238.987    2.754  171.329    0.990
   4320.00 0.101     618.747       5.880    1300.000       0.000    0.0002    1.759  198.741    2.750  172.493    0.886
   4380.00 0.105     614.233       6.233    1300.000       0.000    0.0002    1.826  197.008    3.538  174.126    0.774
   4440.00 0.108     616.916       9.977    1300.000       0.000    0.0002    1.953  223.235    3.723  176.014    0.836
   4500.00 0.109     614.631       6.846    1300.000       0.000    0.0002    2.171  267.609    3.868  178.154    1.004
   4560.00 0.114     609.614       4.077    1300.000       0.000    0.0002    2.448  323.747    4.254  180.531    0.970
   4620.00 0.114     605.353       6.638    1300.000       0.000    0.0002    2.742  375.784    3.935  182.884    1.125
   4680.00 0.120     610.488       5.691    1380.000       0.000    0.0002    2.997  406.568    3.876  185.320    1.286
   4740.00 0.117     616.167       2.750    1340.000       0.000    0.0002    3.233  452.558    4.442  188.016    1.239
   4800.00 0.122     622.560       5.840    1300.000       0.000    0.0002    3.453  524.521    5.004  190.835    1.313
   4860.00 0.125     622.348       7.123    1340.000       0.000    0.0002    3.604  585.791    5.135  193.704    1.282
   4920.00 0.128     619.619       5.981    1420.000       0.000    0.0002    3.734  555.707    4.669  196.247    1.466
   4980.00 0.125     617.412       5.843    1500.000       0.000    0.0002    3.820  525.034    4.604  198.856    1.481
   5040.00 0.124     612.377       8.173    1300.000       0.000    0.0002    3.876  455.866    5.261  201.000    1.371
   5100.00 0.129     613.358      14.075    1340.000       0.000    0.0002    3.863  552.112    5.772  202.895    1.609
   5160.00 0.127     610.250       4.760    1300.000       0.000    0.0002    3.918  644.135    5.560  205.041    1.671
   5220.00 0.125     617.899       6.420    1420.000       0.000    0.0002    4.005  600.097    4.270  206.542    1.096
   5280.00 0.127     616.000      14.769    1340.000       0.000    0.0002    4.118  509.714    4.411  208.174    1.190
   5340.00 0.130     613.371       7.872    1300.000       0.000    0.0002    4.208  432.929    4.306  209.907    1.211
   5400.00 0.131     615.688       8.810    1340.000       0.000    0.0002    4.242  422.655    4.633  210.892    1.134
   5460.00 0.134     619.127       1.055    1420.000       0.000    0.0002    4.333  365.683    4.333  211.755    1.033
   5520.00 0.139     624.640       8.330    1500.000       0.000    0.0002    4.433  305.962    4.182  212.849    0.963
   5580.00 0.143     626.416      10.819    1300.000       0.000    0.0002    4.527  308.930    3.722  214.168    0.978
   5640.00 0.139     627.100       7.768    1340.000       0.000    0.0002    4.601  326.041    4.349  215.975    1.063
   5700.00 0.141     628.750       5.590    1380.000       0.000    0.0002    4.697  386.751    4.158  218.181    1.168
   5760.00 0.140     628.223      10.523    1340.000       0.000    0.0002    4.769  430.133    4.938  219.812    1.134
   5820.00 0.144     635.442       3.299    1380.000       0.000    0.0002    4.808  478.954    4.459  220.697    1.101
   5880.00 0.141     641.938       7.439    1380.000       0.000    0.0002    4.822  519.025    5.273  222.027    1.439
   5940.00 0.139     644.225       7.993    1340.000       0.000    0.0002    4.794  516.980    5.776  223.796    1.306
   6000.00 0.136     644.258       7.120    1340.000       0.000    0.0002    4.700  607.882    5.374  225.103    1.381
   6060.00 0.135     639.024       4.774    1380.000       0.000    0.0002    4.528  657.323    5.040  225.605    1.280
   6120.00 0.133     640.952      10.220    1420.000       0.000    0.0002    4.288  630.472    4.148  225.959    1.213
   6180.00 0.128     638.631       6.160    1460.000       0.000    0.0002    4.106  556.180    4.024  226.310    1.312
   6240.00 0.131     645.597       5.970    1460.000       0.000    0.0002    3.960  486.699    4.337  225.852    1.152
   6300.00 0.134     638.175      11.168    1460.000       0.000    0.0002    3.835  493.275    4.514  224.770    1.382
   6360.00 0.130     640.942      10.395    1460.000       0.000    0.0002    3.767  431.657    4.622  224.298    1.117
   6420.00 0.131     638.060       9.925    1420.000       0.000    0.0002    3.817  480.793    4.365  224.625    1.024
   6480.00 0.126     637.398       9.942    1420.000       0.000    0.0002    3.985  509.575    3.756  225.818    1.122
   6540.00 0.129     639.318       7.841    1340.000       0.000    0.0002    4.283  483.832    4.553  227.981    1.250
   6600.00 0.134     638.282       8.446    1340.000       0.000    0.0002    4.640  515.524    5.330  231.150    1.411
   6660.00 0.139     640.738       8.928    1300.000       0.000    0.0002    5.005  579.629    6.235  235.096    1.453
   6720.00 0.139     631.489       4.273    1420.000       0.000    0.0002    5.352  715.692    5.167  239.570    1.458
   6780.00 0.143     638.976       6.109    1420.000       0.000    0.0002    5.704  797.311    5.874  244.448    1.627
   6840.00 0.135     638.450       2.595    1500.000       0.000    0.0002    6.088  829.934    6.281  248.859    1.726
   6900.00 0.136     643.094       8.094    1500.000       0.000    0.0002    6.316  792.247    5.502  251.833    1.391
   6960.00 0.138     650.780       7.943    1580.000       0.000    0.0002    6.387  757.785    5.614  255.777    1.533
   7020.00 0.133     646.838       2.426    1540.000       0.000    0.0002    6.517  741.655    6.538  262.101    1.578
   7080.00 0.134     650.786       5.558    1540.000       0.000    0.0002    6.662  963.254    8.591  267.362    1.963
   7140.00 0.137     645.857      14.036    1540.000       0.000    0.0002    6.659 1122.574    8.784  269.640    2.179
   7200.00 0.131     642.677       3.086    1940.000       0.000    0.0002    6.620 1055.478    5.769  269.856    1.836
   7260.00 0.132     646.322       9.279    1940.000       0.000    0.0002    6.634 1027.318    6.048  271.417    1.851
   7320.00 0.135     653.056       6.908    1660.000       0.000    0.0002    6.540  867.751    5.500  274.790    1.600
   7380.00 0.129     643.321      12.377    1660.000       0.000    0.0002    6.414  933.410    7.352  279.017    1.682
   7440.00 0.129     637.618       5.520    1620.000       0.000    0.0002    6.517 1097.172    5.825  280.073    2.146
   7500.00 0.129     643.440       4.839    1940.000       0.000    0.0002    6.750  893.423    5.168  279.086    1.556
   7560.00 0.133     643.927      14.422    1580.000       0.000    0.0002    7.156  776.784    5.520  284.240    1.806
   7620.00 0.128     634.837       2.600    1460.000       0.000    0.0002    7.647  831.089    5.758  292.735    1.793
   7680.00 0.129     630.264      17.698    1580.000       0.000    0.0002    8.260  811.562    6.080  297.933    1.515
   7740.00 0.136     638.032       6.333    1540.000       0.000    0.0002    8.724  966.661    7.140  302.053    1.775
   7800.00 0.134     634.625       2.194    1460.000       0.000    0.0002    8.893 1124.987    6.979  306.191    2.350
   7860.00 0.137     643.957       9.982    1940.000       0.000    0.0002    8.799 1061.278    7.574  306.478    3.207
   7920.00 0.137     649.786       7.036    1940.000       0.000    0.0002    8.483  851.818    5.365  305.451    2.293
   7980.00 0.136     648.705       1.043    1940.000       0.000    0.0002    8.026  922.829    5.148  308.782    2.442
   8040.00 0.137     651.429       8.464    1540.000       0.000    0.0002    7.588  805.374    4.814  313.153    1.606
   8100.00 0.140     659.092       7.853    1540.000       0.000    0.0002    7.303  678.837    4.432  309.820    1.719
   8160.00 0.140     658.467       8.676    1540.000       0.000    0.0002    7.108  563.580    5.296  305.479    1.395
   8220.00 0.141     670.519      14.464    1580.000       0.000    0.0002    7.102  688.320    5.939  308.940    1.509
   8280.00 0.144     669.847       7.844    1500.000       0.000    0.0002    7.422  995.350    7.303  314.869    1.789
   8340.00 0.145     663.160       5.345    1420.000       0.000    0.0002    8.017 1193.814    7.314  318.353    2.161
   8400.00 0.136     658.495      14.373    1940.000       0.000    0.0002    8.558 1178.895    7.473  320.719    2.709
   8460.00 0.130     656.848       8.068    1940.000       0.000    0.0002    8.660 1033.854    6.814  322.303    2.276
   8520.00 0.130     655.714       9.173    1940.000       0.000    0.0002    8.330 1034.617    5.702  322.272    2.122
   8580.00 0.136     668.301       2.147    1940.000       0.000    0.0002    7.748  757.938    5.060  324.673    1.470
   8640.00 0.138     688.865      13.298    1580.000       0.000    0.0002    7.342  698.026    4.621  327.486    1.279
   8700.00 0.134     677.843       3.729    1500.000       0.000    0.0002    6.992  758.983    5.018  325.584    1.513
   8760.00 0.140     675.679       6.446    1580.000       0.000    0.0002    6.841  744.837    5.330  322.383    1.854
   8820.00 0.135     656.396       6.559    1500.000       0.000    0.0002    6.803  711.599    6.329  320.933    1.767
   8880.00 0.141     657.569       8.229    1620.000       0.000    0.0002    6.789  723.739    5.845  320.651    1.726
   8940.00 0.141     648.631       6.205    1460.000       0.000    0.0002    6.818  812.733    5.354  320.332    1.366
   9000.00 0.145     657.437       7.589    1500.000       0.000    0.0002    6.859  885.786    5.619  320.828    1.312
   9060.00 0.147     665.249       8.870    1460.000       0.000    0.0002    6.881  964.348    5.524  322.483    1.367
   9120.00 0.147     657.409       5.150    1500.000       0.000    0.0002    6.873  857.931    5.974  323.754    1.630
   9180.00 0.150     659.478       7.602    1500.000       0.000    0.0002    6.715  733.383    6.466  322.838    1.667
   9240.00 0.150     661.886       9.528    1460.000       0.000    0.0002    6.542  832.831    7.028  321.203    1.812
   9300.00 0.149     667.594       7.758    1780.000       0.000    0.0002    6.295  845.456    6.559  318.663    1.814
   9360.00 0.146     666.376       4.027    1540.000       0.000    0.0002    6.022  778.606    6.352  316.437    1.552
   9420.00 0.146     661.200       9.400    1460.000       0.000    0.0002    5.800  748.492    7.295  315.602    1.638
   9480.00 0.152     666.987       3.494    1500.000       0.000    0.0002    5.707  745.422    5.672  316.963    1.391
   9540.00 0.148     663.107       7.901    1500.000       0.000    0.0002    5.798  578.414    6.320  318.277    1.393
   9600.00 0.143     665.128       9.607    1460.000       0.000    0.0002    6.080  654.356    5.596  317.936    1.664
   9660.00 0.139     668.912       5.263    1460.000       0.000    0.0002    6.432  679.249    5.982  317.425    1.811
   9720.00 0.137     660.998       6.203    1580.000       0.000    0.0002    6.775  815.573    6.139  320.423    1.517
   9780.00 0.138     659.363       4.319    1420.000       0.000    0.0002    7.140  961.107    6.542  324.743    1.558
   9840.00 0.140     658.951       6.783    1500.000       0.000    0.0002    7.359 1018.757    7.019  328.305    1.821
   9900.00 0.143     656.661       8.995    1580.000       0.000    0.0002    7.399 1225.835    6.064  331.079    1.983
   9960.00 0.146     664.288       5.260    1940.000       0.000    0.0002    7.384 1141.009    6.556  331.397    1.780
  10020.00 0.140     664.825       7.098    1700.000       0.000    0.0002    7.386 1034.403    4.750  331.282    1.501
  10080.00 0.142     676.014       6.976    1420.000       0.000    0.0002    7.354  867.753    5.525  332.458    1.545
  10140.00 0.143     665.997       8.041    1460.000       0.000    0.0002    7.156  596.476    5.229  333.266    1.328
  10200.00 0.138     665.816       9.220    1540.000       0.000    0.0002    6.990  695.469    5.938  333.687    1.433
  10260.00 0.135     661.949       9.422    1540.000       0.000    0.0002    6.887  752.529    5.914  333.710    1.575
  10320.00 0.145     667.825       4.857    1500.000       0.000    0.0002    6.711  654.669    6.008  332.565    1.565
  10380.00 0.139     665.884       9.107    1460.000       0.000    0.0002    6.422  618.865    6.332  331.490    1.554
  10440.00 0.137     665.429      10.893    1500.000       0.000    0.0002    6.141  786.972    5.845  331.659    1.760
  10500.00 0.133     666.606       7.303    1460.000       0.000    0.0002    5.933  848.552    8.319  331.945    1.939
  10560.00 0.135     669.693       4.593    1460.000       0.000    0.0002    5.698  958.713    7.510  331.848    1.597
  10620.00 0.136     650.268       9.517    1500.000       0.000    0.0002    5.539  784.078    5.223  329.729    1.618
  10680.00 0.138     644.184       7.376    1580.000       0.000    0.0002    5.339  791.026    5.148  326.521    1.575
  10740.00 0.142     653.460       6.059    1540.000       0.000    0.0002    5.141  742.559    5.530  325.890    1.511
  10800.00 0.138     654.195       8.389    1500.000       0.000    0.0002    4.970  599.128    6.011  325.098    1.671
  10860.00 0.138     651.237      13.251    1500.000       0.000    0.0002    4.791  662.497    5.155  321.514    1.379
  10920.00 0.138     655.894       4.531    1580.000       0.000    0.0002    4.712  561.467    5.238  318.563    1.257
  10980.00 0.138     657.234       3.369    1460.000       0.000    0.0002    4.718  501.357    4.941  318.028    1.255
  11040.00 0.132     666.444       4.889    1500.000       0.000    0.0002    4.745  448.115    4.771  316.937    1.235
  11100.00 0.132     667.528       5.867    1500.000       0.000    0.0002    4.792  490.695    5.335  316.860    1.289
  11160.00 0.132     670.203       2.403    1500.000       0.000    0.0002    4.878  582.340    5.637  318.399    1.465
  11220.00 0.131     677.720       5.794    1460.000       0.000    0.0002    4.919  652.994    5.571  319.926    1.423
  11280.00 0.132     671.111       9.148    1460.000       0.000    0.0002    4.872  785.648    5.639  320.076    1.423
  11340.00 0.133     682.173       3.425    1460.000       0.000    0.0002    4.764  800.915    5.892  320.212    1.460
  11400.00 0.134     674.845       5.887    1540.000       0.000    0.0002    4.618  742.460    5.481  320.180    1.439
  11460.00 0.133     673.849      10.645    1460.000       0.000    0.0002    4.367  618.594    5.561  317.966    1.816
  11520.00 0.131     677.869      12.561    1540.000       0.000    0.0002    3.981  530.582    4.990  314.324    1.893
  11580.00 0.128     677.643       3.460    1460.000       0.000    0.0002    3.496  545.352    5.436  311.340    1.240
  11640.00 0.126     667.922      11.689    1500.000       0.000    0.0002    3.091  552.229    6.048  309.547    1.319
  11700.00 0.118     643.734       3.776    1420.000       0.000    0.0002    2.881  540.263    4.391  307.432    1.001
  11760.00 0.112     649.869       9.913    1460.000       0.000    0.0002    2.806  394.154    4.400  304.446    1.004
  11820.00 0.115     653.983      11.822    1420.000       0.000    0.0002    2.808  300.183    4.735  302.979    1.058
  11880.00 0.117     642.620       8.316    1460.000       0.000    0.0002    2.887  334.045    4.824  302.948    1.120
  11940.00 0.122     641.876       4.032    1340.000       0.000    0.0002    3.059  367.210    5.001  303.652    1.192
  12000.00 0.123     636.349       4.008    1340.000       0.000    0.0002    3.305  460.879    5.074  305.082    1.148
  12060.00 0.128     638.550       5.649    1580.000       0.000    0.0002    3.570  498.972    5.045  306.632    1.274
  12120.00 0.133     645.441       9.044    1340.000       0.000    0.0002    3.873  461.833    5.120  308.023    1.271
  12180.00 0.131     642.654       9.570    1460.000       0.000    0.0002    4.200  477.903    6.254  310.927    1.424
  12240.00 0.137     642.989       7.224    1420.000       0.000    0.0002    4.607  586.107    6.929  316.574    1.601
  12300.00 0.134     638.506       8.124    1380.000       0.000    0.0002    5.052  717.859    7.681  321.659    2.081
  12360.00 0.135     641.766       7.495    1300.000       0.000    0.0002    5.422  859.261    7.782  324.688    1.878
  12420.00 0.136     648.336      12.415    1380.000       0.000    0.0002    5.723  845.039    6.730  327.073    1.912
  12480.00 0.139     655.493       6.021    1540.000       0.000    0.0002    5.851  723.258    5.753  329.301    1.730
  12540.00 0.139     663.023       1.828    1540.000       0.000    0.0002    5.836  540.692    5.389  332.722    1.421
  12600.00 0.130     669.906       3.640    1500.000       0.000    0.0002    5.936  586.589    6.925  338.001    1.462
  12660.00 0.127     661.618      11.252    1540.000       0.000    0.0002    6.211  743.383    7.002  344.017    1.564
  12720.00 0.129     663.939       9.886    1460.000       0.000    0.0002    6.530  836.126    6.943  350.373    1.944
  12780.00 0.130     672.509       7.865    1460.000       0.000    0.0002    6.983  859.003    7.283  355.937    1.855
  12840.00 0.123     665.317       6.111    1940.000       0.000    0.0002    7.564 1023.486    8.401  363.404    2.160
  12900.00 0.124     675.433       9.646    1940.000       0.000    0.0002    7.824 1278.624    9.710  372.904    2.350
  12960.00 0.125     659.061       7.397    1940.000       0.000    0.0002    7.769 1553.852   11.160  377.424    2.354
  13020.00 0.128     660.076       5.496    1940.000       0.000    0.0002    7.380 1556.867    9.376  374.966    2.486
  13080.00 0.129     652.906       7.698    1980.000       0.000    0.0002    6.711 1208.022    7.316  374.715    1.931
  13140.00 0.134     658.982       5.091    1940.000       0.000    0.0002    6.158 1094.172    6.150  379.891    1.807
  13200.00 0.134     660.000       2.259    1580.000       0.000    0.0002    5.720 1135.646    6.510  377.509    1.639
  13260.00 0.133     658.899      10.642    1540.000       0.000    0.0002    5.487  966.521    6.439  367.497    1.672
  13320.00 0.134     653.588       8.889    1580.000       0.000    0.0002    5.402 1017.507    7.477  363.763    1.833
  13380.00 0.134     646.569       6.277    1460.000       0.000    0.0002    5.466  949.003    8.487  365.814    1.737
  13440.00 0.137     657.011       3.737    1660.000       0.000    0.0002    5.614 1010.418    7.791  367.516    1.654
  13500.00 0.135     659.928      13.405    1660.000       0.000    0.0002    5.896 1165.344    7.930  370.666    1.742
  13560.00 0.142     662.680      16.701    1660.000       0.000    0.0002    6.337 1089.071    7.572  375.709    2.074
  13620.00 0.142     651.065       3.333    1540.000       0.000    0.0002    6.924 1343.540    7.826  381.958    1.939
  13680.00 0.134     656.145      11.055    1940.000       0.000    0.0002    7.393 1642.373    7.955  388.723    2.247
  13740.00 0.138     644.127       6.561    1940.000       0.000    0.0002    7.627 1803.290    8.612  391.945    2.974
  13800.00 0.138     640.035       7.044    1940.000       0.000    0.0002    7.561 1778.654    7.333  392.031    2.306
  13860.00 0.140     646.620       9.024    1940.000       0.000    0.0002    7.387 1526.133    6.682  397.714    2.022
  13920.00 0.145     652.095       5.777    1940.000       0.000    0.0002    7.106 1260.388    5.448  403.322    2.152
  13980.00 0.140     656.313       4.243    1940.000       0.000    0.0002    6.607 1042.502    7.134  402.084    2.091
  14040.00 0.141     662.007       2.353    1940.000       0.000    0.0002    6.153  969.213    6.007  398.676    1.500
  14100.00 0.141     661.451       5.976    1620.000       0.000    0.0002    5.911 1000.850    6.132  394.644    1.516
  14160.00 0.142     668.690       9.966    1620.000       0.000    0.0002    6.052  881.732    7.378  388.804    1.873
  14220.00 0.145     662.155       8.519    1620.000       0.000    0.0002    6.271  983.536    7.311  383.331    1.643
  14280.00 0.153     664.338       7.305    1580.000       0.000    0.0002    6.481 1023.192    7.373  384.398    1.514
  14340.00 0.163     671.976       7.455    1620.000       0.000    0.0002    6.528  877.000    5.841  386.783    1.538
  14400.00 0.168     675.872      10.029    1620.000       0.000    0.0002    6.333  898.214    6.655  384.401    1.769
  14460.00 0.166     683.235       6.206    1540.000       0.000    0.0002    5.842  763.523    5.071  378.302    1.512
  14520.00 0.167     688.338       9.096    1540.000       0.000    0.0002    5.301  545.667    4.666  375.300    1.181
  14580.00 0.169     687.803       5.000    1580.000       0.000    0.0002    4.793  432.406    5.520  373.626    1.262
  14640.00 0.165     688.385       6.904    1500.000       0.000    0.0002    4.463  514.768    6.033  368.884    1.346
  14700.00 0.167     687.778      10.439    1460.000       0.000    0.0002    4.350  474.316    4.922  363.718    1.183
  14760.00 0.164     681.667       6.071    1500.000       0.000    0.0002    4.416  459.737    5.143  362.253    1.304
  14820.00 0.164     681.341       3.577    1500.000       0.000    0.0002    4.660  413.077    5.584  363.643    1.215
  14880.00 0.160     670.581       8.104    1500.000       0.000    0.0002    5.049  510.070    5.976  366.357    1.308
  14940.00 0.158     662.096       6.471    1540.000       0.000    0.0002    5.613  593.769    5.678  371.301    1.347
  15000.00 0.159     667.323       6.523    1580.000       0.000    0.0002    6.288  575.732    6.071  377.832    1.490
  15060.00 0.161     676.121       3.879    1460.000       0.000    0.0002    6.974  628.336    7.547  384.200    1.699
  15120.00 0.162     673.835      11.188    1500.000       0.000    0.0002    7.595  833.933    7.855  390.263    1.949
  15180.00 0.164     679.493       3.756    1500.000       0.000    0.0002    8.068  879.629    6.504  397.202    1.865
  15240.00 0.162     684.592       8.489    1500.000       0.000    0.0002    8.349  969.370    7.855  405.850    2.013
  15300.00 0.163     687.085       9.686    1500.000       0.000    0.0002    8.515 1242.069    7.893  413.392    2.160
  15360.00 0.148     683.168       5.248    1940.000       0.000    0.0002    8.487 1433.534    7.675  417.374    2.496
  15420.00 0.149     679.477       9.575    1940.000       0.000    0.0002    8.335 1525.468    7.383  417.430    2.174
  15480.00 0.147     683.377       2.252    1940.000       0.000    0.0002    8.053 1449.447    6.344  417.476    2.091
  15540.00 0.151     682.710       7.419    1940.000       0.000    0.0002    7.773  987.049    6.443  420.465    1.734
  15600.00 0.145     685.405      10.912    1620.000       0.000    0.0002    7.479  667.396    6.240  423.432    1.549
  15660.00 0.144     674.329      12.632    1540.000       0.000    0.0002    7.434  706.865    7.525  422.520    1.537
  15720.00 0.146     677.200      10.800    1540.000       0.000    0.0002    7.706  851.422    7.233  417.923    1.835
  15780.00 0.141     687.703       7.634    1620.000       0.000    0.0002    8.024 1017.196    7.155  417.440    1.881
  15840.00 0.144     697.619       7.517    1500.000       0.000    0.0002    8.116 1093.397    7.393  420.343    2.133
  15900.00 0.142     695.241       9.966    1940.000       0.000    0.0002    8.067  958.649    6.086  419.556    1.925
  15960.00 0.144     702.910       9.577    1940.000       0.000    0.0002    7.888  807.990    6.278  417.562    1.981
  16020.00 0.139     700.423       5.599    1700.000       0.000    0.0002    7.572  652.038    5.995  417.093    1.617
  16080.00 0.135     695.145       8.623    1580.000       0.000    0.0002    7.125  550.304    6.066  416.441    1.588
  16140.00 0.130     711.536      11.610    1540.000       0.000    0.0002    6.603  642.213    7.759  413.873    1.566
  16200.00 0.125     712.656       8.867    1580.000       0.000    0.0002    6.075  676.932    7.147  410.271    1.495
  16260.00 0.125     710.098       7.828    1460.000       0.000    0.0002    5.670  633.149    5.734  405.872    1.538
  16320.00 0.119     698.604      12.526    1420.000       0.000    0.0002    5.584  682.682    5.530  403.019    1.588
  16380.00 0.117     682.046       9.269    1460.000       0.000    0.0002    5.741  685.831    5.646  402.804    1.617
  16440.00 0.116     685.768       8.379    1460.000       0.000    0.0002    5.955  602.380    6.623  402.367    1.605
  16500.00 0.120     686.531       6.085    1500.000       0.000    0.0002    6.130  569.806    5.956  402.008    1.576
  16560.00 0.117     684.083       8.458    1540.000       0.000    0.0002    6.115  626.657    6.971  403.625    1.537
  16620.00 0.123     698.970      13.188    1540.000       0.000    0.0002    6.023  677.243    7.453  405.616    1.497
  16680.00 0.122     706.786       6.986    1500.000       0.000    0.0002    5.872  650.383    7.069  405.120    1.626
  16740.00 0.131     695.963       7.028    1540.000       0.000    0.0002    5.594  709.552    6.332  402.215    1.800
  16800.00 0.131     688.848      14.238    1460.000       0.000    0.0002    5.200  657.179    5.545  398.947    1.506
  16860.00 0.131     679.290       8.710    1420.000       0.000    0.0002    4.751  640.555    5.517  395.200    1.426
  16920.00 0.134     679.200       0.982    1460.000       0.000    0.0002    4.254  482.538    4.696  391.938    1.066
  16980.00 0.140     688.571       7.666    1500.000       0.000    0.0002    3.674  545.926    4.597  388.488    1.100
  17040.00 0.130     684.841       9.869    1540.000       0.000    0.0002    3.115  446.609    4.320  383.896    1.109
  17100.00 0.126     677.915       8.456    1540.000       0.000    0.0002    2.666  417.497    4.406  378.135    1.073
  17160.00 0.125     675.720       6.693    1540.000       0.000    0.0002    2.462  282.055    5.048  372.995    1.083
  17220.00 0.125     660.863      13.882    1500.000       0.000    0.0002    2.470  314.681    5.118  370.365    1.077
  17280.00 0.125     648.571       9.706    1460.000       0.000    0.0002    2.584  294.286    3.892  370.160    0.878
  17340.00 0.126     654.408       6.408    1420.000       0.000    0.0002    2.738  274.980    4.238  369.687    1.109
  17400.00 0.133     659.339       4.991    1420.000       0.000    0.0002    2.899  370.019    5.026  368.194    1.272
  17460.00 0.131     664.164       6.394    1380.000       0.000    0.0002    3.047  422.190    5.286  367.581    1.330
  17520.00 0.130     673.208      12.345    1460.000       0.000    0.0002    3.168  406.867    5.347  368.710    1.196
  17580.00 0.128     667.878       4.474    1460.000       0.000    0.0002    3.225  345.740    5.128  369.300    1.129
  17640.00 0.125     668.906       5.313    1460.000       0.000    0.0002    3.241  316.967    4.161  368.805    1.048
  17700.00 0.127     677.428       6.411    1420.000       0.000    0.0002    3.200  320.526    4.665  368.829    1.265
  17760.00 0.123     686.243      10.855    1380.000       0.000    0.0002    3.190  393.104    6.275  369.305    1.447
  17820.00 0.117     690.898       5.428    1500.000       0.000    0.0002    3.186  538.705    6.588  369.258    1.499
  17880.00 0.119     687.407       5.679    1420.000       0.000    0.0002    3.265  554.320    6.569  371.139    1.507
  17940.00 0.116     682.194       7.890    1460.000       0.000    0.0002    3.459  702.302    7.870  374.659    1.545
  18000.00 0.116     676.624      14.093    1420.000       0.000    0.0002    3.694  765.613    8.093  376.605    1.802
  18060.00 0.116     676.203      12.025    1460.000       0.000    0.0002    3.744  814.389    6.516  376.570    1.740
  18120.00 0.121     691.192       3.919    1540.000       0.000    0.0002    3.630  703.502    5.749  375.938    1.435
  18180.00 0.122     683.968       9.619    1580.000       0.000    0.0002    3.507  479.441    5.773  377.417    1.209
  18240.00 0.126     678.104       9.400    1540.000       0.000    0.0002    3.530  407.097    5.429  380.291    1.257
  18300.00 0.132     667.407       7.333    1460.000       0.000    0.0002    3.714  464.363    5.682  382.147    1.462
  18360.00 0.139     660.351       9.807    1420.000       0.000    0.0002    4.038  462.155    6.136  383.378    1.345
  18420.00 0.143     657.956      11.175    1460.000       0.000    0.0002    4.431  555.329    6.177  385.695    1.361
  18480.00 0.150     660.065       5.579    1420.000       0.000    0.0002    4.842  599.165    6.060  389.094    1.290
  18540.00 0.158     662.786       3.839    1580.000       0.000    0.0002    5.263  581.366    6.162  393.549    1.617
  18600.00 0.156     663.869       8.799    1460.000       0.000    0.0002    5.708  523.986    6.317  399.130    1.458
  18660.00 0.163     662.451       5.381    1580.000       0.000    0.0002    6.224  568.289    6.828  406.474    1.444
  18720.00 0.167     675.241       8.788    1580.000       0.000    0.0002    6.759  595.227    6.297  413.397    1.463
  18780.00 0.163     671.171       8.709    1460.000       0.000    0.0002    7.446  563.239    6.200  419.418    1.572
  18840.00 0.164     678.687       3.313    1540.000       0.000    0.0002    8.181  577.997    7.265  426.532    1.587
  18900.00 0.169     680.809       6.936    1500.000       0.000    0.0002    8.752  629.513    7.155  434.135    1.503
  18960.00 0.170     692.310       8.350    1500.000       0.000    0.0002    9.181  784.292    7.680  442.616    1.650
  19020.00 0.171     684.080       8.816    1540.000       0.000    0.0002    9.557  847.656    7.728  450.535    1.659
  19080.00 0.169     694.459       7.677    1500.000       0.000    0.0002    9.721  850.554    7.935  456.525    1.669
  19140.00 0.167     696.950      12.933    1540.000       0.000    0.0002    9.699  933.951    7.345  461.040    1.732
  19200.00 0.164     696.119      12.149    1580.000       0.000    0.0002    9.653  930.160    7.919  464.233    2.022
  19260.00 0.166     692.893       9.486    1940.000       0.000    0.0002    9.397  878.555    7.910  465.039    1.791
  19320.00 0.165     687.533       9.129    1500.000       0.000    0.0002    9.093  959.644    6.996  468.141    1.959
  19380.00 0.167     684.890      13.001    1540.000       0.000    0.0002    8.920  928.066    6.634  469.745    1.794
  19440.00 0.168     691.790       9.083    1940.000       0.000    0.0002    8.796  927.783    5.857  467.449    1.582
  19500.00 0.168     686.938       9.057    1580.000       0.000    0.0002    8.750  941.071    6.270  468.415    1.926
  19560.00 0.170     680.172       4.368    1540.000       0.000    0.0002    8.588  865.370    7.806  471.380    1.633
  19620.00 0.169     689.711       3.613    1580.000       0.000    0.0002    8.262 1058.167    8.780  470.779    2.082
  19680.00 0.163     699.219       8.078    1540.000       0.000    0.0002    7.904 1114.996    7.962  467.060    2.027
  19740.00 0.163     705.689      13.443    2020.000       0.000    0.0002    7.518 1327.859    8.112  462.486    2.581
  19800.00 0.162     700.842       7.910    1940.000       0.000    0.0002    7.302 1310.798    7.841  458.879    2.180
  19860.00 0.162     696.391      14.195    2020.000       0.000    0.0002    7.085 1163.307    7.981  457.130    2.013
  19920.00 0.160     706.840       9.191    1940.000       0.000    0.0002    6.995  989.712    6.197  459.317    1.805
  19980.00 0.160     705.967       7.336    1940.000       0.000    0.0002    6.948  709.764    5.649  458.640    1.713
  20040.00 0.164     712.817       9.329    1540.000       0.000    0.0002    6.938  677.441    6.026  453.894    1.434
  20100.00 0.167     712.128       9.417    1580.000       0.000    0.0002    6.818  589.927    4.720  448.491    1.749
  20160.00 0.167     700.175       9.518    1620.000       0.000    0.0002    6.526  520.773    5.102  444.450    1.402
  20220.00 0.170     701.782       6.466    1620.000       0.000    0.0002    6.268  532.068    5.788  441.647    1.418
  20280.00 0.169     701.671      12.709    1580.000       0.000    0.0002    5.857  498.413    5.610  438.348    1.319
  20340.00 0.168     700.174      11.453    1580.000       0.000    0.0002    5.394  485.686    5.265  433.886    1.279
  20400.00 0.162     707.098       6.857    1540.000       0.000    0.0002    4.846  419.923    5.165  429.342    1.065
  20460.00 0.160     699.087       5.997    1540.000       0.000    0.0002    4.401  329.638    4.143  427.067    1.195
  20520.00 0.159     689.169       3.908    1540.000       0.000    0.0002    4.088  274.956    4.092  424.965    1.143
  20580.00 0.149     681.408      12.275    1500.000       0.000    0.0002    3.956  286.781    5.158  422.475    1.417
  20640.00 0.148     679.737      12.697    1420.000       0.000    0.0002    3.918  369.816    6.141  421.386    1.539
  20700.00 0.153     688.581       9.346    1580.000       0.000    0.0002    3.944  358.790    5.012  420.711    1.148
  20760.00 0.155     681.384      11.572    1460.000       0.000    0.0002    4.003  299.380    5.035  418.474    1.097
  20820.00 0.147     687.043       5.183    1460.000       0.000    0.0002    4.051  310.098    4.855  416.656    1.150
  20880.00 0.153     701.086      11.757    1460.000       0.000    0.0002    4.089  278.124    4.517  416.622    1.049
  20940.00 0.157     692.547       3.820    1540.000       0.000    0.0002    4.255  253.794    4.572  417.197    1.173
  21000.00 0.162     697.345       8.839    1460.000       0.000    0.0002    4.489  290.515    5.099  418.562    1.302
  21060.00 0.161     693.222       7.231    1460.000       0.000    0.0002    4.871  417.211    5.578  421.096    1.342
  21120.00 0.162     694.277       9.217    1420.000       0.000    0.0002    5.492  540.500    5.875  425.402    1.375
  21180.00 0.161     694.234       7.466    1460.000       0.000    0.0002    6.216  704.655    6.380  431.472    1.447
  21240.00 0.164     690.030       6.627    1420.000       0.000    0.0002    6.907  813.467    6.490  438.166    1.624
  21300.00 0.162     702.836       6.878    1420.000       0.000    0.0002    7.535  836.373    7.395  442.995    1.752
  21360.00 0.162     706.506      12.771    1540.000       0.000    0.0002    8.012  744.018    5.929  446.336    1.602
  21420.00 0.168     715.371       7.074    1580.000       0.000    0.0002    8.245  522.024    6.211  450.547    1.412
  21480.00 0.167     726.531       7.843    1580.000       0.000    0.0002    8.226  588.076    7.077  455.592    1.630
  21540.00 0.170     733.181      10.115    1540.000       0.000    0.0002    8.084  622.607    6.449  459.575    1.932
  21600.00 0.171     740.571       5.057    1540.000       0.000    0.0002    7.848  650.520    6.995  459.901    1.675
  21660.00 0.163     748.949       8.288    1580.000       0.000    0.0002    7.494  644.839    6.040  458.185    1.720
  21720.00 0.166     742.592       5.773    1500.000       0.000    0.0002    6.936  490.498    5.749  455.037    1.338
  21780.00 0.158     743.827       4.352    1580.000       0.000    0.0002    6.198  450.400    5.753  450.956    1.212
  21840.00 0.161     745.265       5.083    1540.000       0.000    0.0002    5.531  442.738    4.743  446.180    1.272
  21900.00 0.156     733.417       3.166    1580.000       0.000    0.0002    4.910  414.989    5.924  441.216    1.296
  21960.00 0.155     740.379       5.118    1540.000       0.000    0.0002    4.370  323.706    6.301  436.642    1.269
  22020.00 0.146     729.866       6.477    1540.000       0.000    0.0002    4.137  374.779    5.565  433.031    1.114
  22080.00 0.145     716.471      11.630    1460.000       0.000    0.0002    4.177  345.009    5.551  430.541    1.125
  22140.00 0.141     706.944       7.917    1420.000       0.000    0.0002    4.383  380.674    5.817  429.521    1.197
  22200.00 0.139     708.266      10.543    1500.000       0.000    0.0002    4.650  414.276    5.475  429.191    1.383
  22260.00 0.140     709.231       8.392    1540.000       0.000    0.0002    5.012  499.429    6.433  429.981    1.561
  22320.00 0.139     714.246      10.316    1620.000       0.000    0.0002    5.516  713.873    7.016  435.269    1.606
  22380.00 0.141     714.097      11.319    1460.000       0.000    0.0002    6.209  921.021    8.741  444.903    1.877
  22440.00 0.140     715.122      10.070    1500.000       0.000    0.0002    6.977  947.283    7.808  455.823    1.983
  22500.00 0.146     707.267       3.133    1940.000       0.000    0.0002    7.757 1088.963    8.565  466.996    2.240
  22560.00 0.146     708.763       4.615    1940.000       0.000    0.0002    8.565 1147.229    9.275  479.023    2.184
  22620.00 0.144     699.252      10.374    1940.000       0.000    0.0002    9.210 1293.945    9.210  490.957    2.594
  22680.00 0.148     701.911       6.425    1940.000       0.000    0.0002    9.500 1455.772    8.875  496.863    2.976
  22740.00 0.149     703.077       6.187    1940.000       0.000    0.0002    8.976 1400.153    9.295  499.765    2.591
  22800.00 0.156     699.812      10.673    1940.000       0.000    0.0002    7.939 1006.898    7.521  503.458    2.398
  22860.00 0.159     707.754       6.277    1940.000       0.000    0.0002    6.926 1160.171    7.880  506.138    2.075
  22920.00 0.158     720.711      12.056    1940.000       0.000    0.0002    6.221 1338.532    7.714  496.649    1.972
  22980.00 0.154     713.734       4.684    1940.000       0.000    0.0002    5.701 1222.063    6.853  479.307    2.125
  23040.00 0.154     701.717       9.062    1940.000       0.000    0.0002    5.420 1085.647    7.201  474.668    1.761
  23100.00 0.154     696.329      10.665    1940.000       0.000    0.0002    5.247  896.208    6.639  478.011    1.560
  23160.00 0.160     706.829      12.073    1660.000       0.000    0.0002    5.232  804.942    6.134  473.772    1.270
  23220.00 0.163     712.553      11.381    1540.000       0.000    0.0002    5.357  567.614    5.921  463.469    1.301
  23280.00 0.161     719.392       6.474    1500.000       0.000    0.0002    5.565  500.586    6.438  461.037    1.562
  23340.00 0.163     730.885       7.736    1660.000       0.000    0.0002    5.850  664.423    6.727  464.663    1.603
  23400.00 0.158     727.573      16.476    1460.000       0.000    0.0002    6.151  871.082    8.281  467.259    1.951
  23460.00 0.153     732.281      12.823    1580.000       0.000    0.0002    6.302  836.573    6.895  468.019    1.903
  23520.00 0.152     725.577       8.686    1620.000       0.000    0.0002    6.412  632.140    6.505  470.581    1.709
  23580.00 0.151     723.910       9.467    1620.000       0.000    0.0002    6.607  661.471    6.615  475.711    1.528
  23640.00 0.148     724.926       9.289    1500.000       0.000    0.0002    6.903  695.938    7.475  478.508    1.664
  23700.00 0.145     730.857       7.294    1620.000       0.000    0.0002    7.185  635.743    7.173  478.324    1.707
  23760.00 0.148     719.174       4.165    1540.000       0.000    0.0002    7.458  641.968    7.005  478.483    1.677
  23820.00 0.155     730.740       6.425    1540.000       0.000    0.0002    7.428  702.986    7.258  481.058    1.779
  23880.00 0.153     726.433       8.854    1500.000       0.000    0.0002    7.274  583.969    7.444  484.263    1.951
  23940.00 0.156     739.002       8.112    1580.000       0.000    0.0002    7.195  703.644    9.109  489.132    1.632
  24000.00 0.158     737.156      11.221    1500.000       0.000    0.0002    7.315  965.270    9.366  496.621    2.241
  24060.00 0.153     746.699       1.850    1500.000       0.000    0.0002    7.505  977.597    8.181  501.272    1.958
  24120.00 0.160     745.557       9.771    1940.000       0.000    0.0002    7.672  824.707    9.116  500.624    2.295
  24180.00 0.159     744.233       5.859    1940.000       0.000    0.0002    7.736  754.020    6.579  500.574    1.755
  24240.00 0.160     745.321      12.294    1500.000       0.000    0.0002    7.680  637.447    6.697  503.526    2.123
  24300.00 0.167     743.918       6.871    1580.000       0.000    0.0002    7.336  688.786    6.170  500.804    1.842
  24360.00 0.171     749.557      12.647    1620.000       0.000    0.0002    6.646  608.398    5.741  493.833    2.151
  24420.00 0.167     750.147       5.220    1700.000       0.000    0.0002    5.864  454.831    5.445  489.916    1.685
  24480.00 0.164     742.925       4.657    1740.000       0.000    0.0002    5.226  469.342    5.567  487.215    1.345
  24540.00 0.159     745.415       9.231    1700.000       0.000    0.0002    4.802  390.656    5.130  482.794    1.285
  24600.00 0.156     741.319       9.011    1540.000       0.000    0.0002    4.671  359.696    5.013  478.110    1.291
  24660.00 0.160     731.450       5.038    1540.000       0.000    0.0002    4.673  416.583    6.194  475.945    1.446
  24720.00 0.150     729.659       5.854    1620.000       0.000    0.0002    4.680  502.056    6.672  475.049    1.472
  24780.00 0.153     733.163      10.703    1580.000       0.000    0.0002    4.676  568.373    5.857  473.416    1.307
  24840.00 0.156     734.696       8.799    1660.000       0.000    0.0002    4.555  423.092    6.068  471.106    1.593
  24900.00 0.154     740.318       8.680    1580.000       0.000    0.0002    4.280  420.473    6.216  469.164    1.288
  24960.00 0.153     730.735      10.831    1500.000       0.000    0.0002    3.980  411.150    5.485  466.728    1.337
  25020.00 0.156     729.765       4.992    1460.000       0.000    0.0002    3.628  341.237    5.468  463.918    1.242
  25080.00 0.145     723.108       8.480    1580.000       0.000    0.0002    3.509  319.117    4.862  460.392    1.287
  25140.00 0.141     719.167       6.979    1460.000       0.000    0.0002    3.520  288.073    4.348  456.893    1.156
  25200.00 0.141     719.203       9.983    1500.000       0.000    0.0002    3.519  247.942    4.688  454.678    1.046
  25260.00 0.143     724.247       6.267    1500.000       0.000    0.0002    3.640  304.483    4.833  454.181    1.180
  25320.00 0.136     709.517       9.195    1500.000       0.000    0.0002    3.934  438.801    6.906  455.402    1.527
  25380.00 0.143     713.424       4.770    1460.000       0.000    0.0002    4.347  713.960    7.277  459.378    1.790
  25440.00 0.137     706.607       8.348    1460.000       0.000    0.0002    4.960  957.688    8.740  464.047    2.040
  25500.00 0.139     726.596       5.719    1500.000       0.000    0.0002    5.463 1132.166    9.870  466.422    2.166
  25560.00 0.134     724.800       6.218    1940.000       0.000    0.0002    5.888 1187.761    8.722  470.090    2.825
  25620.00 0.137     730.945      15.152    1940.000       0.000    0.0002    6.102 1156.056    7.100  477.659    2.628
  25680.00 0.137     732.585       5.633    1940.000       0.000    0.0002    6.277  889.322    8.055  487.531    2.159
  25740.00 0.140     727.902       9.021    1420.000       0.000    0.0002    6.510 1016.643    9.980  497.906    2.244
  25800.00 0.141     734.097       8.993    1940.000       0.000    0.0002    6.689 1048.664    8.371  499.299    2.319
  25860.00 0.139     720.876       5.709    1940.000       0.000    0.0002    6.694 1020.903    6.722  490.668    2.507
  25920.00 0.142     714.114       5.645    1940.000       0.000    0.0002    6.424  648.996    7.797  490.064    1.707
  25980.00 0.147     717.682      10.132    1580.000       0.000    0.0002    6.166  624.654    8.086  499.744    1.570
  26040.00 0.147     711.325      11.457    1500.000       0.000    0.0002    6.230  660.054    7.509  502.338    1.821
  26100.00 0.149     713.399       9.261    1580.000       0.000    0.0002    6.422  661.321    8.192  497.810    1.950
  26160.00 0.147     718.236       6.522    1940.000       0.000    0.0002    6.597  712.304    8.473  498.662    1.815
  26220.00 0.155     719.371       6.415    1940.000       0.000    0.0002    6.635  699.345    5.914  501.916    1.974
  26280.00 0.153     727.177      11.643    1940.000       0.000    0.0002    6.556  639.982    6.205  500.850    1.445
  26340.00 0.158     731.269       9.288    1540.000       0.000    0.0002    6.452  565.774    6.526  501.420    1.558
  26400.00 0.157     738.567       8.847    1540.000       0.000    0.0002    6.429  619.878    6.516  504.488    1.695
  26460.00 0.158     725.410       6.151    1580.000       0.000    0.0002    6.579  592.771    6.750  506.369    1.663
  26520.00 0.158     731.579       6.625    1540.000       0.000    0.0002    6.862  746.250    7.475  508.656    1.725
  26580.00 0.153     722.548       5.446    1540.000       0.000    0.0002    7.350  983.633    9.009  515.648    1.904
  26640.00 0.153     724.395       9.522    1940.000       0.000    0.0002    7.833 1049.284    8.315  522.695    2.278
  26700.00 0.153     729.073      10.543    1940.000       0.000    0.0002    8.314  965.782    7.487  526.866    2.180
  26760.00 0.154     741.078       8.685    1940.000       0.000    0.0002    8.770  735.970    6.134  535.233    1.823
  26820.00 0.158     754.176       8.968    1940.000       0.000    0.0002    9.116  582.977    6.715  547.518    1.595
  26880.00 0.159     761.868       9.985    1620.000       0.000    0.0002    9.548  562.771    7.036  556.212    1.694
  26940.00 0.162     753.213       8.356    1500.000       0.000    0.0002    9.994  616.892    6.701  558.829    1.551
  27000.00 0.164     762.500       8.274    1540.000       0.000    0.0002   10.381  810.826    6.914  559.863    1.758
  27060.00 0.163     758.263       8.204    1660.000       0.000    0.0002   10.536  984.294    7.542  565.120    2.419
  27120.00 0.170     760.688       5.673    1940.000       0.000    0.0002   10.338 1029.008    8.111  568.803    2.301
  27180.00 0.166     757.647      12.294    1940.000       0.000    0.0002    9.571  970.652    5.860  563.718    1.901
  27240.00 0.174     763.347      12.968    1940.000       0.000    0.0002    8.537  808.065    6.568  556.646    1.764
  27300.00 0.178     764.658      10.137    1940.000       0.000    0.0002    7.683  574.951    5.992  554.588    1.477
  27360.00 0.174     749.114       3.826    1620.000       0.000    0.0002    7.172  801.538    7.729  551.817    1.938
  27420.00 0.167     743.860       9.064    1660.000       0.000    0.0002    6.936  799.960    7.148  546.994    1.741
  27480.00 0.165     731.704       9.837    1580.000       0.000    0.0002    6.999  831.283    7.074  541.378    1.730
  27540.00 0.163     736.946      11.407    1940.000       0.000    0.0002    7.243  660.101    7.039  534.662    1.632
  27600.00 0.169     724.544       8.278    1420.000       0.000    0.0002    7.419  594.241    5.863  530.237    1.499
  27660.00 0.169     731.861       9.033    1540.000       0.000    0.0002    7.467  574.305    5.483  529.008    1.535
  27720.00 0.168     734.593       8.576    1620.000       0.000    0.0002    7.432  578.559    6.112  527.677    1.731
  27780.00 0.165     741.484       8.902    1580.000       0.000    0.0002    7.548  553.076    5.935  524.434    1.429
  27840.00 0.170     749.770      13.046    1460.000       0.000    0.0002    7.669  622.078    6.360  522.938    1.642
  27900.00 0.167     760.555       8.905    1500.000       0.000    0.0002    7.619  735.520    6.513  523.394    1.864
  27960.00 0.172     766.856      10.822    1580.000       0.000    0.0002    7.439  696.394    7.067  524.056    1.836
  28020.00 0.171     762.890       7.353    1580.000       0.000    0.0002    7.133  499.398    6.285  522.905    2.231
  28080.00 0.174     770.364      10.364    1620.000       0.000    0.0002    6.666  399.235    5.870  520.401    1.363
  28140.00 0.178     777.037       9.355    1580.000       0.000    0.0002    6.246  440.107    4.705  517.162    1.425
  28200.00 0.163     763.448       9.565    1540.000       0.000    0.0002    6.039  356.271    5.479  513.712    1.435
  28260.00 0.154     752.975      10.127    1580.000       0.000    0.0002    5.931  346.686    6.354  511.917    1.423
  28320.00 0.158     748.074       4.160    1500.000       0.000    0.0002    5.873  316.970    5.074  511.384    1.139
  28380.00 0.157     739.005       6.874    1580.000       0.000    0.0002    6.059  413.042    5.083  512.859    1.269
  28440.00 0.155     747.646       3.128    1460.000       0.000    0.0002    6.566  580.841    7.061  519.803    1.780
  28500.00 0.152     751.538      10.224    1620.000       0.000    0.0002    7.232  849.224    8.574  530.004    1.847
  28560.00 0.159     743.200      10.800    1580.000       0.000    0.0002    8.064 1091.151   10.033  539.740    2.300
  28620.00 0.159     743.190       5.951    1940.000       0.000    0.0002    8.840 1416.169   11.793  547.068    2.704
  28680.00 0.169     751.983       9.841    1940.000       0.000    0.0002    9.115 1519.094    9.273  549.664    3.039
  28740.00 0.163     758.979       8.589    1940.000       0.000    0.0002    9.134 1118.034    8.652  552.179    2.185
  28800.00 0.165     749.067       5.304    1940.000       0.000    0.0002    8.911 1008.992    7.497  560.762    1.738
