#  time      cc     z_cbase    z_ctop_avg  z_ctop_max      zi         we   <<ql>>  <<ql>>_max   w_max   tke     ql_max
     60.00 0.000       0.000       0.000       0.000       0.000    0.0002    0.000    0.000    0.184  616.608    0.000
    120.00 0.000       0.000       0.000       0.000       0.000    0.0002    0.000    0.000    0.283  417.086    0.000
    180.00 0.000       0.000       0.000       0.000       0.000    0.0002    0.000    0.000    0.315  300.134    0.000
    240.00 0.000       0.000       0.000       0.000       0.000    0.0002    0.000    0.000    0.310  225.803    0.000
    300.00 0.000       0.000       0.000       0.000       0.000    0.0002    0.000    0.000    0.236  176.586    0.000
    360.00 0.000       0.000       0.000       0.000       0.000    0.0002    0.000    0.000    0.285  143.418    0.000
    420.00 0.000       0.000       0.000       0.000       0.000    0.0002    0.000    0.000    0.305  121.147    0.000
    480.00 0.000       0.000       0.000       0.000       0.000    0.0002    0.000    0.000    0.327  105.744    0.000
    540.00 0.000       0.000       0.000       0.000       0.000    0.0002    0.000    0.000    0.387   93.934    0.000
    600.00 0.000       0.000       0.000       0.000       0.000    0.0002    0.000    0.000    0.477   84.655    0.000
    660.00 0.000       0.000       0.000       0.000       0.000    0.0002    0.000    0.000    0.538   78.084    0.000
    720.00 0.000       0.000       0.000       0.000       0.000    0.0002    0.000    0.000    0.570   73.770    0.000
    780.00 0.000       0.000       0.000       0.000       0.000    0.0002    0.000    0.000    0.565   70.972    0.000
    840.00 0.000       0.000       0.000       0.000       0.000    0.0002    0.000    0.000    0.638   69.201    0.000
    900.00 0.000       0.000       0.000       0.000       0.000    0.0002    0.000    0.000    0.694   68.008    0.000
    960.00 0.000       0.000       0.000       0.000       0.000    0.0002    0.000    0.000    0.707   67.421    0.000
   1020.00 0.000       0.000       0.000       0.000       0.000    0.0002    0.000    0.000    0.762   67.912    0.000
   1080.00 0.000       0.000       0.000       0.000       0.000    0.0002    0.000    0.000    0.815   69.484    0.000
   1140.00 0.000     580.000       0.000     580.000       0.000    0.0002    0.000    0.203    0.923   71.766    0.005
   1200.00 0.001     580.000       0.000     580.000       0.000    0.0002    0.001    2.477    1.004   74.732    0.056
   1260.00 0.001     580.000       0.000     580.000       0.000    0.0002    0.004    4.713    1.027   78.550    0.093
   1320.00 0.003     571.429      41.429     580.000       0.000    0.0002    0.010    9.043    1.099   83.345    0.115
   1380.00 0.010     560.000       0.000     660.000       0.000    0.0002    0.022   15.984    1.196   89.326    0.213
   1440.00 0.018     563.467       0.000     660.000       0.000    0.0002    0.057   22.030    1.299   96.579    0.285
   1500.00 0.028     567.586       4.655     660.000       0.000    0.0002    0.126   33.713    1.419  104.980    0.328
   1560.00 0.043     567.886       3.086     660.000       0.000    0.0002    0.233   49.508    1.740  114.512    0.429
   1620.00 0.057     569.106      10.383     740.000       0.000    0.0002    0.399   64.731    1.757  125.215    0.544
   1680.00 0.075     567.532       5.649     660.000       0.000    0.0002    0.656   85.694    2.111  137.036    0.599
   1740.00 0.092     568.254       6.243     820.000       0.000    0.0002    0.997   97.701    2.281  149.884    0.702
   1800.00 0.107     570.685       8.037     860.000       0.000    0.0002    1.438  105.546    2.604  163.568    0.716
   1860.00 0.122     568.938       6.132     900.000       0.000    0.0002    1.980  147.871    3.022  177.799    0.824
   1920.00 0.139     572.632       7.018     980.000       0.000    0.0002    2.611  186.034    3.311  192.211    0.944
   1980.00 0.154     574.612       6.022     980.000       0.000    0.0002    3.319  205.094    3.372  206.507    0.939
   2040.00 0.167     574.461       7.784    1020.000       0.000    0.0002    4.065  221.104    3.571  220.295    0.926
   2100.00 0.176     576.227       4.521    1300.000       0.000    0.0002    4.806  227.733    3.666  233.109    0.993
   2160.00 0.189     580.880       7.270    1300.000       0.000    0.0002    5.518  279.415    3.508  244.526    0.936
   2220.00 0.195     585.350       4.075    1300.000       0.000    0.0002    6.082  280.982    4.209  254.173    1.092
   2280.00 0.205     592.729       9.845    1300.000       0.000    0.0002    6.570  292.819    4.126  261.531    1.272
   2340.00 0.201     597.616       8.491    1340.000       0.000    0.0002    6.918  343.683    4.433  266.336    1.207
   2400.00 0.204     598.708      13.086    1300.000       0.000    0.0002    7.158  375.628    5.263  269.158    1.188
   2460.00 0.205     606.000       8.357    1380.000       0.000    0.0002    7.348  373.034    5.274  270.298    1.186
   2520.00 0.202     603.051       9.298    1300.000       0.000    0.0002    7.431  405.846    4.452  269.427    1.158
   2580.00 0.198     608.163       8.360    1340.000       0.000    0.0002    7.415  418.107    4.036  266.319    1.185
   2640.00 0.198     622.815       4.988    1340.000       0.000    0.0002    7.285  462.741    4.296  261.549    1.227
   2700.00 0.190     625.392       4.878    1300.000       0.000    0.0002    7.076  509.034    4.254  255.973    1.341
   2760.00 0.185     634.214      10.172    1420.000       0.000    0.0002    6.809  465.218    4.302  249.674    1.291
   2820.00 0.175     636.346       6.109    1420.000       0.000    0.0002    6.382  384.303    4.679  242.542    1.327
   2880.00 0.164     640.774       8.393    1420.000       0.000    0.0002    5.915  411.598    4.161  235.599    1.221
   2940.00 0.161     644.327       5.930    1380.000       0.000    0.0002    5.504  519.708    4.373  229.452    1.382
   3000.00 0.158     645.162      12.859    1300.000       0.000    0.0002    5.158  567.062    4.635  223.605    1.256
   3060.00 0.149     650.376       9.198    1340.000       0.000    0.0002    4.721  553.183    4.146  217.523    1.356
   3120.00 0.146     659.128       7.919    1340.000       0.000    0.0002    4.200  357.381    4.165  210.811    1.280
   3180.00 0.138     664.452      11.590    1500.000       0.000    0.0002    3.615  341.020    3.886  204.411    1.036
   3240.00 0.128     675.361       3.840    1500.000       0.000    0.0002    3.097  369.299    4.001  199.427    1.191
   3300.00 0.119     661.066       8.852    1500.000       0.000    0.0002    2.785  443.061    4.329  195.482    1.220
   3360.00 0.114     656.301       9.032    1500.000       0.000    0.0002    2.635  508.385    4.216  192.221    1.163
   3420.00 0.107     654.273       8.409    1300.000       0.000    0.0002    2.506  475.027    4.675  188.988    1.326
   3480.00 0.102     651.599       7.303    1340.000       0.000    0.0002    2.380  415.233    4.256  185.369    1.123
   3540.00 0.098     655.411       6.683    1460.000       0.000    0.0002    2.227  449.089    3.495  182.504    1.061
   3600.00 0.102     658.173       9.038    1420.000       0.000    0.0002    2.063  520.464    3.838  180.802    0.925
   3660.00 0.098     659.200       7.350    1380.000       0.000    0.0002    1.945  583.758    4.488  179.991    1.067
   3720.00 0.093     656.421       5.105    1420.000       0.000    0.0002    1.907  551.354    4.080  179.153    1.030
   3780.00 0.089     655.519       1.803    1300.000       0.000    0.0002    1.908  433.464    3.639  177.526    0.928
   3840.00 0.088     644.290       9.526    1300.000       0.000    0.0002    1.914  389.499    3.922  176.130    1.021
   3900.00 0.088     644.420       3.315    1340.000       0.000    0.0002    1.941  467.666    4.476  175.735    0.940
   3960.00 0.088     637.047      11.476    1340.000       0.000    0.0002    1.994  527.353    4.607  176.001    1.154
   4020.00 0.090     637.500       4.728    1380.000       0.000    0.0002    2.008  530.047    3.996  176.291    1.058
   4080.00 0.088     623.667       5.167    1380.000       0.000    0.0002    1.986  419.312    3.610  176.444    0.908
   4140.00 0.094     623.928       6.925    1300.000       0.000    0.0002    1.968  390.360    3.855  176.685    1.015
   4200.00 0.099     622.074      11.111    1300.000       0.000    0.0002    1.979  334.118    3.776  176.958    0.978
   4260.00 0.103     621.418       2.931    1380.000       0.000    0.0002    1.969  316.324    3.944  177.306    0.953
   4320.00 0.106     621.284       7.110    1380.000       0.000    0.0002    1.973  321.031    3.784  178.206    0.803
   4380.00 0.102     614.368       9.737    1380.000       0.000    0.0002    2.038  307.408    3.559  179.712    0.889
   4440.00 0.104     612.693       5.199    1300.000       0.000    0.0002    2.150  283.594    3.398  181.432    0.863
   4500.00 0.108     612.744       5.714    1300.000       0.000    0.0002    2.258  260.320    3.373  183.162    0.943
   4560.00 0.109     613.214       4.241    1300.000       0.000    0.0002    2.398  264.568    3.535  185.110    0.991
   4620.00 0.115     618.294       2.900    1300.000       0.000    0.0002    2.578  300.543    3.849  187.614    1.024
   4680.00 0.111     618.593       8.571    1460.000       0.000    0.0002    2.764  341.351    4.184  190.885    1.075
   4740.00 0.115     615.074       4.289    1340.000       0.000    0.0002    2.981  408.073    4.699  194.690    1.340
   4800.00 0.115     614.831       3.686    1300.000       0.000    0.0002    3.206  540.694    5.265  198.778    1.465
   4860.00 0.120     611.789       5.691    1300.000       0.000    0.0002    3.465  656.982    5.917  203.145    1.541
   4920.00 0.119     619.424       8.477    1380.000       0.000    0.0002    3.761  703.839    5.894  207.284    1.558
   4980.00 0.117     608.690       3.617    1460.000       0.000    0.0002    4.084  707.249    4.728  210.502    1.274
   5040.00 0.121     614.656      10.324    1340.000       0.000    0.0002    4.415  622.619    4.663  213.378    1.128
   5100.00 0.125     613.230      15.331    1460.000       0.000    0.0002    4.703  492.454    4.919  217.299    1.081
   5160.00 0.132     619.332       8.980    1300.000       0.000    0.0002    5.009  469.866    4.582  221.372    1.183
   5220.00 0.130     619.774       9.774    1340.000       0.000    0.0002    5.275  464.786    4.109  224.523    1.233
   5280.00 0.135     624.541       9.081    1340.000       0.000    0.0002    5.485  532.473    4.094  227.378    1.006
   5340.00 0.139     626.901       3.415    1500.000       0.000    0.0002    5.716  592.982    5.541  231.129    1.318
   5400.00 0.140     626.400       8.765    1420.000       0.000    0.0002    6.014  583.802    5.751  235.329    1.351
   5460.00 0.144     619.865       2.234    1460.000       0.000    0.0002    6.357  622.429    5.726  238.460    1.481
   5520.00 0.147     625.563       7.450    1380.000       0.000    0.0002    6.565  631.256    5.180  241.014    1.328
   5580.00 0.149     626.874       2.160    1460.000       0.000    0.0002    6.767  573.482    5.092  243.475    1.499
   5640.00 0.143     623.754       6.962    1380.000       0.000    0.0002    6.856  608.987    5.364  245.613    1.506
   5700.00 0.145     622.084      12.269    1420.000       0.000    0.0002    6.871  727.051    5.015  247.586    1.534
   5760.00 0.146     623.819       5.863    1420.000       0.000    0.0002    6.887  755.243    4.790  249.105    1.320
   5820.00 0.142     622.272       8.881    1420.000       0.000    0.0002    6.923  704.429    4.759  250.774    1.388
   5880.00 0.140     630.699       8.007    1420.000       0.000    0.0002    6.986  600.853    4.783  253.615    1.200
   5940.00 0.141     637.509       6.332    1420.000       0.000    0.0002    7.002  595.775    5.216  255.960    1.351
   6000.00 0.138     643.292       6.407    1420.000       0.000    0.0002    6.911  599.159    5.501  256.415    1.345
   6060.00 0.137     649.466       2.633    1460.000       0.000    0.0002    6.770  590.379    4.472  256.028    1.339
   6120.00 0.141     653.149      12.491    1380.000       0.000    0.0002    6.478  585.261    4.614  255.231    1.147
   6180.00 0.140     643.386       4.887    1540.000       0.000    0.0002    6.269  605.978    4.374  254.181    1.193
   6240.00 0.136     645.781       7.469    1580.000       0.000    0.0002    6.067  513.144    4.534  253.119    1.094
   6300.00 0.136     647.335       8.694    1420.000       0.000    0.0002    5.915  528.724    4.283  252.029    1.110
   6360.00 0.133     643.883       9.817    1420.000       0.000    0.0002    5.867  533.214    4.356  250.839    1.174
   6420.00 0.135     645.606      12.007    1500.000       0.000    0.0002    5.889  529.970    4.441  250.252    1.252
   6480.00 0.136     642.151       4.516    1500.000       0.000    0.0002    5.803  623.026    4.877  250.634    1.381
   6540.00 0.139     645.919       7.811    1500.000       0.000    0.0002    5.583  648.392    5.576  251.302    1.453
   6600.00 0.142     647.444      10.326    1460.000       0.000    0.0002    5.345  608.435    6.288  251.569    1.440
   6660.00 0.140     642.230      10.976    1460.000       0.000    0.0002    5.169  700.035    6.045  251.170    1.535
   6720.00 0.143     641.397      11.550    1460.000       0.000    0.0002    5.000  722.765    5.011  250.049    1.408
   6780.00 0.141     647.222       4.306    1460.000       0.000    0.0002    4.871  725.880    5.374  249.140    1.394
   6840.00 0.139     646.526       8.035    1380.000       0.000    0.0002    4.790  760.064    4.472  248.186    1.407
   6900.00 0.134     651.782       5.564    1540.000       0.000    0.0002    4.608  669.295    4.365  247.596    1.139
   6960.00 0.134     653.734       9.800    1460.000       0.000    0.0002    4.514  511.255    4.440  247.796    1.140
   7020.00 0.132     642.403       9.427    1420.000       0.000    0.0002    4.494  486.471    4.823  248.090    1.220
   7080.00 0.133     643.266       3.266    1460.000       0.000    0.0002    4.527  552.444    6.416  248.676    1.427
   7140.00 0.135     636.304       7.826    1500.000       0.000    0.0002    4.682  639.949    7.225  250.380    1.814
   7200.00 0.134     638.473      11.455    1340.000       0.000    0.0002    4.861  775.188    5.883  252.080    1.643
   7260.00 0.135     639.458       3.146    1540.000       0.000    0.0002    4.928  856.315    5.733  252.355    1.623
   7320.00 0.134     638.215      10.565    1620.000       0.000    0.0002    4.844  882.217    5.195  252.970    1.548
   7380.00 0.141     648.325       6.459    1540.000       0.000    0.0002    4.704  761.408    4.740  253.960    1.437
   7440.00 0.144     653.831       5.322    1460.000       0.000    0.0002    4.435  488.514    4.441  253.975    1.200
   7500.00 0.144     646.102       9.458    1460.000       0.000    0.0002    4.224  453.494    4.863  254.318    1.101
   7560.00 0.139     650.543       6.900    1460.000       0.000    0.0002    4.050  478.792    4.583  254.157    1.235
   7620.00 0.139     639.332       5.202    1460.000       0.000    0.0002    4.011  566.697    5.017  252.912    1.396
   7680.00 0.138     649.682      11.307    1460.000       0.000    0.0002    4.050  608.970    4.463  252.253    1.099
   7740.00 0.133     640.659       8.828    1500.000       0.000    0.0002    4.171  569.262    4.383  252.928    1.014
   7800.00 0.135     632.731       8.318    1380.000       0.000    0.0002    4.430  470.918    4.875  254.835    1.212
   7860.00 0.131     629.907       5.847    1340.000       0.000    0.0002    4.754  562.680    5.983  257.595    1.306
   7920.00 0.135     632.973       4.505    1500.000       0.000    0.0002    5.164  686.680    6.057  260.859    1.334
   7980.00 0.133     633.284       8.917    1420.000       0.000    0.0002    5.594  748.303    5.065  264.206    1.232
   8040.00 0.137     632.571      11.964    1460.000       0.000    0.0002    6.052  738.420    5.227  268.009    1.573
   8100.00 0.139     639.121       8.225    1460.000       0.000    0.0002    6.511  753.924    5.573  272.875    1.659
   8160.00 0.141     638.238       6.736    1660.000       0.000    0.0002    6.912  814.089    5.840  278.267    1.581
   8220.00 0.140     644.293      12.531    1660.000       0.000    0.0002    7.177  866.679    5.500  282.688    1.749
   8280.00 0.146     654.841       7.370    1540.000       0.000    0.0002    7.233  726.143    5.824  284.947    1.633
   8340.00 0.141     644.429      11.592    1580.000       0.000    0.0002    7.050  690.600    5.972  286.478    1.605
   8400.00 0.140     646.551       9.930    1540.000       0.000    0.0002    6.812  699.267    5.280  289.027    1.359
   8460.00 0.140     648.780      10.348    1500.000       0.000    0.0002    6.611  731.557    5.039  290.358    1.381
   8520.00 0.139     643.958       8.126    1460.000       0.000    0.0002    6.419  697.686    6.079  288.923    1.488
   8580.00 0.142     650.722       7.732    1500.000       0.000    0.0002    6.163  659.443    6.281  287.334    1.824
   8640.00 0.144     663.531       6.180    1580.000       0.000    0.0002    5.727  635.595    5.397  286.376    1.471
   8700.00 0.141     666.170       3.224    1420.000       0.000    0.0002    5.328  709.415    5.820  284.434    1.627
   8760.00 0.142     669.088       6.162    1540.000       0.000    0.0002    4.866  623.400    5.457  280.511    1.957
   8820.00 0.141     662.142       7.047    1580.000       0.000    0.0002    4.505  480.698    4.441  276.606    1.367
   8880.00 0.135     661.802       7.099    1620.000       0.000    0.0002    4.234  397.775    4.404  275.051    1.084
   8940.00 0.136     660.718       9.659    1580.000       0.000    0.0002    4.125  351.202    5.006  274.830    1.122
   9000.00 0.139     658.456       6.281    1500.000       0.000    0.0002    4.081  399.898    5.173  274.447    1.035
   9060.00 0.134     662.706      13.857    1420.000       0.000    0.0002    4.126  504.749    4.872  274.888    1.085
   9120.00 0.138     658.867       8.460    1420.000       0.000    0.0002    4.268  635.100    4.835  275.830    1.159
   9180.00 0.138     659.929       8.854    1380.000       0.000    0.0002    4.405  708.995    6.219  276.626    1.593
   9240.00 0.143     659.044      11.706    1500.000       0.000    0.0002    4.487  688.310    6.534  277.396    1.471
   9300.00 0.142     659.587      12.530    1460.000       0.000    0.0002    4.524  691.812    5.092  278.272    1.339
   9360.00 0.133     659.853       7.868    1500.000       0.000    0.0002    4.486  729.836    4.507  279.315    1.449
   9420.00 0.131     652.150       6.168    1540.000       0.000    0.0002    4.395  666.706    5.411  280.740    1.213
   9480.00 0.133     649.853       3.493    1420.000       0.000    0.0002    4.314  546.757    4.641  280.932    1.229
   9540.00 0.128     643.817       6.641    1380.000       0.000    0.0002    4.331  573.396    4.863  280.466    1.300
   9600.00 0.130     646.215       7.119    1420.000       0.000    0.0002    4.387  657.297    5.190  281.065    1.390
   9660.00 0.128     641.029      11.238    1380.000       0.000    0.0002    4.509  645.044    5.745  283.512    1.426
   9720.00 0.136     644.472       1.932    1500.000       0.000    0.0002    4.745  608.404    5.655  286.410    1.405
   9780.00 0.134     634.672      11.861    1460.000       0.000    0.0002    5.084  608.408    6.092  288.253    1.542
   9840.00 0.137     645.053      10.605    1500.000       0.000    0.0002    5.430  567.048    5.436  289.614    1.272
   9900.00 0.145     651.771       5.160    1500.000       0.000    0.0002    5.710  526.738    5.591  291.957    1.369
   9960.00 0.145     647.205       8.215    1620.000       0.000    0.0002    5.999  604.742    5.049  294.935    1.430
  10020.00 0.146     650.451       4.975    1540.000       0.000    0.0002    6.157  638.492    5.132  297.017    1.400
  10080.00 0.147     660.266       2.193    1500.000       0.000    0.0002    6.260  626.045    5.547  299.063    1.457
  10140.00 0.143     663.425      16.062    1620.000       0.000    0.0002    6.336  671.072    5.954  301.423    1.299
  10200.00 0.141     658.824       8.927    1460.000       0.000    0.0002    6.403  751.848    7.017  304.743    1.577
  10260.00 0.142     653.619      11.938    1420.000       0.000    0.0002    6.578  798.006    5.822  308.482    1.352
  10320.00 0.141     653.542       6.285    1380.000       0.000    0.0002    6.786  728.499    6.421  311.162    1.587
  10380.00 0.146     653.779       6.622    1500.000       0.000    0.0002    6.883  963.267    6.986  312.884    1.853
  10440.00 0.147     651.082      10.083    1420.000       0.000    0.0002    6.807 1068.353    5.862  312.885    1.585
  10500.00 0.149     653.563       5.813    1940.000       0.000    0.0002    6.652  983.731    5.149  312.836    1.353
  10560.00 0.147     651.642       9.884    1660.000       0.000    0.0002    6.434  876.807    4.877  313.568    1.296
  10620.00 0.152     660.129       7.556    1420.000       0.000    0.0002    6.121  722.329    4.739  312.786    1.191
  10680.00 0.146     661.733       8.100    1380.000       0.000    0.0002    5.722  564.891    4.361  310.602    1.186
  10740.00 0.147     668.675       8.808    1540.000       0.000    0.0002    5.464  409.759    5.179  308.446    1.182
  10800.00 0.142     663.580       8.812    1500.000       0.000    0.0002    5.481  510.868    5.712  306.438    1.247
  10860.00 0.140     662.234       3.735    1500.000       0.000    0.0002    5.644  620.637    6.780  305.988    1.602
  10920.00 0.143     660.341      11.550    1380.000       0.000    0.0002    5.875  774.487    6.424  307.959    1.675
  10980.00 0.148     671.118       3.026    1460.000       0.000    0.0002    5.985  836.243    5.861  309.689    1.808
  11040.00 0.147     671.514       8.985    1460.000       0.000    0.0002    5.820  813.417    4.989  309.442    1.866
  11100.00 0.145     673.919       8.446    1500.000       0.000    0.0002    5.467  714.937    5.440  308.781    1.693
  11160.00 0.143     679.556       7.897    1620.000       0.000    0.0002    5.081  633.071    4.630  309.835    1.334
  11220.00 0.143     678.940       6.632    1580.000       0.000    0.0002    4.798  583.151    4.481  308.577    1.216
  11280.00 0.141     673.865      11.265    1580.000       0.000    0.0002    4.618  514.316    4.256  305.729    1.227
  11340.00 0.139     669.877       7.811    1420.000       0.000    0.0002    4.507  445.978    4.537  303.884    1.426
  11400.00 0.139     670.667       5.860    1540.000       0.000    0.0002    4.366  434.415    4.334  301.894    1.171
  11460.00 0.142     673.540       7.285    1460.000       0.000    0.0002    4.153  420.537    4.285  299.957    1.056
  11520.00 0.141     663.674       3.293    1420.000       0.000    0.0002    4.054  345.789    4.135  298.826    1.136
  11580.00 0.142     661.168       7.904    1380.000       0.000    0.0002    4.042  323.962    4.228  297.979    0.975
  11640.00 0.149     662.422       3.044    1460.000       0.000    0.0002    4.040  310.889    4.462  297.489    1.148
  11700.00 0.147     660.927      13.907    1460.000       0.000    0.0002    4.075  347.720    4.744  297.702    1.296
  11760.00 0.144     660.680       7.313    1460.000       0.000    0.0002    4.167  446.800    5.589  298.350    1.444
  11820.00 0.140     669.530       7.374    1460.000       0.000    0.0002    4.341  560.757    6.175  299.722    1.576
  11880.00 0.142     663.225       9.640    1460.000       0.000    0.0002    4.532  554.056    5.811  301.316    1.433
  11940.00 0.144     658.983      11.085    1420.000       0.000    0.0002    4.659  662.477    5.884  302.765    1.556
  12000.00 0.146     670.787       5.427    1380.000       0.000    0.0002    4.760  766.668    5.880  303.865    1.801
  12060.00 0.143     665.860       9.029    1460.000       0.000    0.0002    4.801  787.308    5.774  304.138    1.536
  12120.00 0.144     677.695       4.746    1500.000       0.000    0.0002    4.708  616.809    4.990  304.133    1.311
  12180.00 0.140     669.965      10.592    1420.000       0.000    0.0002    4.580  523.827    4.557  304.836    1.155
  12240.00 0.137     674.143       7.786    1500.000       0.000    0.0002    4.538  459.620    5.268  305.751    1.246
  12300.00 0.140     665.874       0.874    1460.000       0.000    0.0002    4.565  430.638    6.376  306.756    1.393
  12360.00 0.139     657.825      10.281    1500.000       0.000    0.0002    4.696  538.350    6.217  308.367    1.381
  12420.00 0.140     660.769       6.329    1500.000       0.000    0.0002    4.931  594.915    6.403  310.029    1.299
  12480.00 0.142     663.241       1.138    1420.000       0.000    0.0002    5.362  711.104    6.473  313.005    1.426
  12540.00 0.144     653.810       8.912    1380.000       0.000    0.0002    5.750  860.456    7.753  316.922    1.949
  12600.00 0.148     660.660      11.782    1500.000       0.000    0.0002    5.993 1068.620    7.031  319.884    1.982
  12660.00 0.146     661.200       6.600    1540.000       0.000    0.0002    6.038 1056.142    6.483  321.844    1.498
  12720.00 0.151     659.806       8.285    1500.000       0.000    0.0002    5.912  770.234    7.182  324.024    1.706
  12780.00 0.152     675.923       6.613    1580.000       0.000    0.0002    5.662  866.239    6.929  326.435    1.745
  12840.00 0.153     660.576       5.824    1500.000       0.000    0.0002    5.497  934.954    5.557  326.627    1.573
  12900.00 0.151     652.156       7.423    1620.000       0.000    0.0002    5.420  749.663    6.237  326.479    1.304
  12960.00 0.151     662.262       3.328    1500.000       0.000    0.0002    5.527  594.940    5.946  328.163    1.178
  13020.00 0.155     670.174       7.235    1460.000       0.000    0.0002    5.805  588.912    5.103  329.534    1.150
  13080.00 0.152     661.868      10.338    1500.000       0.000    0.0002    6.228  481.803    5.637  331.030    1.272
  13140.00 0.152     661.675       5.733    1460.000       0.000    0.0002    6.698  542.294    6.233  335.238    1.386
  13200.00 0.153     670.845       5.933    1500.000       0.000    0.0002    7.237  609.886    5.779  341.374    1.447
  13260.00 0.155     671.024      12.094    1540.000       0.000    0.0002    7.805  647.401    6.476  348.642    1.698
  13320.00 0.151     676.181       7.670    1460.000       0.000    0.0002    8.397  721.491    7.708  356.730    1.589
  13380.00 0.159     679.692       9.723    1580.000       0.000    0.0002    8.994 1011.060    6.917  363.859    1.560
  13440.00 0.158     686.914       7.500    1460.000       0.000    0.0002    9.539 1200.009    8.409  372.920    2.215
  13500.00 0.155     681.830      11.893    1540.000       0.000    0.0002   10.019 1464.060    8.913  383.718    2.441
  13560.00 0.151     686.451       2.593    2020.000       0.000    0.0002   10.064 1323.539    9.627  388.500    2.529
  13620.00 0.150     688.098       5.626    1940.000       0.000    0.0002    9.780 1294.346    7.252  388.496    2.332
  13680.00 0.154     687.981       6.010    1940.000       0.000    0.0002    9.152 1052.758    5.746  390.297    2.140
  13740.00 0.152     677.271      10.241    1940.000       0.000    0.0002    8.411  732.492    5.677  394.835    1.719
  13800.00 0.156     688.213       5.799    1620.000       0.000    0.0002    7.761  610.498    6.557  394.375    1.450
  13860.00 0.157     686.894      10.745    1580.000       0.000    0.0002    7.585  843.823    7.619  392.429    1.694
  13920.00 0.152     677.051       4.551    1540.000       0.000    0.0002    7.772  927.153    6.974  393.179    1.715
  13980.00 0.148     662.961       7.434    1660.000       0.000    0.0002    8.122  863.507    6.847  394.108    1.667
  14040.00 0.156     666.834       7.524    1540.000       0.000    0.0002    8.478  708.981    6.827  395.163    1.748
  14100.00 0.159     674.378       5.745    1580.000       0.000    0.0002    8.602  759.988    5.972  394.037    1.710
  14160.00 0.152     679.646       5.282    1620.000       0.000    0.0002    8.463  856.590    6.277  393.662    1.523
  14220.00 0.157     699.128       7.165    1620.000       0.000    0.0002    8.248  849.908    6.907  398.069    1.472
  14280.00 0.155     702.970       6.951    1540.000       0.000    0.0002    7.991  978.067    7.639  398.939    1.813
  14340.00 0.153     685.344       5.952    1540.000       0.000    0.0002    7.725  969.307    6.902  393.850    1.696
  14400.00 0.152     684.477       6.538    1540.000       0.000    0.0002    7.373  769.159    6.861  390.416    1.779
  14460.00 0.153     671.720      11.401    1540.000       0.000    0.0002    7.100  764.416    7.244  389.237    1.817
  14520.00 0.151     691.212      10.242    1620.000       0.000    0.0002    6.817  820.497    6.926  384.604    1.673
  14580.00 0.149     705.556       4.118    1660.000       0.000    0.0002    6.470  741.930    6.272  379.936    1.857
  14640.00 0.145     698.384       9.596    1580.000       0.000    0.0002    6.219  701.370    5.075  378.913    1.505
  14700.00 0.143     691.073       6.405    1540.000       0.000    0.0002    6.066  524.085    5.982  378.877    1.396
  14760.00 0.146     694.362       3.826    1460.000       0.000    0.0002    5.964  548.079    6.269  378.096    1.540
  14820.00 0.144     696.887       2.301    1500.000       0.000    0.0002    5.926  546.346    5.631  377.015    1.571
  14880.00 0.141     690.919       8.180    1540.000       0.000    0.0002    5.807  541.736    6.181  374.482    1.850
  14940.00 0.145     688.263       9.005    1620.000       0.000    0.0002    5.579  569.001    6.319  370.902    1.532
  15000.00 0.143     687.966       3.248    1660.000       0.000    0.0002    5.222  504.774    5.814  367.852    1.387
  15060.00 0.144     692.339       8.576    1620.000       0.000    0.0002    4.968  574.898    4.611  365.390    1.465
  15120.00 0.139     682.417      11.278    1460.000       0.000    0.0002    4.834  608.260    4.903  363.909    1.434
  15180.00 0.134     670.691      13.673    1460.000       0.000    0.0002    4.809  494.656    4.850  363.226    1.039
  15240.00 0.128     674.857      10.743    1580.000       0.000    0.0002    4.943  458.097    5.016  364.246    1.182
  15300.00 0.135     669.928       4.094    1460.000       0.000    0.0002    5.291  451.379    5.122  366.825    1.252
  15360.00 0.137     666.929       4.893    1500.000       0.000    0.0002    5.710  591.765    5.389  368.739    1.450
  15420.00 0.135     667.740       5.967    1460.000       0.000    0.0002    6.260  784.765    5.638  370.596    1.922
  15480.00 0.133     680.330      13.541    1460.000       0.000    0.0002    6.868  967.708    5.993  374.931    2.450
  15540.00 0.134     678.029       7.664    1580.000       0.000    0.0002    7.339 1098.809    7.207  380.993    2.405
  15600.00 0.135     672.414       2.250    1940.000       0.000    0.0002    7.502 1068.744    7.523  385.938    2.041
  15660.00 0.139     678.667       8.000    1940.000       0.000    0.0002    7.494  946.903    6.319  389.415    2.056
  15720.00 0.136     680.573      10.287    1940.000       0.000    0.0002    7.330  788.259    6.365  392.185    2.124
  15780.00 0.139     677.723       5.919    1540.000       0.000    0.0002    7.192  862.435    6.461  395.573    1.417
  15840.00 0.140     674.336      13.462    1540.000       0.000    0.0002    7.272  924.053    7.408  399.846    1.707
  15900.00 0.146     682.312       9.615    1940.000       0.000    0.0002    7.404  792.756    6.758  400.660    1.939
  15960.00 0.147     683.576       9.139    1540.000       0.000    0.0002    7.646  864.324    7.187  399.636    1.948
  16020.00 0.146     691.544       8.188    1580.000       0.000    0.0002    7.596  865.165    6.424  400.481    1.864
  16080.00 0.143     695.692       4.171    1940.000       0.000    0.0002    7.386  760.744    5.516  402.242    2.116
  16140.00 0.148     701.250       4.276    1940.000       0.000    0.0002    7.157  570.080    5.413  403.628    1.662
  16200.00 0.146     704.341      10.117    1540.000       0.000    0.0002    6.838  561.726    5.717  405.209    1.432
  16260.00 0.150     707.013       8.929    1540.000       0.000    0.0002    6.501  647.473    5.761  406.997    1.721
  16320.00 0.148     719.572       7.677    1580.000       0.000    0.0002    6.226  572.563    5.824  404.610    1.726
  16380.00 0.147     713.046       3.377    1500.000       0.000    0.0002    6.028  612.734    6.420  400.616    1.579
  16440.00 0.141     702.496       6.239    1500.000       0.000    0.0002    6.003  623.623    6.562  399.650    1.431
  16500.00 0.134     704.655       2.400    1540.000       0.000    0.0002    6.010  579.861    6.980  399.830    1.504
  16560.00 0.135     706.293       2.170    1540.000       0.000    0.0002    6.029  643.497    7.098  398.376    1.674
  16620.00 0.131     714.131       4.785    1620.000       0.000    0.0002    5.974  822.069    7.395  397.344    1.740
  16680.00 0.135     717.143       3.146    1540.000       0.000    0.0002    5.963  829.334    6.280  398.033    1.543
  16740.00 0.130     704.569       3.558    1500.000       0.000    0.0002    5.995  750.420    6.749  399.282    1.474
  16800.00 0.131     711.747       8.885    1540.000       0.000    0.0002    6.043  869.129    7.207  400.236    1.554
  16860.00 0.137     691.357       4.857    1460.000       0.000    0.0002    6.139  952.389    5.833  400.310    1.533
  16920.00 0.145     698.182       3.199    1620.000       0.000    0.0002    6.124  940.302    6.747  400.740    1.808
  16980.00 0.142     688.621       9.552    1580.000       0.000    0.0002    5.950  809.378    7.141  401.424    1.796
  17040.00 0.144     683.061       7.755    1540.000       0.000    0.0002    5.802  829.152    6.582  401.313    1.918
  17100.00 0.153     696.051       6.752    1580.000       0.000    0.0002    5.627  929.233    6.994  399.969    1.914
  17160.00 0.147     683.350       3.151    1940.000       0.000    0.0002    5.302  857.935    5.841  396.952    1.661
  17220.00 0.142     691.271       8.076    1620.000       0.000    0.0002    5.104  604.244    5.837  394.704    1.392
  17280.00 0.141     684.456       9.119    1500.000       0.000    0.0002    5.014  435.063    5.024  393.433    1.182
  17340.00 0.146     695.251       5.251    1540.000       0.000    0.0002    5.056  438.904    5.485  392.086    1.366
  17400.00 0.140     687.038       3.449    1500.000       0.000    0.0002    5.172  503.152    5.851  391.305    1.318
  17460.00 0.143     691.604       9.966    1540.000       0.000    0.0002    5.310  472.168    5.657  390.644    1.220
  17520.00 0.152     698.905      11.916    1580.000       0.000    0.0002    5.376  480.087    5.549  390.346    1.478
  17580.00 0.159     709.217       9.862    1540.000       0.000    0.0002    5.315  477.212    6.077  389.479    1.724
  17640.00 0.159     716.723      12.741    1540.000       0.000    0.0002    5.108  484.263    5.374  388.300    1.394
  17700.00 0.156     710.298       3.140    1540.000       0.000    0.0002    4.871  500.314    5.782  387.537    1.220
  17760.00 0.156     703.568       8.513    1700.000       0.000    0.0002    4.720  436.931    5.537  387.402    1.109
  17820.00 0.156     699.500       6.063    1500.000       0.000    0.0002    4.779  556.077    5.920  388.653    1.479
  17880.00 0.150     683.518      10.521    1540.000       0.000    0.0002    5.071  599.914    6.408  391.841    1.682
  17940.00 0.148     675.420       8.764    1460.000       0.000    0.0002    5.479  670.116    7.691  395.307    1.911
  18000.00 0.153     676.550       3.099    1700.000       0.000    0.0002    5.772  735.712    7.031  398.088    1.857
  18060.00 0.152     672.372       8.622    1620.000       0.000    0.0002    5.926  754.677    7.138  399.571    1.859
  18120.00 0.147     671.048       9.085    1660.000       0.000    0.0002    5.890  699.426    5.529  400.607    1.524
  18180.00 0.150     675.139       4.992    1460.000       0.000    0.0002    5.820  433.565    6.244  401.128    1.216
  18240.00 0.157     687.391       9.596    1540.000       0.000    0.0002    5.747  420.272    5.384  401.344    1.196
  18300.00 0.163     687.646       7.886    1460.000       0.000    0.0002    5.702  385.988    5.064  401.854    1.200
  18360.00 0.156     682.938       5.094    1460.000       0.000    0.0002    5.748  322.562    5.012  403.209    1.102
  18420.00 0.163     693.273       7.718    1500.000       0.000    0.0002    5.902  442.152    5.608  405.669    1.387
  18480.00 0.159     697.174       9.432    1420.000       0.000    0.0002    6.154  523.646    6.532  408.141    1.532
  18540.00 0.159     694.479       5.920    1460.000       0.000    0.0002    6.420  500.063    5.975  410.711    1.557
  18600.00 0.162     703.077       8.205    1500.000       0.000    0.0002    6.594  613.330    6.227  413.521    1.565
  18660.00 0.162     705.852       6.033    1500.000       0.000    0.0002    6.519  593.728    6.074  414.016    1.591
  18720.00 0.155     712.618       2.808    1460.000       0.000    0.0002    6.147  482.178    5.496  411.383    1.673
  18780.00 0.155     707.055      11.244    1580.000       0.000    0.0002    5.544  382.305    4.846  409.395    1.273
  18840.00 0.158     705.325       4.118    1540.000       0.000    0.0002    4.975  364.193    5.305  408.874    1.105
  18900.00 0.159     720.859       7.301    1580.000       0.000    0.0002    4.531  412.258    4.953  406.928    1.084
  18960.00 0.153     691.502       5.080    1500.000       0.000    0.0002    4.396  457.343    4.863  403.469    1.197
  19020.00 0.150     692.585       4.813    1460.000       0.000    0.0002    4.465  481.438    5.010  400.743    1.269
  19080.00 0.151     696.440       4.272    1500.000       0.000    0.0002    4.435  430.056    5.133  398.823    1.236
  19140.00 0.152     697.239       1.316    1460.000       0.000    0.0002    4.264  355.230    4.395  396.965    1.045
  19200.00 0.155     698.420       9.036    1500.000       0.000    0.0002    4.137  253.886    4.509  396.011    1.055
  19260.00 0.157     695.452       4.611    1540.000       0.000    0.0002    4.055  222.943    4.047  395.403    0.969
  19320.00 0.163     692.024      11.274    1460.000       0.000    0.0002    3.999  212.361    4.225  394.834    1.021
  19380.00 0.167     691.625       5.739    1540.000       0.000    0.0002    4.054  242.761    4.624  394.433    0.983
  19440.00 0.168     695.594      10.145    1460.000       0.000    0.0002    4.163  265.510    4.989  394.020    1.067
  19500.00 0.164     698.629       9.001    1460.000       0.000    0.0002    4.271  277.022    5.553  394.273    1.328
  19560.00 0.162     689.337      12.410    1460.000       0.000    0.0002    4.478  376.514    5.955  396.373    1.361
  19620.00 0.160     691.037      11.860    1420.000       0.000    0.0002    4.811  508.586    6.227  399.516    1.321
  19680.00 0.158     693.097       9.861    1460.000       0.000    0.0002    5.148  466.987    6.278  402.325    1.205
  19740.00 0.160     691.131       7.554    1340.000       0.000    0.0002    5.455  497.008    5.127  405.085    1.178
  19800.00 0.158     702.353       8.576    1420.000       0.000    0.0002    5.703  455.979    5.880  407.572    1.306
  19860.00 0.159     709.647       8.541    1500.000       0.000    0.0002    5.901  444.712    6.262  409.759    1.286
  19920.00 0.161     710.319       2.124    1540.000       0.000    0.0002    6.018  429.352    5.905  413.111    1.558
  19980.00 0.159     717.669       7.423    1500.000       0.000    0.0002    6.111  495.991    5.760  415.193    1.442
  20040.00 0.163     711.181      14.439    1500.000       0.000    0.0002    6.106  502.760    5.793  415.854    1.273
  20100.00 0.158     719.969      10.817    1500.000       0.000    0.0002    6.104  472.997    6.151  417.513    1.390
  20160.00 0.160     716.768      11.890    1580.000       0.000    0.0002    6.132  524.788    6.825  420.258    1.426
  20220.00 0.155     711.509       9.717    1500.000       0.000    0.0002    6.192  586.452    6.673  421.656    1.474
  20280.00 0.158     714.444       3.117    1500.000       0.000    0.0002    6.353  631.283    6.811  422.389    1.547
  20340.00 0.156     711.285       5.361    1500.000       0.000    0.0002    6.538  538.726    6.098  424.558    1.376
  20400.00 0.156     717.680       7.116    1620.000       0.000    0.0002    6.834  588.544    6.146  429.097    1.294
  20460.00 0.156     718.846       9.329    1420.000       0.000    0.0002    7.227  654.324    7.327  434.019    1.409
  20520.00 0.149     725.205       5.466    1500.000       0.000    0.0002    7.684  605.905    7.560  439.290    1.754
  20580.00 0.150     717.879       7.047    1460.000       0.000    0.0002    8.189  625.517    6.883  446.383    1.677
  20640.00 0.150     725.603       4.137    1500.000       0.000    0.0002    8.685  675.733    6.602  452.342    1.746
  20700.00 0.156     729.579       6.178    1580.000       0.000    0.0002    9.108  894.668    8.211  459.039    1.910
  20760.00 0.150     730.147       5.971    1460.000       0.000    0.0002    9.684  958.993    6.763  470.699    1.718
  20820.00 0.148     728.364      11.702    1580.000       0.000    0.0002   10.593 1014.856    7.788  488.312    2.041
  20880.00 0.145     716.998       9.039    1940.000       0.000    0.0002   11.669 1326.052    8.388  510.972    2.613
  20940.00 0.136     711.735      12.916    1940.000       0.000    0.0002   12.675 1688.616   10.270  532.548    3.218
  21000.00 0.133     698.162      13.051    1940.000       0.000    0.0002   13.189 2129.361   11.824  545.648    3.636
  21060.00 0.132     687.800       9.723    1940.000       0.000    0.0002   12.827 2037.446   10.009  547.258    3.657
  21120.00 0.137     690.517       3.672    2020.000       0.000    0.0002   11.503 1563.921   10.127  554.482    2.767
  21180.00 0.135     695.451      15.126    1940.000       0.000    0.0002    9.727 1567.073   10.367  584.637    2.609
  21240.00 0.139     699.438      12.900    1940.000       0.000    0.0002    8.712 1704.030    8.772  609.075    2.553
  21300.00 0.141     694.177       7.071    1940.000       0.000    0.0002    8.265 1705.978   10.168  581.367    2.756
  21360.00 0.137     678.861       8.078    1980.000       0.000    0.0002    7.771 1531.444    8.640  553.145    2.010
  21420.00 0.139     682.596      12.632    1940.000       0.000    0.0002    7.291 1229.538    7.614  558.993    1.888
  21480.00 0.141     688.997       2.976    1940.000       0.000    0.0002    7.159 1109.889    8.325  567.801    1.831
  21540.00 0.148     691.617       7.525    1740.000       0.000    0.0002    7.587 1016.010    8.697  552.063    1.960
  21600.00 0.155     695.849       9.214    1940.000       0.000    0.0002    8.569  934.430    7.978  536.545    2.013
  21660.00 0.159     702.826       6.912    1940.000       0.000    0.0002    9.903 1102.296    9.112  540.438    2.539
  21720.00 0.173     719.859       7.977    1940.000       0.000    0.0002   11.202 1298.523    9.031  550.690    2.413
  21780.00 0.168     718.430       8.488    1940.000       0.000    0.0002   12.414 1405.573    6.916  555.355    2.389
  21840.00 0.176     722.493       5.928    1940.000       0.000    0.0002   13.603 1199.111    7.597  564.475    2.099
  21900.00 0.174     735.668      10.914    1940.000       0.000    0.0002   14.883 1091.900    8.544  582.258    2.071
  21960.00 0.179     748.556      17.984    1620.000       0.000    0.0002   16.122 1314.044    7.986  601.098    2.248
  22020.00 0.185     759.420      17.810    1940.000       0.000    0.0002   16.835 1630.962    9.403  613.604    3.307
  22080.00 0.187     764.668      13.194    1940.000       0.000    0.0002   16.799 1733.661    7.632  614.124    3.325
  22140.00 0.190     775.692       7.615    1940.000       0.000    0.0002   16.212 1419.431    7.371  612.935    2.890
  22200.00 0.190     773.171      10.757    2020.000       0.000    0.0002   15.203 1562.401    8.235  622.558    2.271
  22260.00 0.186     781.573       6.160    1940.000       0.000    0.0002   14.134 1595.896    8.954  635.803    2.202
  22320.00 0.184     778.566       7.251    1940.000       0.000    0.0002   13.018 1825.915    9.018  628.692    2.385
  22380.00 0.181     782.051       2.483    1940.000       0.000    0.0002   11.994 1894.819    9.762  612.070    2.582
  22440.00 0.171     767.635      19.487    1940.000       0.000    0.0002   10.795 1727.184    7.798  607.429    2.556
  22500.00 0.165     763.941      11.526    1940.000       0.000    0.0002    9.455 1059.357    7.045  608.409    1.939
  22560.00 0.157     753.810      10.731    1940.000       0.000    0.0002    8.187  782.358    6.900  594.969    2.026
  22620.00 0.153     753.121       6.752    1940.000       0.000    0.0002    7.227  612.822    6.138  571.294    1.529
  22680.00 0.144     742.653       4.966    1660.000       0.000    0.0002    6.541  659.076    5.958  553.048    1.406
  22740.00 0.139     733.825       9.684    1620.000       0.000    0.0002    6.223  669.807    5.554  540.053    1.418
  22800.00 0.138     728.078       8.924    1820.000       0.000    0.0002    6.231  616.234    6.375  529.879    1.598
  22860.00 0.141     734.750       0.933    1660.000       0.000    0.0002    6.414  718.341    5.991  524.441    1.756
  22920.00 0.148     746.458       9.325    1620.000       0.000    0.0002    6.644  816.602    6.346  519.633    1.733
  22980.00 0.148     752.632      10.132    1660.000       0.000    0.0002    6.738  774.893    5.944  510.058    1.880
  23040.00 0.149     743.072      11.209    1460.000       0.000    0.0002    6.472  568.419    5.248  502.094    1.458
  23100.00 0.153     750.543      11.278    1580.000       0.000    0.0002    5.955  416.710    5.137  499.515    1.232
  23160.00 0.155     767.760      10.315    1700.000       0.000    0.0002    5.432  471.710    5.575  495.370    1.340
  23220.00 0.154     765.927       6.719    1620.000       0.000    0.0002    4.988  472.864    5.326  486.693    1.452
  23280.00 0.147     765.804       5.572    1540.000       0.000    0.0002    4.617  437.946    5.144  479.810    1.306
  23340.00 0.139     770.986       3.239    1620.000       0.000    0.0002    4.370  373.177    5.265  477.815    1.154
  23400.00 0.138     755.248       5.745    1540.000       0.000    0.0002    4.289  327.233    5.147  476.607    1.386
  23460.00 0.131     743.352       8.566    1620.000       0.000    0.0002    4.382  436.595    5.418  473.989    1.491
  23520.00 0.128     737.795       5.209    1620.000       0.000    0.0002    4.588  574.019    5.841  472.612    1.561
  23580.00 0.126     741.313       9.344    1500.000       0.000    0.0002    4.842  689.838    6.406  475.000    1.523
  23640.00 0.125     732.706      11.843    1540.000       0.000    0.0002    5.037  731.812    8.005  478.546    1.846
  23700.00 0.122     744.000       6.720    1460.000       0.000    0.0002    5.164  765.717    6.962  479.563    1.743
  23760.00 0.128     738.248      16.800    1540.000       0.000    0.0002    5.080  856.139    7.831  478.134    1.782
  23820.00 0.127     735.615       6.231    1940.000       0.000    0.0002    4.978  781.346    7.162  475.762    1.803
  23880.00 0.125     726.563       9.375    1940.000       0.000    0.0002    4.806  687.092    6.342  474.591    1.785
  23940.00 0.129     739.319       8.998    1500.000       0.000    0.0002    4.705  828.085    6.700  474.416    1.638
  24000.00 0.125     725.569       5.020    1580.000       0.000    0.0002    4.565  847.037    6.598  471.969    1.532
  24060.00 0.125     733.047      16.797    1620.000       0.000    0.0002    4.483  801.056    6.717  469.231    1.626
  24120.00 0.130     723.296       7.416    1500.000       0.000    0.0002    4.355  722.628    6.741  467.694    1.578
  24180.00 0.135     720.973       5.441    1660.000       0.000    0.0002    4.178  562.322    6.698  466.695    1.512
  24240.00 0.135     711.243       6.018    1660.000       0.000    0.0002    4.049  615.994    6.924  464.184    1.986
  24300.00 0.136     721.792       7.061    1620.000       0.000    0.0002    3.810  618.205    6.151  460.880    1.582
  24360.00 0.144     699.526       9.036    1540.000       0.000    0.0002    3.465  575.088    6.184  459.354    1.602
  24420.00 0.142     702.401       8.782    1620.000       0.000    0.0002    3.193  428.251    6.038  458.114    1.542
  24480.00 0.143     691.005      11.244    1580.000       0.000    0.0002    3.088  393.980    4.823  454.817    1.326
  24540.00 0.146     694.114       5.452    1540.000       0.000    0.0002    3.088  359.019    4.732  450.957    1.323
  24600.00 0.145     691.771       7.150    1580.000       0.000    0.0002    3.148  294.376    4.754  450.043    1.193
  24660.00 0.150     701.948       2.890    1500.000       0.000    0.0002    3.328  279.224    4.996  451.249    1.169
  24720.00 0.150     711.299       6.883    1540.000       0.000    0.0002    3.626  262.634    4.749  450.766    1.090
  24780.00 0.156     712.810       8.477    1540.000       0.000    0.0002    3.897  272.930    4.884  450.681    1.181
  24840.00 0.157     716.832       5.000    1500.000       0.000    0.0002    4.105  267.905    5.204  453.735    1.269
  24900.00 0.163     729.985       7.676    1500.000       0.000    0.0002    4.251  270.181    4.574  456.615    1.248
  24960.00 0.166     732.212      11.416    1500.000       0.000    0.0002    4.340  329.394    5.424  456.843    1.404
  25020.00 0.171     733.732       9.972    1500.000       0.000    0.0002    4.443  360.736    5.477  457.633    1.336
  25080.00 0.165     726.252       8.000    1500.000       0.000    0.0002    4.584  385.504    6.125  461.427    1.416
  25140.00 0.167     731.040       6.618    1460.000       0.000    0.0002    4.840  481.174    5.153  466.044    1.217
  25200.00 0.167     728.404       9.693    1500.000       0.000    0.0002    5.202  491.100    6.259  469.411    1.253
  25260.00 0.164     722.269       5.761    1500.000       0.000    0.0002    5.694  488.945    5.550  473.233    1.341
  25320.00 0.161     720.514      10.620    1500.000       0.000    0.0002    6.317  480.690    5.649  480.579    1.437
  25380.00 0.157     725.426      10.233    1460.000       0.000    0.0002    7.010  377.603    7.280  489.954    1.448
  25440.00 0.166     723.034       3.270    1500.000       0.000    0.0002    7.686  486.299    6.612  497.799    1.504
  25500.00 0.168     735.304      10.145    1500.000       0.000    0.0002    8.223  531.148    7.032  504.932    1.578
  25560.00 0.168     735.808       8.646    1500.000       0.000    0.0002    8.849  616.681    6.777  513.608    1.923
  25620.00 0.169     743.463       6.320    1500.000       0.000    0.0002    9.287  604.868    6.717  522.786    1.549
  25680.00 0.173     744.570       9.027    1500.000       0.000    0.0002    9.612  582.236    7.011  530.492    1.899
  25740.00 0.173     747.211       5.042    1540.000       0.000    0.0002    9.771  589.413    6.578  537.003    1.614
  25800.00 0.173     746.141       8.028    1580.000       0.000    0.0002    9.910  550.758    6.862  544.329    1.542
  25860.00 0.167     738.248       4.438    1580.000       0.000    0.0002   10.022  519.550    7.546  551.363    1.662
  25920.00 0.168     752.812      11.420    1620.000       0.000    0.0002   10.163  720.782    7.957  557.150    1.999
  25980.00 0.168     767.228      13.237    1540.000       0.000    0.0002   10.136  984.073    9.526  563.820    2.122
  26040.00 0.167     761.376      13.763    1580.000       0.000    0.0002   10.048  978.841   10.275  566.966    2.154
  26100.00 0.161     753.515       9.333    1940.000       0.000    0.0002    9.804 1006.382    8.813  565.895    2.218
  26160.00 0.157     745.581      10.481    1940.000       0.000    0.0002    9.443  853.247    7.269  562.822    1.986
  26220.00 0.156     751.554       3.548    1940.000       0.000    0.0002    8.882  837.818    7.159  562.023    1.770
  26280.00 0.148     741.582      13.509    1620.000       0.000    0.0002    8.509  606.707    6.670  562.641    1.560
  26340.00 0.151     740.065       6.397    1580.000       0.000    0.0002    8.460  564.975    6.852  558.804    1.597
  26400.00 0.154     738.796      13.122    1580.000       0.000    0.0002    8.542  635.167    5.947  550.996    1.847
  26460.00 0.162     744.169       4.955    1620.000       0.000    0.0002    8.546  605.387    5.964  548.102    1.973
  26520.00 0.158     740.432      10.833    1660.000       0.000    0.0002    8.475  585.478    6.061  548.609    1.548
  26580.00 0.161     744.067      13.141    1540.000       0.000    0.0002    8.568  684.891    5.738  546.382    1.779
  26640.00 0.165     746.982      17.071    1540.000       0.000    0.0002    8.646  662.017    6.292  543.095    1.670
  26700.00 0.167     771.066       9.197    1620.000       0.000    0.0002    8.507  782.605    8.477  544.475    2.057
  26760.00 0.163     773.473      12.335    1700.000       0.000    0.0002    8.368 1061.724    9.169  551.322    2.241
  26820.00 0.157     761.304       8.168    1940.000       0.000    0.0002    8.257 1250.427    8.987  556.576    2.758
  26880.00 0.148     738.350      11.155    1940.000       0.000    0.0002    7.892 1238.385    9.153  551.487    2.666
  26940.00 0.146     739.265       8.748    1980.000       0.000    0.0002    7.202  928.389    7.202  543.789    2.088
  27000.00 0.142     725.172      10.103    1940.000       0.000    0.0002    6.336  638.976    6.173  545.799    1.633
  27060.00 0.136     721.935       8.423    1700.000       0.000    0.0002    5.604  600.351    6.106  548.180    1.537
  27120.00 0.136     725.689       9.696    1540.000       0.000    0.0002    5.222  798.561    6.841  535.396    1.517
  27180.00 0.138     723.150       6.053    1540.000       0.000    0.0002    5.095  857.862    7.255  520.419    1.729
  27240.00 0.130     716.060      10.131    1540.000       0.000    0.0002    4.807  729.818    5.653  518.132    1.562
  27300.00 0.134     730.237       9.399    1540.000       0.000    0.0002    4.452  532.691    6.567  517.996    1.597
  27360.00 0.141     737.990       8.700    1540.000       0.000    0.0002    4.265  464.010    5.879  510.301    1.367
  27420.00 0.141     737.306       7.910    1500.000       0.000    0.0002    4.229  510.354    5.206  502.502    1.569
  27480.00 0.143     732.479       9.197    1700.000       0.000    0.0002    4.302  320.621    5.553  498.516    1.489
  27540.00 0.144     747.797       6.271    1700.000       0.000    0.0002    4.403  363.945    5.638  495.913    1.415
  27600.00 0.144     730.983       8.508    1500.000       0.000    0.0002    4.434  384.455    5.437  492.939    1.356
  27660.00 0.146     748.591       2.617    1540.000       0.000    0.0002    4.348  361.051    5.638  491.516    1.553
  27720.00 0.137     740.783       7.402    1540.000       0.000    0.0002    4.256  324.161    5.424  492.481    1.299
  27780.00 0.131     747.402       3.813    1540.000       0.000    0.0002    4.158  419.496    5.600  492.105    1.301
  27840.00 0.135     750.870       8.768    1580.000       0.000    0.0002    4.020  503.039    6.139  488.828    1.330
  27900.00 0.132     750.185      18.413    1460.000       0.000    0.0002    3.880  524.544    5.761  485.464    1.349
  27960.00 0.131     752.037       5.159    1540.000       0.000    0.0002    3.781  490.611    6.074  484.063    1.516
  28020.00 0.124     734.714       5.878    1500.000       0.000    0.0002    3.815  558.513    6.173  483.687    1.595
  28080.00 0.133     725.368       3.640    1500.000       0.000    0.0002    3.897  624.495    6.966  483.870    1.583
  28140.00 0.139     737.404       6.561    1540.000       0.000    0.0002    3.806  646.273    7.001  483.822    1.399
  28200.00 0.138     735.894       8.531    1540.000       0.000    0.0002    3.724  555.342    6.169  482.294    1.571
  28260.00 0.139     722.137       4.904    1460.000       0.000    0.0002    3.744  536.174    5.896  480.237    1.501
  28320.00 0.140     720.524       8.517    1540.000       0.000    0.0002    3.721  549.953    5.877  478.572    1.696
  28380.00 0.136     730.592      12.388    1580.000       0.000    0.0002    3.594  567.893    5.717  477.227    1.678
  28440.00 0.144     725.714       9.184    1580.000       0.000    0.0002    3.416  503.388    5.059  474.744    1.598
  28500.00 0.141     721.592       9.896    1580.000       0.000    0.0002    3.229  377.997    5.477  471.168    1.296
  28560.00 0.143     735.768       8.464    1580.000       0.000    0.0002    3.096  346.090    5.844  469.487    1.397
  28620.00 0.143     724.327       4.361    1620.000       0.000    0.0002    3.025  364.681    5.719  469.028    1.372
  28680.00 0.140     719.510       2.238    1460.000       0.000    0.0002    2.995  309.002    4.514  466.543    1.156
  28740.00 0.136     713.357      11.490    1500.000       0.000    0.0002    3.082  271.471    3.624  464.192    1.077
  28800.00 0.141     717.547       7.012    1540.000       0.000    0.0002    3.190  177.789    3.835  464.265    0.924
