#  time      cc     z_cbase    z_ctop_avg  z_ctop_max      zi         we   <<ql>>  <<ql>>_max   w_max   tke     ql_max
     60.00 0.000       0.000       0.000       0.000       0.000    0.0002    0.000    0.000    0.174  616.606    0.000
    120.00 0.000       0.000       0.000       0.000       0.000    0.0002    0.000    0.000    0.263  417.082    0.000
    180.00 0.000       0.000       0.000       0.000       0.000    0.0002    0.000    0.000    0.326  300.130    0.000
    240.00 0.000       0.000       0.000       0.000       0.000    0.0002    0.000    0.000    0.293  225.795    0.000
    300.00 0.000       0.000       0.000       0.000       0.000    0.0002    0.000    0.000    0.254  176.575    0.000
    360.00 0.000       0.000       0.000       0.000       0.000    0.0002    0.000    0.000    0.308  143.412    0.000
    420.00 0.000       0.000       0.000       0.000       0.000    0.0002    0.000    0.000    0.340  121.147    0.000
    480.00 0.000       0.000       0.000       0.000       0.000    0.0002    0.000    0.000    0.349  105.735    0.000
    540.00 0.000       0.000       0.000       0.000       0.000    0.0002    0.000    0.000    0.382   93.913    0.000
    600.00 0.000       0.000       0.000       0.000       0.000    0.0002    0.000    0.000    0.389   84.644    0.000
    660.00 0.000       0.000       0.000       0.000       0.000    0.0002    0.000    0.000    0.401   78.100    0.000
    720.00 0.000       0.000       0.000       0.000       0.000    0.0002    0.000    0.000    0.468   73.796    0.000
    780.00 0.000       0.000       0.000       0.000       0.000    0.0002    0.000    0.000    0.512   70.984    0.000
    840.00 0.000       0.000       0.000       0.000       0.000    0.0002    0.000    0.000    0.558   69.207    0.000
    900.00 0.000       0.000       0.000       0.000       0.000    0.0002    0.000    0.000    0.637   68.021    0.000
    960.00 0.000       0.000       0.000       0.000       0.000    0.0002    0.000    0.000    0.704   67.427    0.000
   1020.00 0.000       0.000       0.000       0.000       0.000    0.0002    0.000    0.000    0.743   67.907    0.000
   1080.00 0.000       0.000       0.000       0.000       0.000    0.0002    0.000    0.000    0.787   69.487    0.000
   1140.00 0.000       0.000       0.000       0.000       0.000    0.0002    0.000    0.000    0.860   71.784    0.000
   1200.00 0.000     580.000       0.000     580.000       0.000    0.0002    0.000    0.312    0.915   74.772    0.007
   1260.00 0.001     566.667       0.000     580.000       0.000    0.0002    0.001    1.546    0.987   78.638    0.035
   1320.00 0.005     561.053      28.421     580.000       0.000    0.0002    0.006    3.666    1.047   83.491    0.082
   1380.00 0.010     565.116      13.488     580.000       0.000    0.0002    0.022    8.161    1.060   89.544    0.117
   1440.00 0.017     566.667       7.826     660.000       0.000    0.0002    0.054   13.017    1.197   96.943    0.185
   1500.00 0.025     569.515       6.408     660.000       0.000    0.0002    0.114   23.553    1.406  105.572    0.281
   1560.00 0.039     570.250       0.000     660.000       0.000    0.0002    0.212   35.893    1.510  115.381    0.354
   1620.00 0.053     568.571       8.387     660.000       0.000    0.0002    0.365   55.647    1.877  126.439    0.437
   1680.00 0.066     569.559       9.265     700.000       0.000    0.0002    0.588   82.615    2.063  138.635    0.626
   1740.00 0.085     569.080       1.552     740.000       0.000    0.0002    0.910  100.227    2.388  151.800    0.690
   1800.00 0.104     568.852       5.808     740.000       0.000    0.0002    1.319  116.590    2.792  165.731    0.724
   1860.00 0.119     568.443       8.402     780.000       0.000    0.0002    1.852  146.351    2.761  180.138    0.835
   1920.00 0.139     571.494       5.659     820.000       0.000    0.0002    2.484  180.552    3.228  194.592    0.908
   1980.00 0.152     571.154       3.045     860.000       0.000    0.0002    3.198  214.252    4.061  208.694    0.971
   2040.00 0.167     573.275       5.380     900.000       0.000    0.0002    3.965  286.103    4.201  222.055    1.027
   2100.00 0.178     576.607       8.427    1300.000       0.000    0.0002    4.718  374.307    3.915  234.193    1.105
   2160.00 0.187     580.261       3.181    1300.000       0.000    0.0002    5.482  408.806    4.659  244.853    1.223
   2220.00 0.192     584.320       3.202    1300.000       0.000    0.0002    6.157  433.671    4.608  253.564    1.203
   2280.00 0.197     590.868       9.256    1300.000       0.000    0.0002    6.773  488.743    4.615  260.121    1.270
   2340.00 0.198     598.397       4.587    1340.000       0.000    0.0002    7.301  535.572    4.485  264.817    1.425
   2400.00 0.198     605.468      11.527    1300.000       0.000    0.0002    7.614  558.397    4.614  267.198    1.348
   2460.00 0.200     610.353       6.431    1420.000       0.000    0.0002    7.672  539.635    4.326  267.051    1.229
   2520.00 0.199     608.305       6.536    1460.000       0.000    0.0002    7.446  506.046    4.438  264.440    1.385
   2580.00 0.197     614.554       7.921    1580.000       0.000    0.0002    7.068  370.977    4.435  259.629    1.199
   2640.00 0.194     612.141       9.673    1380.000       0.000    0.0002    6.583  406.400    4.070  253.232    0.976
   2700.00 0.185     617.520       7.678    1540.000       0.000    0.0002    6.038  419.784    3.765  245.884    1.047
   2760.00 0.178     623.447       6.211    1460.000       0.000    0.0002    5.439  400.456    3.601  237.252    0.986
   2820.00 0.170     628.908       3.793    1420.000       0.000    0.0002    4.758  311.272    3.765  228.343    1.048
   2880.00 0.162     634.075       6.887    1300.000       0.000    0.0002    4.032  289.826    3.920  220.072    1.132
   2940.00 0.156     635.086       2.973    1420.000       0.000    0.0002    3.391  247.402    3.478  212.148    0.862
   3000.00 0.150     632.202       7.896    1340.000       0.000    0.0002    2.851  208.403    3.260  204.409    0.854
   3060.00 0.144     636.610       8.644    1300.000       0.000    0.0002    2.462  241.988    3.351  196.922    0.845
   3120.00 0.138     636.367       5.961    1380.000       0.000    0.0002    2.166  270.225    2.958  190.081    0.752
   3180.00 0.131     632.336       6.019    1300.000       0.000    0.0002    1.974  307.853    2.779  184.055    0.842
   3240.00 0.118     635.702      10.041    1300.000       0.000    0.0002    1.873  340.406    3.389  179.208    0.995
   3300.00 0.114     642.137       4.145    1340.000       0.000    0.0002    1.824  357.282    3.241  175.629    0.931
   3360.00 0.108     640.180       7.432    1300.000       0.000    0.0002    1.779  317.179    3.783  172.803    0.993
   3420.00 0.106     631.835       8.807    1300.000       0.000    0.0002    1.748  324.268    3.981  170.289    0.961
   3480.00 0.103     646.005       8.794    1460.000       0.000    0.0002    1.720  369.460    3.829  168.109    1.059
   3540.00 0.101     656.019       4.369    1300.000       0.000    0.0002    1.689  393.291    3.246  166.382    0.894
   3600.00 0.097     648.788      12.475    1300.000       0.000    0.0002    1.660  436.388    3.401  165.269    1.019
   3660.00 0.097     635.176       9.146    1300.000       0.000    0.0002    1.609  442.152    3.842  164.511    1.097
   3720.00 0.099     632.741       7.951    1300.000       0.000    0.0002    1.553  399.199    3.718  163.620    0.932
   3780.00 0.097     633.401      17.330    1300.000       0.000    0.0002    1.482  292.132    3.670  162.547    0.878
   3840.00 0.092     631.671       8.011    1300.000       0.000    0.0002    1.387  221.479    2.985  161.797    0.818
   3900.00 0.086     629.915       3.875    1300.000       0.000    0.0002    1.288  179.884    2.607  161.596    0.745
   3960.00 0.083     621.059      12.529    1300.000       0.000    0.0002    1.215  193.008    2.852  161.805    0.898
   4020.00 0.086     618.177       9.402    1300.000       0.000    0.0002    1.213  214.165    3.431  162.407    1.061
   4080.00 0.086     622.727       9.148    1300.000       0.000    0.0002    1.241  234.806    3.487  163.224    0.854
   4140.00 0.089     618.685       3.616    1300.000       0.000    0.0002    1.310  265.376    3.385  163.910    0.889
   4200.00 0.089     612.110      14.247    1300.000       0.000    0.0002    1.396  292.798    3.747  164.494    1.093
   4260.00 0.092     617.447       4.947    1340.000       0.000    0.0002    1.495  318.260    3.681  165.551    1.043
   4320.00 0.099     619.509       7.518    1380.000       0.000    0.0002    1.607  318.613    3.699  167.284    1.037
   4380.00 0.101     619.419      10.702    1300.000       0.000    0.0002    1.718  307.521    3.632  169.401    1.110
   4440.00 0.104     615.765       4.471    1340.000       0.000    0.0002    1.821  294.046    3.961  171.685    1.063
   4500.00 0.105     619.256       6.047    1300.000       0.000    0.0002    1.936  244.113    4.029  174.160    1.003
   4560.00 0.107     616.979       9.108    1300.000       0.000    0.0002    2.114  327.555    4.407  177.082    1.034
   4620.00 0.113     616.371       8.078    1380.000       0.000    0.0002    2.365  407.988    4.330  180.506    1.038
   4680.00 0.113     611.063       9.501    1420.000       0.000    0.0002    2.675  478.364    4.632  184.200    1.299
   4740.00 0.117     611.399       6.681    1380.000       0.000    0.0002    3.014  547.980    4.652  187.954    1.222
   4800.00 0.118     608.797       6.598    1340.000       0.000    0.0002    3.355  587.686    4.652  191.724    1.179
   4860.00 0.121     612.500      11.129    1340.000       0.000    0.0002    3.701  655.131    5.311  195.621    1.421
   4920.00 0.122     608.800      13.920    1300.000       0.000    0.0002    3.981  647.776    5.400  199.656    1.404
   4980.00 0.126     617.292       7.389    1460.000       0.000    0.0002    4.235  577.903    5.335  203.951    1.327
   5040.00 0.133     612.855       8.066    1300.000       0.000    0.0002    4.513  585.349    4.379  208.542    1.116
   5100.00 0.129     611.531       8.166    1460.000       0.000    0.0002    4.819  531.441    4.539  212.974    1.233
   5160.00 0.133     622.431      10.497    1340.000       0.000    0.0002    5.073  542.774    5.113  217.291    1.437
   5220.00 0.138     622.619       6.796    1300.000       0.000    0.0002    5.378  625.641    5.580  221.828    1.451
   5280.00 0.142     621.715       5.660    1300.000       0.000    0.0002    5.722  737.260    5.815  226.767    1.598
   5340.00 0.139     623.515       5.518    1460.000       0.000    0.0002    6.155  859.674    6.520  232.874    1.762
   5400.00 0.145     620.809      11.265    1460.000       0.000    0.0002    6.635 1059.204    6.379  239.198    1.911
   5460.00 0.143     613.904       5.788    1420.000       0.000    0.0002    7.070 1020.042    6.435  244.491    1.913
   5520.00 0.146     617.052       1.642    1500.000       0.000    0.0002    7.321  812.152    7.235  249.390    1.729
   5580.00 0.147     614.419       7.575    1580.000       0.000    0.0002    7.290  910.070    6.323  253.041    1.639
   5640.00 0.146     622.742       7.258    1460.000       0.000    0.0002    6.993  809.868    5.143  253.840    1.433
   5700.00 0.151     631.909       5.210    1500.000       0.000    0.0002    6.478  588.557    5.520  252.943    1.355
   5760.00 0.151     636.570       7.411    1500.000       0.000    0.0002    5.982  456.934    5.670  251.941    1.216
   5820.00 0.154     637.297       4.706    1580.000       0.000    0.0002    5.538  443.742    4.711  250.557    1.157
   5880.00 0.155     643.002       5.087    1420.000       0.000    0.0002    5.193  516.131    4.245  247.898    1.172
   5940.00 0.158     644.211       5.201    1420.000       0.000    0.0002    4.952  561.409    4.672  244.789    1.170
   6000.00 0.151     635.599       4.272    1340.000       0.000    0.0002    4.796  577.831    5.286  242.087    1.374
   6060.00 0.150     638.010      10.734    1540.000       0.000    0.0002    4.618  651.822    5.655  240.409    1.491
   6120.00 0.142     632.556       7.273    1420.000       0.000    0.0002    4.505  740.816    5.390  239.518    1.365
   6180.00 0.141     635.433       8.754    1540.000       0.000    0.0002    4.397  756.293    4.402  238.574    1.302
   6240.00 0.137     635.275       9.094    1460.000       0.000    0.0002    4.331  620.821    3.868  238.105    1.302
   6300.00 0.143     638.014       5.068    1380.000       0.000    0.0002    4.282  445.465    4.160  238.215    1.100
   6360.00 0.142     634.683      13.654    1420.000       0.000    0.0002    4.289  516.911    4.105  238.058    1.127
   6420.00 0.144     625.229       8.625    1420.000       0.000    0.0002    4.400  557.546    4.185  238.048    0.958
   6480.00 0.145     624.377       6.768    1380.000       0.000    0.0002    4.641  529.273    4.614  239.162    1.051
   6540.00 0.147     625.629       2.053    1380.000       0.000    0.0002    5.069  521.421    4.759  241.823    1.160
   6600.00 0.148     630.610       7.941    1300.000       0.000    0.0002    5.656  536.450    5.477  246.226    1.355
   6660.00 0.145     629.916      12.074    1380.000       0.000    0.0002    6.321  744.465    6.429  252.291    1.493
   6720.00 0.143     629.676       9.165    1380.000       0.000    0.0002    7.016  916.019    6.338  258.914    1.594
   6780.00 0.141     638.515       8.463    1580.000       0.000    0.0002    7.581  992.375    5.989  265.426    1.762
   6840.00 0.139     636.561       6.702    1460.000       0.000    0.0002    8.075 1047.828    6.199  272.034    1.695
   6900.00 0.147     641.830       9.384    1540.000       0.000    0.0002    8.385 1018.679    5.765  278.611    1.884
   6960.00 0.141     651.042       7.292    1580.000       0.000    0.0002    8.547  948.369    6.212  284.000    1.793
   7020.00 0.136     660.790       7.253    1420.000       0.000    0.0002    8.441  975.545    6.586  287.541    1.666
   7080.00 0.138     675.026       4.938    1580.000       0.000    0.0002    8.104 1010.740    6.694  288.902    1.968
   7140.00 0.135     667.826      14.130    1500.000       0.000    0.0002    7.666  943.723    5.275  288.082    1.827
   7200.00 0.133     667.706       5.394    1540.000       0.000    0.0002    7.108  757.681    5.332  286.174    1.392
   7260.00 0.131     660.000       6.022    1500.000       0.000    0.0002    6.577  802.536    7.020  284.436    1.755
   7320.00 0.129     659.167       5.341    1500.000       0.000    0.0002    5.980  752.548    5.974  280.675    1.649
   7380.00 0.126     661.238       6.499    1580.000       0.000    0.0002    5.519  664.744    4.924  277.221    1.343
   7440.00 0.128     650.629       5.638    1540.000       0.000    0.0002    5.340  738.270    5.889  276.495    1.609
   7500.00 0.128     649.943       3.924    1500.000       0.000    0.0002    5.328  861.410    5.315  276.605    1.295
   7560.00 0.129     650.038      10.642    1500.000       0.000    0.0002    5.395  959.643    5.418  277.632    1.598
   7620.00 0.128     643.422       3.688    1500.000       0.000    0.0002    5.622 1027.550    6.317  280.558    1.628
   7680.00 0.128     646.718      12.176    1460.000       0.000    0.0002    6.007 1035.189    6.452  283.553    1.760
   7740.00 0.126     648.958      10.888    1460.000       0.000    0.0002    6.417 1072.430    6.288  285.438    1.671
   7800.00 0.128     647.985      13.118    1500.000       0.000    0.0002    6.886 1193.977    7.011  288.993    2.278
   7860.00 0.133     648.991       3.486    1580.000       0.000    0.0002    7.220 1233.597    6.614  292.345    1.833
   7920.00 0.138     650.899       2.399    1940.000       0.000    0.0002    7.340 1207.665    5.839  294.025    1.660
   7980.00 0.140     659.092       6.702    1940.000       0.000    0.0002    7.350 1272.913    6.717  296.761    1.777
   8040.00 0.138     653.357       5.018    1940.000       0.000    0.0002    7.093 1271.763    6.076  297.834    1.835
   8100.00 0.138     659.433       5.709    1940.000       0.000    0.0002    6.667  939.843    4.844  296.106    1.458
   8160.00 0.134     658.318       9.799    1580.000       0.000    0.0002    6.296  532.501    5.932  294.357    1.659
   8220.00 0.127     663.065      11.073    1500.000       0.000    0.0002    6.087  426.887    6.044  292.047    1.164
   8280.00 0.127     657.778       8.506    1500.000       0.000    0.0002    5.931  414.787    5.282  288.953    1.217
   8340.00 0.131     673.110       8.678    1540.000       0.000    0.0002    5.820  400.884    4.974  287.066    1.210
   8400.00 0.134     674.764       8.073    1540.000       0.000    0.0002    5.778  537.509    5.008  285.017    1.199
   8460.00 0.132     669.390      13.715    1580.000       0.000    0.0002    5.761  592.843    5.003  282.936    1.347
   8520.00 0.131     667.598       7.225    1580.000       0.000    0.0002    5.771  589.978    4.814  282.558    1.508
   8580.00 0.130     682.222       8.964    1500.000       0.000    0.0002    5.691  694.599    5.496  283.402    1.657
   8640.00 0.134     674.015       3.467    1500.000       0.000    0.0002    5.510  703.566    4.905  284.005    1.640
   8700.00 0.133     664.835       8.095    1580.000       0.000    0.0002    5.369  596.757    5.272  283.837    1.883
   8760.00 0.130     657.603       5.768    1460.000       0.000    0.0002    5.363  537.439    6.071  283.695    1.254
   8820.00 0.137     655.943      16.050    1460.000       0.000    0.0002    5.372  735.640    6.142  283.430    1.287
   8880.00 0.134     662.044      12.226    1380.000       0.000    0.0002    5.363  859.417    6.063  283.485    1.732
   8940.00 0.131     667.402       9.121    1380.000       0.000    0.0002    5.273  773.331    6.480  284.119    1.654
   9000.00 0.131     664.693       4.060    1420.000       0.000    0.0002    5.096  712.121    6.152  284.720    1.467
   9060.00 0.135     660.725       8.949    1420.000       0.000    0.0002    4.863  753.644    6.634  284.846    1.514
   9120.00 0.135     657.822       7.441    1420.000       0.000    0.0002    4.611  823.214    5.975  284.119    1.642
   9180.00 0.131     658.430      10.916    1660.000       0.000    0.0002    4.308  812.938    7.193  281.965    1.788
   9240.00 0.132     660.443      11.550    1500.000       0.000    0.0002    3.909  915.264    6.317  279.002    1.687
   9300.00 0.128     657.490       2.510    1420.000       0.000    0.0002    3.549  816.208    5.591  276.608    1.391
   9360.00 0.121     655.960       6.586    1460.000       0.000    0.0002    3.235  510.735    4.833  273.420    1.183
   9420.00 0.116     652.926       6.779    1460.000       0.000    0.0002    2.990  442.577    4.356  269.929    1.244
   9480.00 0.112     647.478       4.739    1460.000       0.000    0.0002    2.817  491.235    4.669  267.506    1.202
   9540.00 0.115     648.475       7.500    1340.000       0.000    0.0002    2.715  502.438    5.354  266.167    1.244
   9600.00 0.119     650.574       5.082    1420.000       0.000    0.0002    2.603  481.967    5.567  265.633    1.454
   9660.00 0.115     645.245       9.467    1460.000       0.000    0.0002    2.560  529.408    4.489  264.906    1.187
   9720.00 0.115     640.085       4.873    1500.000       0.000    0.0002    2.560  513.961    4.402  263.998    0.996
   9780.00 0.110     635.487       7.035    1500.000       0.000    0.0002    2.697  430.463    4.788  263.965    1.064
   9840.00 0.111     627.930       2.996    1380.000       0.000    0.0002    2.969  432.709    4.344  264.684    0.895
   9900.00 0.117     627.833      12.000    1420.000       0.000    0.0002    3.402  514.008    4.056  266.948    1.181
   9960.00 0.123     643.287       2.297    1380.000       0.000    0.0002    3.924  609.625    5.035  271.550    1.413
  10020.00 0.120     631.521      10.629    1460.000       0.000    0.0002    4.539  779.357    6.055  278.020    1.531
  10080.00 0.124     633.649       8.718    1380.000       0.000    0.0002    5.231  965.893    6.872  284.461    1.912
  10140.00 0.127     627.969       7.510    1380.000       0.000    0.0002    5.825  973.319    6.093  288.699    1.924
  10200.00 0.125     635.703       7.500    1460.000       0.000    0.0002    6.310  925.417    5.589  292.857    1.964
  10260.00 0.135     640.615       7.306    1500.000       0.000    0.0002    6.677  931.804    5.179  299.264    1.418
  10320.00 0.129     643.985      12.713    1540.000       0.000    0.0002    7.042  742.581    5.620  306.423    1.174
  10380.00 0.131     663.881       8.284    1500.000       0.000    0.0002    7.298  767.138    5.661  312.346    1.372
  10440.00 0.135     657.967      14.338    1540.000       0.000    0.0002    7.524  861.511    6.410  316.241    1.595
  10500.00 0.135     671.978       9.183    1420.000       0.000    0.0002    7.739  901.017    6.170  319.473    1.585
  10560.00 0.134     670.909       6.073    1460.000       0.000    0.0002    7.877  876.226    6.482  322.786    1.584
  10620.00 0.135     674.684       9.222    1420.000       0.000    0.0002    7.940  870.279    6.953  325.369    1.683
  10680.00 0.133     672.353       8.676    1460.000       0.000    0.0002    7.763  969.539    6.131  328.499    1.869
  10740.00 0.133     676.996       1.978    1540.000       0.000    0.0002    7.240  954.354    5.477  330.352    1.817
  10800.00 0.136     669.159       7.191    1540.000       0.000    0.0002    6.661  874.162    6.694  331.220    1.618
  10860.00 0.134     665.912       8.504    1660.000       0.000    0.0002    6.311  975.714    6.197  331.224    1.493
  10920.00 0.132     651.070       7.454    1460.000       0.000    0.0002    6.066  923.088    6.029  328.520    1.709
  10980.00 0.135     640.290       5.942    1500.000       0.000    0.0002    6.012  702.613    5.487  324.270    1.189
  11040.00 0.134     646.423      11.460    1500.000       0.000    0.0002    5.875  668.295    4.875  321.955    1.282
  11100.00 0.137     647.260       8.541    1420.000       0.000    0.0002    5.608  677.264    4.665  321.885    1.346
  11160.00 0.145     659.595      11.265    1460.000       0.000    0.0002    5.413  618.390    5.449  321.941    1.349
  11220.00 0.141     651.404       3.397    1500.000       0.000    0.0002    5.269  508.900    5.982  320.883    1.506
  11280.00 0.140     651.916       4.948    1500.000       0.000    0.0002    5.319  734.542    6.888  320.493    1.763
  11340.00 0.140     652.904       5.183    1500.000       0.000    0.0002    5.401  876.677    8.165  322.476    2.023
  11400.00 0.138     655.469       7.398    1460.000       0.000    0.0002    5.490  974.832    7.797  323.277    1.899
  11460.00 0.140     660.699      13.147    1940.000       0.000    0.0002    5.525  832.856    6.481  323.411    1.601
  11520.00 0.140     665.035       6.748    1700.000       0.000    0.0002    5.557  712.958    6.119  326.133    1.360
  11580.00 0.140     667.652       5.287    1460.000       0.000    0.0002    5.691  722.923    5.458  328.661    1.396
  11640.00 0.138     666.561       3.492    1580.000       0.000    0.0002    5.938  733.525    5.775  331.106    1.653
  11700.00 0.142     663.230       5.292    1580.000       0.000    0.0002    6.090  775.958    6.937  335.625    1.587
  11760.00 0.141     660.625       8.438    1580.000       0.000    0.0002    6.333  993.565    7.973  339.167    1.862
  11820.00 0.138     660.495       7.350    1420.000       0.000    0.0002    6.701 1170.437    7.426  342.288    1.960
  11880.00 0.143     667.603       5.068    1540.000       0.000    0.0002    6.944 1118.063    6.997  343.399    2.492
  11940.00 0.141     660.555       6.447    1940.000       0.000    0.0002    6.990 1110.156    6.510  344.292    2.176
  12000.00 0.141     661.107      13.287    1940.000       0.000    0.0002    6.740  990.372    6.127  347.622    1.853
  12060.00 0.141     662.418       3.005    1540.000       0.000    0.0002    6.492  892.553    5.901  352.871    1.596
  12120.00 0.142     664.048       6.449    1500.000       0.000    0.0002    6.276  808.975    6.223  353.655    1.663
  12180.00 0.145     668.162       4.958    1540.000       0.000    0.0002    6.019  673.897    5.237  347.530    1.545
  12240.00 0.146     674.891      12.120    1580.000       0.000    0.0002    5.673  575.915    4.908  342.563    1.427
  12300.00 0.146     672.215       4.732    1580.000       0.000    0.0002    5.452  438.710    4.681  340.646    1.096
  12360.00 0.146     674.161       8.859    1540.000       0.000    0.0002    5.368  523.657    4.888  338.747    1.078
  12420.00 0.149     676.928       8.399    1460.000       0.000    0.0002    5.339  463.482    4.726  336.289    1.274
  12480.00 0.148     670.363       5.248    1580.000       0.000    0.0002    5.280  454.947    4.902  333.966    1.239
  12540.00 0.146     670.836      12.809    1460.000       0.000    0.0002    5.211  532.712    5.630  332.910    1.437
  12600.00 0.145     662.017      17.008    1460.000       0.000    0.0002    5.187  583.260    5.153  333.155    1.320
  12660.00 0.150     650.699       3.024    1460.000       0.000    0.0002    5.281  650.998    5.796  333.133    1.455
  12720.00 0.150     646.753       3.279    1460.000       0.000    0.0002    5.327  614.205    5.435  333.135    1.472
  12780.00 0.145     652.525       8.114    1460.000       0.000    0.0002    5.375  513.296    6.005  334.066    1.489
  12840.00 0.145     658.992       3.597    1460.000       0.000    0.0002    5.303  568.899    6.513  336.101    1.487
  12900.00 0.152     663.666       8.039    1500.000       0.000    0.0002    5.209  675.675    7.054  337.417    1.563
  12960.00 0.149     666.098       8.820    1460.000       0.000    0.0002    5.103  612.824    6.319  336.803    1.189
  13020.00 0.149     667.213       6.820    1500.000       0.000    0.0002    4.984  572.404    5.163  336.371    1.303
  13080.00 0.143     676.027       9.932    1420.000       0.000    0.0002    4.822  474.445    5.057  336.931    1.164
  13140.00 0.146     669.715       6.499    1460.000       0.000    0.0002    4.713  460.343    4.274  336.765    1.047
  13200.00 0.146     669.128      10.638    1500.000       0.000    0.0002    4.707  419.432    4.958  336.169    1.010
  13260.00 0.145     665.473       7.365    1460.000       0.000    0.0002    4.748  358.788    5.430  335.455    1.130
  13320.00 0.148     656.046       2.932    1460.000       0.000    0.0002    4.759  402.532    5.759  335.134    1.150
  13380.00 0.152     665.217       4.187    1420.000       0.000    0.0002    4.893  428.691    4.372  335.552    1.132
  13440.00 0.155     671.339       8.157    1500.000       0.000    0.0002    5.183  408.041    4.884  337.485    1.133
  13500.00 0.152     674.575       5.361    1340.000       0.000    0.0002    5.678  445.770    5.264  341.972    1.262
  13560.00 0.147     668.372      10.631    1380.000       0.000    0.0002    6.207  627.270    6.037  349.074    1.359
  13620.00 0.148     669.043       7.591    1500.000       0.000    0.0002    6.846  755.374    6.975  357.838    1.659
  13680.00 0.142     684.192       9.897    1460.000       0.000    0.0002    7.490  988.918    7.394  366.769    1.848
  13740.00 0.143     689.333      10.222    1500.000       0.000    0.0002    8.099 1132.857    7.651  375.007    1.925
  13800.00 0.142     690.051       4.666    1940.000       0.000    0.0002    8.486 1156.691    8.066  381.531    2.076
  13860.00 0.145     683.798       4.504    1940.000       0.000    0.0002    8.628 1089.457    7.664  388.445    1.879
  13920.00 0.141     683.074       5.838    1500.000       0.000    0.0002    8.358 1257.526    8.606  391.719    2.266
  13980.00 0.143     679.897       6.667    1940.000       0.000    0.0002    7.680  992.361    6.336  388.306    1.537
  14040.00 0.146     687.291       7.726    1660.000       0.000    0.0002    6.834  662.348    5.809  385.935    1.434
  14100.00 0.143     689.097       5.792    1580.000       0.000    0.0002    6.131  549.988    5.425  385.822    1.413
  14160.00 0.144     679.729       1.119    1580.000       0.000    0.0002    5.606  472.813    5.775  378.445    1.167
  14220.00 0.144     682.071      12.632    1540.000       0.000    0.0002    5.244  443.423    5.107  370.644    1.336
  14280.00 0.142     677.724       2.483    1500.000       0.000    0.0002    5.034  441.599    5.032  368.496    1.241
  14340.00 0.146     684.523       9.045    1540.000       0.000    0.0002    4.846  416.121    5.322  368.224    1.326
  14400.00 0.143     676.684       6.564    1460.000       0.000    0.0002    4.724  386.964    5.613  367.180    1.258
  14460.00 0.146     674.338       4.020    1460.000       0.000    0.0002    4.716  462.491    6.619  367.400    1.425
  14520.00 0.142     666.345       6.759    1540.000       0.000    0.0002    5.045  718.525    9.029  370.363    1.728
  14580.00 0.140     666.073       5.899    1460.000       0.000    0.0002    5.601 1104.833    8.862  376.386    2.169
  14640.00 0.141     675.069       6.007    1940.000       0.000    0.0002    6.277 1280.638   10.622  383.531    2.232
  14700.00 0.141     665.260       3.841    1940.000       0.000    0.0002    6.732 1619.694    8.854  388.122    2.462
  14760.00 0.139     667.916       4.904    1980.000       0.000    0.0002    6.901 1684.877    9.560  389.948    2.615
  14820.00 0.142     664.185      10.086    1940.000       0.000    0.0002    6.777 1410.341    6.640  391.963    2.292
  14880.00 0.147     663.582      13.698    1940.000       0.000    0.0002    6.271  887.665    6.488  394.415    1.832
  14940.00 0.150     660.195       8.990    1500.000       0.000    0.0002    5.900  557.658    5.198  395.305    1.277
  15000.00 0.151     658.641       6.990    1460.000       0.000    0.0002    6.054  422.656    5.136  391.760    1.275
  15060.00 0.150     650.163       8.046    1460.000       0.000    0.0002    6.520  507.651    5.505  387.424    1.333
  15120.00 0.148     660.592       5.625    1460.000       0.000    0.0002    7.241  598.068    6.841  391.300    1.418
  15180.00 0.157     665.333       5.488    1420.000       0.000    0.0002    8.118  688.933    6.318  398.963    1.486
  15240.00 0.156     667.473       6.468    1460.000       0.000    0.0002    9.171  859.705    6.836  404.657    1.724
  15300.00 0.153     676.587       5.455    1420.000       0.000    0.0002   10.225 1133.196    8.864  413.854    2.370
  15360.00 0.154     675.151       5.040    1940.000       0.000    0.0002   11.087 1523.886    8.141  426.057    2.441
  15420.00 0.157     684.124      10.760    1940.000       0.000    0.0002   11.410 1390.414    7.449  431.526    2.508
  15480.00 0.156     698.556       5.306    1940.000       0.000    0.0002   10.915  920.959    6.196  432.810    2.055
  15540.00 0.160     705.366       8.293    1660.000       0.000    0.0002    9.737  844.730    7.439  434.474    1.851
  15600.00 0.160     709.512      11.189    1580.000       0.000    0.0002    8.489  826.933    8.128  438.643    1.679
  15660.00 0.158     708.827       5.864    1580.000       0.000    0.0002    7.637  931.402    8.820  435.779    1.526
  15720.00 0.159     708.909       9.309    1500.000       0.000    0.0002    7.119  886.242    7.540  426.115    1.440
  15780.00 0.150     695.824       9.853    1500.000       0.000    0.0002    6.768  835.514    7.492  419.909    1.668
  15840.00 0.146     686.267       6.067    1500.000       0.000    0.0002    6.401  737.467    5.782  411.426    1.662
  15900.00 0.147     689.103       7.110    1660.000       0.000    0.0002    5.924  580.199    5.709  400.975    1.295
  15960.00 0.142     693.265       2.337    1500.000       0.000    0.0002    5.455  446.051    5.468  395.501    1.400
  16020.00 0.136     697.066       5.295    1460.000       0.000    0.0002    5.132  387.891    5.802  395.455    1.326
  16080.00 0.136     698.345      16.367    1540.000       0.000    0.0002    4.862  386.454    5.453  395.080    1.288
  16140.00 0.133     697.422       3.646    1500.000       0.000    0.0002    4.687  398.721    5.272  391.070    1.127
  16200.00 0.132     700.000       4.185    1500.000       0.000    0.0002    4.587  442.434    5.215  385.890    1.204
  16260.00 0.127     705.626       7.476    1540.000       0.000    0.0002    4.510  568.832    5.841  384.038    1.329
  16320.00 0.135     690.036      16.354    1540.000       0.000    0.0002    4.436  695.540    6.895  384.819    1.576
  16380.00 0.137     699.786       8.897    1500.000       0.000    0.0002    4.388  750.926    6.486  384.590    1.740
  16440.00 0.134     695.036       5.255    1540.000       0.000    0.0002    4.313  825.492    6.609  381.801    1.809
  16500.00 0.136     692.302       5.935    1420.000       0.000    0.0002    4.114  770.531    6.731  378.180    1.849
  16560.00 0.127     686.054       3.487    1460.000       0.000    0.0002    3.757  769.776    6.054  375.215    1.904
  16620.00 0.125     685.832       1.057    1940.000       0.000    0.0002    3.395  548.229    4.809  373.445    1.546
  16680.00 0.125     688.941      11.725    1540.000       0.000    0.0002    3.142  399.442    4.417  373.186    1.117
  16740.00 0.122     674.451       5.669    1500.000       0.000    0.0002    3.100  255.630    4.633  372.295    0.955
  16800.00 0.126     674.778       7.234    1420.000       0.000    0.0002    3.274  264.263    4.506  370.886    1.023
  16860.00 0.127     673.563       9.157    1580.000       0.000    0.0002    3.512  335.542    5.574  371.160    1.054
  16920.00 0.132     666.382      10.946    1380.000       0.000    0.0002    3.841  441.131    5.326  372.756    1.184
  16980.00 0.131     670.970       4.776    1460.000       0.000    0.0002    4.248  595.521    6.470  375.122    1.491
  17040.00 0.127     666.360       8.467    1540.000       0.000    0.0002    4.708  754.801    6.208  379.113    1.639
  17100.00 0.130     666.328       8.475    1540.000       0.000    0.0002    5.159  885.969    6.436  384.478    1.795
  17160.00 0.135     668.014      11.661    1420.000       0.000    0.0002    5.501  907.685    6.370  388.845    1.721
  17220.00 0.137     676.613       6.595    1460.000       0.000    0.0002    5.714  843.698    5.399  392.272    1.241
  17280.00 0.132     674.317       4.945    1620.000       0.000    0.0002    5.886  626.289    5.645  397.170    1.490
  17340.00 0.130     667.834       6.403    1540.000       0.000    0.0002    6.137  558.406    6.350  401.956    1.350
  17400.00 0.127     677.428       7.601    1500.000       0.000    0.0002    6.413  700.145    6.480  406.446    1.580
  17460.00 0.135     689.097       9.061    1460.000       0.000    0.0002    6.766  847.405    7.560  412.090    1.970
  17520.00 0.135     687.681      10.217    1700.000       0.000    0.0002    7.066  989.811    8.872  416.009    2.051
  17580.00 0.135     686.162      10.342    1940.000       0.000    0.0002    7.121  986.775    6.591  416.822    2.088
  17640.00 0.140     683.484       5.993    1740.000       0.000    0.0002    6.938  739.102    6.715  418.586    1.929
  17700.00 0.140     687.853       4.572    1620.000       0.000    0.0002    6.630  889.709    6.702  421.975    1.688
  17760.00 0.142     683.821      12.151    1620.000       0.000    0.0002    6.478  963.105    7.255  421.229    1.932
  17820.00 0.143     684.889       9.128    1580.000       0.000    0.0002    6.421  779.848    5.417  417.669    1.703
  17880.00 0.147     674.110       4.626    1460.000       0.000    0.0002    6.463  528.599    6.140  418.304    1.767
  17940.00 0.154     672.063       2.159    1460.000       0.000    0.0002    6.637  666.774    6.886  421.628    1.760
  18000.00 0.158     683.220       6.471    1500.000       0.000    0.0002    6.885  749.022    7.767  424.496    1.631
  18060.00 0.159     691.398       2.919    1620.000       0.000    0.0002    7.268  873.110    8.082  428.341    1.906
  18120.00 0.160     691.598       5.845    1460.000       0.000    0.0002    7.557  972.493    7.587  430.868    2.219
  18180.00 0.160     698.841       3.902    1580.000       0.000    0.0002    7.583 1030.819    6.690  431.190    2.100
  18240.00 0.159     706.432       6.953    1940.000       0.000    0.0002    7.426  856.186    6.587  431.815    1.835
  18300.00 0.158     712.674       9.954    1620.000       0.000    0.0002    7.112  679.462    5.448  432.158    1.735
  18360.00 0.161     718.424       5.848    1940.000       0.000    0.0002    6.700  502.186    6.091  429.677    1.263
  18420.00 0.163     714.513       3.418    1620.000       0.000    0.0002    6.389  443.658    6.046  427.349    1.441
  18480.00 0.168     706.638       6.667    1500.000       0.000    0.0002    6.152  539.263    6.366  426.686    1.579
  18540.00 0.156     705.463       6.531    1580.000       0.000    0.0002    6.010  554.923    6.347  424.867    1.473
  18600.00 0.156     703.944       5.415    1500.000       0.000    0.0002    5.906  626.172    6.003  421.642    1.584
  18660.00 0.156     709.515       7.668    1620.000       0.000    0.0002    5.849  569.947    5.618  420.116    1.673
  18720.00 0.153     721.789       9.105    1580.000       0.000    0.0002    5.811  470.656    6.352  421.001    1.326
  18780.00 0.150     703.719       4.078    1460.000       0.000    0.0002    5.886  611.234    7.252  423.964    1.546
  18840.00 0.148     703.967       8.033    1620.000       0.000    0.0002    6.096  781.054    7.432  426.015    1.622
  18900.00 0.151     713.074       7.120    1580.000       0.000    0.0002    6.224  973.608    8.487  426.372    2.214
  18960.00 0.159     716.800       8.092    1500.000       0.000    0.0002    6.244 1103.171    7.991  426.348    2.001
  19020.00 0.154     715.556      10.667    1940.000       0.000    0.0002    5.925  923.337    6.335  425.740    1.980
  19080.00 0.155     717.729      10.410    1940.000       0.000    0.0002    5.447  827.756    6.300  423.468    1.674
  19140.00 0.152     707.085       5.089    1500.000       0.000    0.0002    5.018  601.624    5.663  420.683    1.265
  19200.00 0.152     700.257       6.228    1540.000       0.000    0.0002    4.745  548.381    6.240  419.130    1.306
  19260.00 0.145     702.631       6.442    1460.000       0.000    0.0002    4.604  478.531    5.863  416.717    1.338
  19320.00 0.148     705.149       6.436    1620.000       0.000    0.0002    4.596  409.830    5.900  413.483    1.315
  19380.00 0.152     704.702       3.124    1460.000       0.000    0.0002    4.706  487.506    6.234  411.454    1.261
  19440.00 0.146     702.800       9.467    1540.000       0.000    0.0002    5.005  586.070    6.627  412.936    1.445
  19500.00 0.141     692.652       3.847    1540.000       0.000    0.0002    5.537  707.954    7.012  418.035    1.455
  19560.00 0.138     697.092       3.865    1460.000       0.000    0.0002    6.300  751.732    7.085  425.652    1.671
  19620.00 0.138     704.586       6.243    1540.000       0.000    0.0002    7.266  947.567    7.130  434.732    1.693
  19680.00 0.135     697.464       7.391    1940.000       0.000    0.0002    8.438  963.504    7.945  445.879    1.715
  19740.00 0.137     701.070      11.052    1580.000       0.000    0.0002    9.752 1204.005    8.433  461.491    1.819
  19800.00 0.135     713.622       2.450    1580.000       0.000    0.0002   10.743 1262.944    9.316  476.888    2.367
  19860.00 0.142     723.064       9.742    1940.000       0.000    0.0002   11.246 1482.660    9.002  487.922    2.120
  19920.00 0.143     723.481      12.355    1940.000       0.000    0.0002   11.186 1429.730    8.925  495.042    2.180
  19980.00 0.144     706.927       9.813    1940.000       0.000    0.0002   10.560 1125.117    9.589  498.351    1.981
  20040.00 0.141     714.905       9.255    1940.000       0.000    0.0002    9.667 1130.726    8.233  499.875    2.044
  20100.00 0.138     718.272       9.735    1940.000       0.000    0.0002    8.876 1247.990    8.703  498.041    2.033
  20160.00 0.140     708.811       9.825    1940.000       0.000    0.0002    8.264 1033.486    7.380  491.371    1.686
  20220.00 0.138     696.120      13.369    1580.000       0.000    0.0002    8.034  866.912    8.138  484.287    1.701
  20280.00 0.137     685.790       5.790    1580.000       0.000    0.0002    7.970  912.529    9.172  480.499    1.796
  20340.00 0.135     692.305       8.711    1940.000       0.000    0.0002    7.974  932.593    6.477  480.626    1.650
  20400.00 0.136     683.052       4.632    1540.000       0.000    0.0002    8.246  831.865    6.680  484.495    1.561
  20460.00 0.137     688.277       9.414    1580.000       0.000    0.0002    8.453  817.837    6.665  488.308    1.533
  20520.00 0.141     689.722       7.257    1580.000       0.000    0.0002    8.673  864.538    6.424  485.544    1.663
  20580.00 0.143     703.761       8.821    1580.000       0.000    0.0002    8.720  889.542    7.348  481.461    1.713
  20640.00 0.149     720.098       8.903    1580.000       0.000    0.0002    8.651  859.319    6.915  482.070    1.555
  20700.00 0.150     709.286       2.890    1500.000       0.000    0.0002    8.369  696.977    6.672  480.135    1.653
  20760.00 0.157     713.583      15.732    1580.000       0.000    0.0002    8.026  667.443    6.606  474.825    1.593
  20820.00 0.162     699.218       8.602    1540.000       0.000    0.0002    7.514  663.359    5.200  469.801    1.603
  20880.00 0.168     701.630       6.929    1580.000       0.000    0.0002    7.077  653.207    5.773  466.269    1.392
  20940.00 0.166     698.000       9.206    1540.000       0.000    0.0002    6.919  543.329    6.122  462.798    1.557
  21000.00 0.162     696.386       9.428    1540.000       0.000    0.0002    6.813  666.540    6.580  457.567    1.572
  21060.00 0.159     687.077      11.385    1540.000       0.000    0.0002    6.754  721.392    6.725  454.242    1.607
  21120.00 0.158     702.778       4.630    1580.000       0.000    0.0002    6.527  682.032    6.790  453.273    1.994
  21180.00 0.153     696.172      11.228    1620.000       0.000    0.0002    6.150  604.794    6.409  451.343    1.609
  21240.00 0.152     704.887       3.087    1540.000       0.000    0.0002    5.822  455.560    5.469  449.306    1.530
  21300.00 0.153     721.019       9.363    1540.000       0.000    0.0002    5.774  414.537    5.081  448.965    1.295
  21360.00 0.155     722.929       5.827    1540.000       0.000    0.0002    5.854  437.726    4.923  447.964    1.384
  21420.00 0.159     723.631       9.477    1540.000       0.000    0.0002    5.983  404.396    5.430  445.631    1.339
  21480.00 0.157     731.442       6.078    1500.000       0.000    0.0002    6.081  465.559    5.532  444.058    1.335
  21540.00 0.157     726.998      10.918    1500.000       0.000    0.0002    6.156  500.835    5.479  444.814    1.575
  21600.00 0.162     733.494      12.018    1500.000       0.000    0.0002    6.147  513.862    5.483  445.590    1.676
  21660.00 0.159     751.077      11.846    1580.000       0.000    0.0002    6.007  464.618    6.291  444.933    1.421
  21720.00 0.156     742.633       7.179    1500.000       0.000    0.0002    5.803  583.898    6.162  443.583    1.556
  21780.00 0.150     738.306       6.808    1500.000       0.000    0.0002    5.688  780.660    6.958  444.008    1.588
  21840.00 0.146     745.067      10.133    1540.000       0.000    0.0002    5.695  902.509    8.455  446.248    1.877
  21900.00 0.140     742.997       8.467    1460.000       0.000    0.0002    5.747  895.980    6.962  447.171    2.121
  21960.00 0.141     736.131      11.572    1540.000       0.000    0.0002    5.784  717.721    6.850  448.291    1.631
  22020.00 0.134     738.033       3.315    1500.000       0.000    0.0002    5.936  660.425    6.824  451.934    1.492
  22080.00 0.135     747.653       5.884    1540.000       0.000    0.0002    6.165  621.156    6.784  453.766    1.699
  22140.00 0.129     725.530      12.348    1580.000       0.000    0.0002    6.405  572.751    6.172  452.463    1.536
  22200.00 0.134     721.494       5.027    1500.000       0.000    0.0002    6.561  628.255    6.701  450.548    1.721
  22260.00 0.140     725.017       6.167    1580.000       0.000    0.0002    6.489  573.010    5.802  450.088    1.540
  22320.00 0.139     731.734      13.485    1580.000       0.000    0.0002    6.225  534.275    5.781  449.223    1.501
  22380.00 0.139     728.070       9.579    1500.000       0.000    0.0002    5.796  523.493    5.951  446.803    1.530
  22440.00 0.144     711.235       5.787    1620.000       0.000    0.0002    5.355  568.825    5.404  443.581    1.562
  22500.00 0.148     718.579       5.785    1460.000       0.000    0.0002    5.055  524.867    4.844  439.002    1.290
  22560.00 0.139     728.822       3.409    1500.000       0.000    0.0002    4.834  410.641    4.277  435.210    1.075
  22620.00 0.142     724.165       8.262    1500.000       0.000    0.0002    4.769  486.760    5.980  434.217    1.521
  22680.00 0.131     718.243       9.907    1500.000       0.000    0.0002    4.842  613.561    7.268  435.002    1.726
  22740.00 0.132     699.704       8.111    1420.000       0.000    0.0002    5.055  676.350    7.227  437.797    1.814
  22800.00 0.135     704.348      13.406    1500.000       0.000    0.0002    5.319  776.196    8.091  440.244    2.087
  22860.00 0.134     696.800      10.145    1460.000       0.000    0.0002    5.633  792.263    6.928  439.732    1.759
  22920.00 0.130     691.638       6.026    1940.000       0.000    0.0002    5.825  649.474    6.801  440.208    1.804
  22980.00 0.130     693.558       8.127    1540.000       0.000    0.0002    5.784  546.196    6.305  442.835    1.700
  23040.00 0.132     709.111       7.148    1500.000       0.000    0.0002    5.589  504.055    5.471  442.818    1.428
  23100.00 0.135     717.939       9.042    1540.000       0.000    0.0002    5.361  468.001    4.784  440.870    1.323
  23160.00 0.143     715.548       4.384    1580.000       0.000    0.0002    5.257  410.466    4.796  439.896    1.176
  23220.00 0.143     711.448       9.608    1500.000       0.000    0.0002    5.097  321.579    5.254  439.487    1.255
  23280.00 0.145     711.380       9.091    1580.000       0.000    0.0002    4.977  337.684    5.381  439.391    1.065
  23340.00 0.150     722.316      12.072    1460.000       0.000    0.0002    5.002  355.783    4.790  438.606    1.086
  23400.00 0.149     721.895      10.000    1540.000       0.000    0.0002    5.110  366.742    4.746  437.696    1.107
  23460.00 0.147     715.232      11.325    1460.000       0.000    0.0002    5.390  386.897    5.023  439.250    1.227
  23520.00 0.147     711.940      12.272    1540.000       0.000    0.0002    5.617  441.561    6.323  443.478    1.389
  23580.00 0.145     714.570      19.089    1620.000       0.000    0.0002    5.865  585.593    7.768  449.424    1.635
  23640.00 0.143     713.973       4.589    1540.000       0.000    0.0002    6.232  783.364    8.226  457.189    1.977
  23700.00 0.148     715.724      12.467    1500.000       0.000    0.0002    6.669  999.717    8.414  464.155    2.177
  23760.00 0.151     721.070      11.475    1940.000       0.000    0.0002    7.090 1027.755    8.185  467.429    2.095
  23820.00 0.149     717.049       9.967    1940.000       0.000    0.0002    7.243 1060.360    7.935  468.181    2.147
  23880.00 0.150     712.488      10.862    1940.000       0.000    0.0002    7.113  795.876    6.302  470.412    1.866
  23940.00 0.157     713.602      10.870    1620.000       0.000    0.0002    6.914  658.608    6.213  473.644    1.562
  24000.00 0.161     723.065       5.857    1580.000       0.000    0.0002    6.701  498.508    6.267  473.341    1.402
  24060.00 0.167     720.350       5.656    1660.000       0.000    0.0002    6.598  534.013    6.458  470.006    1.508
  24120.00 0.171     721.481       6.838    1620.000       0.000    0.0002    6.502  479.541    6.938  467.180    1.723
  24180.00 0.171     713.732       6.353    1500.000       0.000    0.0002    6.394  461.603    6.671  466.682    1.501
  24240.00 0.175     709.497       6.257    1580.000       0.000    0.0002    6.228  462.538    6.281  465.656    1.459
  24300.00 0.175     703.849       4.630    1580.000       0.000    0.0002    5.930  497.420    5.603  463.233    1.503
  24360.00 0.172     711.631       7.745    1620.000       0.000    0.0002    5.669  370.988    5.266  460.649    1.203
  24420.00 0.174     715.393       7.163    1620.000       0.000    0.0002    5.422  391.643    4.753  458.631    1.166
  24480.00 0.174     722.053       9.226    1580.000       0.000    0.0002    5.291  278.819    5.056  456.727    1.202
  24540.00 0.174     729.004       8.752    1580.000       0.000    0.0002    5.140  292.505    5.332  454.848    1.324
  24600.00 0.167     722.924      11.959    1540.000       0.000    0.0002    4.995  337.280    4.889  452.999    1.166
  24660.00 0.162     723.988      10.211    1620.000       0.000    0.0002    4.912  308.951    5.841  451.361    1.271
  24720.00 0.151     721.942      10.324    1500.000       0.000    0.0002    5.024  405.322    5.077  451.187    1.288
  24780.00 0.146     722.067       8.267    1660.000       0.000    0.0002    5.217  448.972    5.884  453.077    1.333
  24840.00 0.150     724.209       8.777    1500.000       0.000    0.0002    5.523  498.226    6.381  456.516    1.645
  24900.00 0.154     727.154       5.374    1620.000       0.000    0.0002    5.890  637.340    6.911  459.518    1.857
  24960.00 0.150     718.140       4.502    1460.000       0.000    0.0002    6.310  694.472    6.420  461.784    1.620
  25020.00 0.156     724.038       9.703    1940.000       0.000    0.0002    6.595  630.244    7.434  464.882    1.764
  25080.00 0.155     721.669      10.835    1580.000       0.000    0.0002    6.742  688.025    6.308  468.458    1.946
  25140.00 0.160     729.650       9.833    1580.000       0.000    0.0002    6.660  695.150    6.735  470.493    1.573
  25200.00 0.151     723.613       9.742    1660.000       0.000    0.0002    6.459  586.758    6.704  471.806    1.787
  25260.00 0.152     722.600      12.039    1500.000       0.000    0.0002    6.241  502.150    6.011  470.834    1.544
  25320.00 0.151     729.579       7.217    1500.000       0.000    0.0002    5.897  503.159    6.032  468.476    1.323
  25380.00 0.151     729.838       4.725    1540.000       0.000    0.0002    5.663  678.195    7.761  468.217    1.850
  25440.00 0.152     728.526      11.090    1540.000       0.000    0.0002    5.490  853.720    9.220  470.337    2.175
  25500.00 0.155     721.325       6.909    1660.000       0.000    0.0002    5.414  979.346   10.146  469.354    1.952
  25560.00 0.155     721.921       8.441    1660.000       0.000    0.0002    5.451 1030.886    8.357  466.051    2.026
  25620.00 0.154     716.228       3.106    1940.000       0.000    0.0002    5.432 1008.136    7.291  466.407    1.812
  25680.00 0.155     716.315       5.512    1980.000       0.000    0.0002    5.444  989.381    8.455  470.399    1.991
  25740.00 0.156     715.313       6.000    1940.000       0.000    0.0002    5.375 1033.682    7.280  469.328    1.866
  25800.00 0.154     722.067      10.143    1940.000       0.000    0.0002    5.262  944.531    5.645  463.531    2.025
  25860.00 0.153     717.125       6.166    1940.000       0.000    0.0002    5.073  687.193    5.488  458.835    1.473
  25920.00 0.150     713.333       8.846    1620.000       0.000    0.0002    4.842  402.775    5.339  457.223    1.283
  25980.00 0.149     718.693      12.320    1500.000       0.000    0.0002    4.753  304.468    4.569  456.363    1.136
  26040.00 0.146     713.733      15.467    1500.000       0.000    0.0002    4.862  476.673    4.746  454.671    1.216
  26100.00 0.143     712.969       5.836    1460.000       0.000    0.0002    5.147  612.575    6.512  455.526    1.316
  26160.00 0.142     716.454      10.947    1620.000       0.000    0.0002    5.537  592.009    6.311  459.904    1.541
  26220.00 0.143     726.007       5.427    1580.000       0.000    0.0002    5.974  696.224    6.933  463.929    1.516
  26280.00 0.141     731.458       2.569    1540.000       0.000    0.0002    6.445  655.279    6.569  467.069    1.703
  26340.00 0.143     743.680      10.801    1580.000       0.000    0.0002    6.742  698.049    7.239  471.357    1.848
  26400.00 0.139     750.456       6.632    1940.000       0.000    0.0002    6.770  639.039    7.247  474.935    1.698
  26460.00 0.139     756.028       4.780    1940.000       0.000    0.0002    6.618  581.055    6.937  476.993    1.646
  26520.00 0.138     750.511      12.134    1500.000       0.000    0.0002    6.267  490.916    5.918  477.089    1.557
  26580.00 0.140     740.836       8.815    1620.000       0.000    0.0002    5.879  602.342    5.683  476.029    1.377
  26640.00 0.138     740.637      12.071    1580.000       0.000    0.0002    5.618  442.202    5.359  473.444    1.297
  26700.00 0.141     746.090       7.370    1660.000       0.000    0.0002    5.483  475.553    5.100  470.452    1.178
  26760.00 0.137     738.082       5.897    1540.000       0.000    0.0002    5.439  614.190    5.955  468.941    1.253
  26820.00 0.139     735.211      11.373    1460.000       0.000    0.0002    5.614  534.001    6.335  469.052    1.215
  26880.00 0.139     741.681       7.671    1580.000       0.000    0.0002    5.861  578.777    5.512  469.874    1.392
  26940.00 0.137     745.196       9.502    1540.000       0.000    0.0002    5.910  773.873    5.538  470.185    1.773
  27000.00 0.133     754.359       7.326    1540.000       0.000    0.0002    6.009  821.685    6.307  470.951    2.250
  27060.00 0.134     750.311       9.324    1940.000       0.000    0.0002    5.906  789.915    6.871  471.573    2.293
  27120.00 0.138     761.940       5.538    1980.000       0.000    0.0002    5.746  690.442    8.155  474.324    2.025
  27180.00 0.133     767.179       5.238    1580.000       0.000    0.0002    5.598  855.335    9.339  479.059    2.103
  27240.00 0.129     765.227       7.348    1580.000       0.000    0.0002    5.372  863.457    7.836  478.603    2.202
  27300.00 0.125     746.275      13.294    1940.000       0.000    0.0002    5.040  716.878    6.531  472.765    1.486
  27360.00 0.121     743.152       4.040    1940.000       0.000    0.0002    4.680  514.154    5.745  470.540    1.572
  27420.00 0.125     741.719       3.047    1620.000       0.000    0.0002    4.303  422.966    5.170  469.634    1.233
  27480.00 0.131     738.808       9.832    1540.000       0.000    0.0002    4.033  400.874    5.164  463.426    1.336
  27540.00 0.129     740.983      12.439    1620.000       0.000    0.0002    3.984  311.478    6.057  457.940    1.349
  27600.00 0.132     731.513       6.642    1540.000       0.000    0.0002    4.067  381.281    6.408  458.504    1.350
  27660.00 0.138     734.991      10.582    1620.000       0.000    0.0002    4.320  414.340    5.585  460.118    1.341
  27720.00 0.138     729.007      11.170    1580.000       0.000    0.0002    4.708  409.178    5.740  459.725    1.261
  27780.00 0.149     737.582       5.458    1620.000       0.000    0.0002    5.032  398.525    5.550  460.841    1.309
  27840.00 0.154     751.791       2.662    1660.000       0.000    0.0002    5.236  369.728    5.688  464.723    1.409
  27900.00 0.151     753.981       2.783    1620.000       0.000    0.0002    5.454  420.174    5.940  469.155    1.362
  27960.00 0.150     751.158       9.592    1620.000       0.000    0.0002    5.732  482.685    6.822  474.408    1.547
  28020.00 0.150     751.531       7.915    1460.000       0.000    0.0002    6.063  743.939    7.635  483.256    1.657
  28080.00 0.147     741.531       4.526    1580.000       0.000    0.0002    6.591  886.606    8.537  495.070    1.916
  28140.00 0.146     742.747       9.045    1540.000       0.000    0.0002    7.262 1113.083    8.995  507.755    2.448
  28200.00 0.145     740.203       3.142    1940.000       0.000    0.0002    7.839 1135.291    9.982  514.296    2.510
  28260.00 0.143     744.846      15.085    1940.000       0.000    0.0002    7.946 1030.590    9.037  515.052    2.269
  28320.00 0.146     734.916       6.054    1940.000       0.000    0.0002    7.696  841.051    7.532  518.751    1.939
  28380.00 0.148     740.329       8.534    1940.000       0.000    0.0002    7.268  674.624    7.140  523.223    1.671
  28440.00 0.152     749.374       4.880    1620.000       0.000    0.0002    6.759  499.196    5.839  521.366    1.485
  28500.00 0.156     744.075       7.022    1580.000       0.000    0.0002    6.327  520.710    6.154  517.219    1.430
  28560.00 0.150     733.083       5.775    1580.000       0.000    0.0002    6.288  608.878    6.220  516.231    1.596
  28620.00 0.153     722.456       7.560    1500.000       0.000    0.0002    6.720  665.336    6.248  518.547    1.512
  28680.00 0.157     725.008       8.491    1660.000       0.000    0.0002    7.584  682.755    7.165  523.738    1.782
  28740.00 0.157     733.157      11.042    1620.000       0.000    0.0002    8.607  877.129    8.154  532.546    2.072
  28800.00 0.160     728.128       6.849    1940.000       0.000    0.0002    9.825 1142.702    8.179  545.447    2.410
