#  time      cc     z_cbase    z_ctop_avg  z_ctop_max      zi         we   <<ql>>  <<ql>>_max   w_max   tke     ql_max
     60.00 0.000       0.000       0.000       0.000       0.000    0.0002    0.000    0.000    0.171  616.581    0.000
    120.00 0.000       0.000       0.000       0.000       0.000    0.0002    0.000    0.000    0.317  417.032    0.000
    180.00 0.000       0.000       0.000       0.000       0.000    0.0002    0.000    0.000    0.336  300.071    0.000
    240.00 0.000       0.000       0.000       0.000       0.000    0.0002    0.000    0.000    0.307  225.746    0.000
    300.00 0.000       0.000       0.000       0.000       0.000    0.0002    0.000    0.000    0.251  176.530    0.000
    360.00 0.000       0.000       0.000       0.000       0.000    0.0002    0.000    0.000    0.284  143.355    0.000
    420.00 0.000       0.000       0.000       0.000       0.000    0.0002    0.000    0.000    0.303  121.088    0.000
    480.00 0.000       0.000       0.000       0.000       0.000    0.0002    0.000    0.000    0.316  105.674    0.000
    540.00 0.000       0.000       0.000       0.000       0.000    0.0002    0.000    0.000    0.331   93.838    0.000
    600.00 0.000       0.000       0.000       0.000       0.000    0.0002    0.000    0.000    0.354   84.561    0.000
    660.00 0.000       0.000       0.000       0.000       0.000    0.0002    0.000    0.000    0.377   78.004    0.000
    720.00 0.000       0.000       0.000       0.000       0.000    0.0002    0.000    0.000    0.424   73.673    0.000
    780.00 0.000       0.000       0.000       0.000       0.000    0.0002    0.000    0.000    0.479   70.833    0.000
    840.00 0.000       0.000       0.000       0.000       0.000    0.0002    0.000    0.000    0.568   69.018    0.000
    900.00 0.000       0.000       0.000       0.000       0.000    0.0002    0.000    0.000    0.634   67.773    0.000
    960.00 0.000       0.000       0.000       0.000       0.000    0.0002    0.000    0.000    0.697   67.119    0.000
   1020.00 0.000       0.000       0.000       0.000       0.000    0.0002    0.000    0.000    0.737   67.540    0.000
   1080.00 0.000       0.000       0.000       0.000       0.000    0.0002    0.000    0.000    0.769   69.033    0.000
   1140.00 0.000       0.000       0.000       0.000       0.000    0.0002    0.000    0.000    0.842   71.205    0.000
   1200.00 0.000       0.000       0.000       0.000       0.000    0.0002    0.000    0.000    0.862   74.024    0.000
   1260.00 0.001     572.000       0.000     580.000       0.000    0.0002    0.000    0.690    0.881   77.663    0.016
   1320.00 0.003     572.727       0.000     580.000       0.000    0.0002    0.004    3.477    0.937   82.225    0.078
   1380.00 0.005     570.000       0.000     580.000       0.000    0.0002    0.011    7.213    1.027   87.911    0.092
   1440.00 0.013     563.396      10.189     580.000       0.000    0.0002    0.028   11.512    1.090   94.839    0.161
   1500.00 0.022     565.495       0.000     660.000       0.000    0.0002    0.069   19.417    1.188  102.904    0.213
   1560.00 0.032     567.669       0.000     660.000       0.000    0.0002    0.139   29.275    1.296  112.057    0.291
   1620.00 0.049     566.533       8.342     660.000       0.000    0.0002    0.262   46.910    1.798  122.352    0.426
   1680.00 0.063     568.682       6.434     660.000       0.000    0.0002    0.452   79.610    2.242  133.731    0.605
   1740.00 0.078     568.840      12.853     700.000       0.000    0.0002    0.712  118.587    2.664  146.094    0.769
   1800.00 0.100     568.362       8.020     660.000       0.000    0.0002    1.081  146.026    2.900  159.314    0.863
   1860.00 0.124     567.638       5.866     660.000       0.000    0.0002    1.557  181.023    3.435  173.055    0.900
   1920.00 0.138     567.915       7.597     700.000       0.000    0.0002    2.145  197.087    3.780  187.031    0.971
   1980.00 0.153     569.696       6.816     780.000       0.000    0.0002    2.860  238.171    3.428  201.043    0.985
   2040.00 0.169     572.359       2.750     980.000       0.000    0.0002    3.655  284.063    3.795  214.754    1.075
   2100.00 0.184     574.096       6.543    1300.000       0.000    0.0002    4.521  330.073    4.207  227.785    1.149
   2160.00 0.191     577.908       4.490    1300.000       0.000    0.0002    5.400  359.756    4.236  239.829    1.249
   2220.00 0.197     581.784       7.782    1300.000       0.000    0.0002    6.268  396.882    4.699  250.738    1.364
   2280.00 0.199     586.512       5.606    1300.000       0.000    0.0002    7.071  489.893    5.147  260.142    1.242
   2340.00 0.203     594.423       3.870    1340.000       0.000    0.0002    7.810  545.515    4.828  267.697    1.299
   2400.00 0.204     600.671       9.616    1380.000       0.000    0.0002    8.385  533.649    4.651  273.340    1.478
   2460.00 0.199     605.361       8.176    1340.000       0.000    0.0002    8.758  490.375    4.819  276.925    1.604
   2520.00 0.198     613.778       5.654    1420.000       0.000    0.0002    8.984  515.178    5.698  278.355    1.390
   2580.00 0.192     616.336       8.321    1460.000       0.000    0.0002    8.975  509.562    4.516  277.178    1.236
   2640.00 0.189     616.082       6.753    1380.000       0.000    0.0002    8.758  510.086    4.411  273.341    1.173
   2700.00 0.186     626.186       3.250    1500.000       0.000    0.0002    8.329  490.651    4.397  268.008    1.096
   2760.00 0.179     628.992       7.466    1460.000       0.000    0.0002    7.685  394.860    4.253  261.408    1.177
   2820.00 0.177     630.884       8.729    1500.000       0.000    0.0002    6.890  421.455    4.344  254.122    1.201
   2880.00 0.172     636.997       5.609    1500.000       0.000    0.0002    5.991  430.333    4.603  246.473    1.253
   2940.00 0.165     641.246       5.994    1500.000       0.000    0.0002    5.152  398.407    4.630  237.809    1.160
   3000.00 0.157     636.947       5.794    1420.000       0.000    0.0002    4.400  353.191    3.848  228.816    1.030
   3060.00 0.151     634.133       4.895    1380.000       0.000    0.0002    3.812  287.607    3.552  220.884    1.089
   3120.00 0.142     633.242       4.254    1420.000       0.000    0.0002    3.362  293.050    4.089  214.094    1.010
   3180.00 0.134     632.701       7.701    1420.000       0.000    0.0002    3.172  375.256    4.196  208.045    1.014
   3240.00 0.129     631.849       5.660    1300.000       0.000    0.0002    3.058  459.273    4.475  202.081    1.103
   3300.00 0.130     630.902      15.263    1380.000       0.000    0.0002    2.972  528.975    4.412  196.449    1.147
   3360.00 0.123     635.109      10.736    1420.000       0.000    0.0002    2.882  556.836    4.071  191.866    1.123
   3420.00 0.122     631.520      10.480    1340.000       0.000    0.0002    2.767  498.533    3.791  188.615    1.185
   3480.00 0.115     629.746       5.593    1380.000       0.000    0.0002    2.624  480.135    4.130  186.576    1.035
   3540.00 0.115     627.745       5.277    1300.000       0.000    0.0002    2.541  475.713    4.073  185.034    1.047
   3600.00 0.111     633.480       4.361    1460.000       0.000    0.0002    2.481  476.050    4.105  183.117    1.139
   3660.00 0.106     640.690       5.287    1540.000       0.000    0.0002    2.395  384.400    3.553  180.991    1.129
   3720.00 0.105     635.556       2.870    1380.000       0.000    0.0002    2.263  262.922    4.210  179.118    1.238
   3780.00 0.105     633.828       8.399    1420.000       0.000    0.0002    2.143  300.367    4.339  177.703    1.142
   3840.00 0.100     635.294       8.578    1420.000       0.000    0.0002    2.053  344.737    4.646  176.525    1.059
   3900.00 0.098     643.284       5.970    1340.000       0.000    0.0002    1.969  330.076    3.860  175.354    0.791
   3960.00 0.091     630.968       5.215    1500.000       0.000    0.0002    1.939  318.777    4.205  174.496    1.083
   4020.00 0.089     631.868       6.923    1300.000       0.000    0.0002    1.966  347.774    4.606  174.075    1.124
   4080.00 0.090     625.854      11.165    1300.000       0.000    0.0002    2.047  385.713    4.237  174.394    1.071
   4140.00 0.090     620.325       3.469    1300.000       0.000    0.0002    2.139  469.451    4.391  175.223    1.069
   4200.00 0.093     620.000       6.121    1300.000       0.000    0.0002    2.246  550.934    4.338  176.041    1.222
   4260.00 0.091     623.019      10.135    1340.000       0.000    0.0002    2.333  590.202    4.537  176.928    1.064
   4320.00 0.089     614.066       6.813    1300.000       0.000    0.0002    2.403  551.126    3.705  178.097    1.007
   4380.00 0.090     617.615       6.938    1300.000       0.000    0.0002    2.473  406.014    3.114  179.344    1.071
   4440.00 0.094     617.617       9.948    1300.000       0.000    0.0002    2.566  325.669    3.473  180.706    1.021
   4500.00 0.094     624.073       4.752    1460.000       0.000    0.0002    2.673  356.359    3.910  182.332    1.226
   4560.00 0.097     629.223       1.754    1420.000       0.000    0.0002    2.734  447.036    4.519  184.150    1.296
   4620.00 0.103     626.857      12.857    1300.000       0.000    0.0002    2.838  443.887    4.328  186.127    1.096
   4680.00 0.106     627.298       6.005    1300.000       0.000    0.0002    2.885  384.765    3.881  188.380    1.160
   4740.00 0.111     629.272      13.422    1420.000       0.000    0.0002    2.859  374.258    3.948  190.405    1.157
   4800.00 0.118     627.093      14.598    1500.000       0.000    0.0002    2.804  408.714    4.235  191.742    1.145
   4860.00 0.119     629.652       0.000    1340.000       0.000    0.0002    2.680  450.615    4.608  192.736    1.104
   4920.00 0.128     626.031       8.969    1380.000       0.000    0.0002    2.591  466.015    4.213  193.505    1.030
   4980.00 0.127     624.769       7.731    1300.000       0.000    0.0002    2.522  448.739    3.991  194.430    1.002
   5040.00 0.126     618.062       2.248    1380.000       0.000    0.0002    2.530  402.820    3.897  195.891    0.987
   5100.00 0.125     615.859       3.711    1500.000       0.000    0.0002    2.618  331.295    4.412  197.734    1.183
   5160.00 0.129     615.152      10.341    1300.000       0.000    0.0002    2.775  455.393    5.386  199.601    1.267
   5220.00 0.125     613.152       8.677    1380.000       0.000    0.0002    2.941  571.225    5.689  201.549    1.264
   5280.00 0.123     613.968       6.310    1460.000       0.000    0.0002    3.225  648.310    5.178  204.036    1.443
   5340.00 0.123     608.515       8.911    1340.000       0.000    0.0002    3.550  695.196    5.526  207.005    1.568
   5400.00 0.125     613.541       9.455    1460.000       0.000    0.0002    3.808  647.468    5.505  209.885    1.688
   5460.00 0.130     620.300      14.859    1420.000       0.000    0.0002    3.915  588.209    4.178  211.951    1.407
   5520.00 0.136     623.597       5.935    1420.000       0.000    0.0002    3.902  549.670    3.995  213.672    1.308
   5580.00 0.138     627.660       9.362    1380.000       0.000    0.0002    3.825  429.333    4.128  215.321    1.113
   5640.00 0.144     630.897       7.039    1460.000       0.000    0.0002    3.716  423.174    4.070  216.056    1.031
   5700.00 0.138     631.358       5.891    1420.000       0.000    0.0002    3.636  424.868    4.123  216.887    0.944
   5760.00 0.136     632.379       7.657    1420.000       0.000    0.0002    3.575  383.057    3.510  218.370    0.931
   5820.00 0.131     625.522       8.433    1380.000       0.000    0.0002    3.563  306.501    3.960  219.563    0.987
   5880.00 0.132     626.802      10.573    1300.000       0.000    0.0002    3.616  393.895    4.226  220.856    1.038
   5940.00 0.129     619.773       4.053    1380.000       0.000    0.0002    3.800  482.912    4.630  222.575    1.109
   6000.00 0.131     622.985       7.313    1300.000       0.000    0.0002    3.974  523.705    4.395  223.984    1.095
   6060.00 0.131     618.810       7.361    1460.000       0.000    0.0002    4.067  548.923    4.512  225.011    1.189
   6120.00 0.133     624.265       6.066    1500.000       0.000    0.0002    4.090  547.969    4.358  226.011    1.127
   6180.00 0.132     629.168       7.726    1500.000       0.000    0.0002    4.027  486.685    4.713  226.780    1.152
   6240.00 0.138     622.908       7.979    1420.000       0.000    0.0002    3.924  463.844    4.617  227.175    1.188
   6300.00 0.141     624.444       9.931    1420.000       0.000    0.0002    3.818  482.768    3.769  226.762    1.119
   6360.00 0.147     631.229       4.452    1420.000       0.000    0.0002    3.707  486.063    3.728  225.666    1.056
   6420.00 0.140     634.400       4.452    1300.000       0.000    0.0002    3.680  458.652    3.530  225.216    0.908
   6480.00 0.141     637.192       8.284    1300.000       0.000    0.0002    3.716  382.302    4.407  225.241    1.062
   6540.00 0.134     631.782       3.309    1300.000       0.000    0.0002    3.772  437.438    4.970  225.451    1.115
   6600.00 0.138     629.858       9.078    1340.000       0.000    0.0002    3.820  447.812    4.249  226.259    0.937
   6660.00 0.137     628.271       7.522    1420.000       0.000    0.0002    3.868  409.271    4.339  227.613    1.079
   6720.00 0.140     630.087       8.661    1460.000       0.000    0.0002    3.968  488.260    4.904  229.379    1.323
   6780.00 0.138     634.397      11.809    1420.000       0.000    0.0002    4.147  547.487    5.271  231.189    1.311
   6840.00 0.135     632.101       7.971    1380.000       0.000    0.0002    4.327  482.502    4.998  232.981    1.326
   6900.00 0.140     638.746       9.477    1420.000       0.000    0.0002    4.562  458.294    4.679  235.146    1.264
   6960.00 0.140     638.322       6.993    1420.000       0.000    0.0002    4.773  549.164    5.568  237.743    1.335
   7020.00 0.144     636.259       8.741    1420.000       0.000    0.0002    4.942  597.051    5.387  240.954    1.316
   7080.00 0.146     637.018       6.231    1460.000       0.000    0.0002    5.157  607.618    5.034  244.017    1.256
   7140.00 0.140     641.463       7.456    1420.000       0.000    0.0002    5.354  576.388    5.121  246.166    1.405
   7200.00 0.140     639.580       5.000    1420.000       0.000    0.0002    5.509  618.895    5.445  248.913    1.323
   7260.00 0.141     644.792       6.042    1380.000       0.000    0.0002    5.693  755.278    5.794  252.248    1.473
   7320.00 0.138     643.986       5.679    1500.000       0.000    0.0002    5.900  844.243    5.111  255.034    1.606
   7380.00 0.139     633.590       9.632    1420.000       0.000    0.0002    6.133  798.196    6.013  257.465    1.510
   7440.00 0.142     642.552       5.552    1500.000       0.000    0.0002    6.311  644.409    5.674  259.061    1.252
   7500.00 0.142     647.307       7.890    1460.000       0.000    0.0002    6.334  628.341    5.243  260.541    1.257
   7560.00 0.141     649.047       5.511    1500.000       0.000    0.0002    6.398  654.968    4.857  263.456    1.298
   7620.00 0.143     645.486      10.664    1420.000       0.000    0.0002    6.489  597.676    4.832  266.775    1.504
   7680.00 0.148     642.479       4.628    1540.000       0.000    0.0002    6.633  535.033    5.170  269.641    1.647
   7740.00 0.146     648.067       7.333    1420.000       0.000    0.0002    6.792  650.380    5.563  272.877    1.542
   7800.00 0.147     651.774      15.522    1380.000       0.000    0.0002    7.047  790.151    5.792  276.544    1.743
   7860.00 0.147     650.882       6.290    1460.000       0.000    0.0002    7.291  865.776    5.519  278.830    1.702
   7920.00 0.149     643.711       5.452    1500.000       0.000    0.0002    7.333  817.602    5.497  280.096    1.723
   7980.00 0.147     653.101      12.769    1660.000       0.000    0.0002    7.256  903.112    5.550  282.894    1.415
   8040.00 0.150     646.623       9.070    1420.000       0.000    0.0002    7.133  911.971    5.194  285.390    1.803
   8100.00 0.152     649.103      13.173    1460.000       0.000    0.0002    6.870  838.075    5.955  285.718    1.732
   8160.00 0.154     643.101      13.987    1460.000       0.000    0.0002    6.468  777.891    5.661  284.681    1.643
   8220.00 0.153     641.534       6.262    1420.000       0.000    0.0002    6.105  645.420    5.035  283.553    1.289
   8280.00 0.153     646.368       4.064    1460.000       0.000    0.0002    5.823  476.699    4.405  282.237    1.400
   8340.00 0.153     647.687       0.861    1460.000       0.000    0.0002    5.637  467.612    4.344  280.097    1.257
   8400.00 0.158     649.783       5.728    1500.000       0.000    0.0002    5.435  368.917    4.677  277.184    1.242
   8460.00 0.157     646.957      11.646    1500.000       0.000    0.0002    5.380  403.075    5.061  276.435    1.068
   8520.00 0.158     648.483       6.192    1460.000       0.000    0.0002    5.527  443.379    4.611  276.465    1.015
   8580.00 0.160     651.659      12.390    1500.000       0.000    0.0002    5.789  509.734    4.591  276.668    1.166
   8640.00 0.162     652.085       7.039    1500.000       0.000    0.0002    6.196  552.141    4.488  277.754    1.098
   8700.00 0.161     647.110       5.234    1500.000       0.000    0.0002    6.596  574.099    4.709  279.738    1.344
   8760.00 0.157     648.447       8.789    1580.000       0.000    0.0002    6.929  644.800    4.778  283.187    1.423
   8820.00 0.158     651.765       7.152    1460.000       0.000    0.0002    7.233  687.942    4.587  286.989    1.428
   8880.00 0.160     657.130       5.924    1420.000       0.000    0.0002    7.417  709.078    5.022  289.444    1.297
   8940.00 0.159     657.734       5.207    1580.000       0.000    0.0002    7.440  688.010    5.502  291.659    1.417
   9000.00 0.152     656.154       8.910    1540.000       0.000    0.0002    7.330  644.245    4.993  293.660    1.364
   9060.00 0.153     658.786       5.399    1620.000       0.000    0.0002    7.024  554.519    4.882  293.907    1.300
   9120.00 0.151     658.772      13.086    1500.000       0.000    0.0002    6.769  541.646    4.617  293.463    1.296
   9180.00 0.154     674.873      13.671    1420.000       0.000    0.0002    6.530  470.652    5.071  293.009    1.258
   9240.00 0.154     673.206       6.921    1500.000       0.000    0.0002    6.376  559.691    5.486  292.920    1.185
   9300.00 0.154     665.024       3.021    1540.000       0.000    0.0002    6.372  678.520    4.846  294.130    1.448
   9360.00 0.154     673.397       7.175    1460.000       0.000    0.0002    6.348  739.712    5.096  296.789    1.408
   9420.00 0.152     665.778      13.034    1500.000       0.000    0.0002    6.413  736.691    5.491  299.438    1.513
   9480.00 0.149     662.745       2.418    1580.000       0.000    0.0002    6.530  697.658    5.476  301.258    1.370
   9540.00 0.147     654.809       7.953    1460.000       0.000    0.0002    6.638  645.740    5.819  302.804    1.481
   9600.00 0.150     666.645       6.221    1460.000       0.000    0.0002    6.818  856.258    6.479  305.193    1.718
   9660.00 0.148     664.934       7.105    1460.000       0.000    0.0002    6.962 1075.007    6.495  308.299    1.820
   9720.00 0.153     668.000       8.512    1580.000       0.000    0.0002    7.052 1201.708    6.459  310.246    2.063
   9780.00 0.152     653.945       4.928    1940.000       0.000    0.0002    6.923 1233.180    6.172  309.776    2.094
   9840.00 0.148     663.828      11.914    1940.000       0.000    0.0002    6.663 1027.081    4.702  310.123    1.798
   9900.00 0.152     664.744       8.526    1500.000       0.000    0.0002    6.394  809.786    5.325  312.203    1.307
   9960.00 0.153     666.400       9.504    1420.000       0.000    0.0002    6.099  683.231    6.341  311.518    1.602
  10020.00 0.145     667.555       6.476    1460.000       0.000    0.0002    5.794  815.862    6.564  307.956    1.697
  10080.00 0.147     664.120      13.389    1460.000       0.000    0.0002    5.503  872.692    5.614  304.524    1.528
  10140.00 0.144     664.958      11.986    1420.000       0.000    0.0002    5.183  730.422    6.420  301.722    1.419
  10200.00 0.145     662.084       6.050    1540.000       0.000    0.0002    4.933  676.316    5.183  298.893    1.307
  10260.00 0.144     657.216       4.754    1500.000       0.000    0.0002    4.770  577.533    5.736  296.500    1.310
  10320.00 0.146     665.467       9.333    1460.000       0.000    0.0002    4.678  636.251    5.591  295.110    1.310
  10380.00 0.152     662.889       1.798    1460.000       0.000    0.0002    4.600  603.507    6.363  294.149    1.233
  10440.00 0.151     657.351       8.239    1460.000       0.000    0.0002    4.485  594.813    5.325  293.370    1.241
  10500.00 0.153     660.192       7.040    1460.000       0.000    0.0002    4.316  585.913    5.884  292.778    1.206
  10560.00 0.151     654.563       5.696    1500.000       0.000    0.0002    4.227  575.216    5.834  292.583    1.343
  10620.00 0.152     662.564       8.878    1420.000       0.000    0.0002    4.096  481.151    6.418  292.120    1.205
  10680.00 0.149     657.115       8.623    1460.000       0.000    0.0002    3.933  509.795    6.703  291.073    1.256
  10740.00 0.145     652.807       7.765    1500.000       0.000    0.0002    3.859  585.961    5.692  290.786    1.312
  10800.00 0.143     645.068       7.637    1420.000       0.000    0.0002    3.886  524.926    4.962  290.896    1.130
  10860.00 0.134     638.248       6.715    1500.000       0.000    0.0002    4.011  515.520    5.156  290.146    1.173
  10920.00 0.131     635.642       7.896    1380.000       0.000    0.0002    4.059  470.968    5.238  289.046    1.217
  10980.00 0.135     644.420       3.442    1380.000       0.000    0.0002    4.006  494.209    4.697  288.985    1.158
  11040.00 0.137     653.440       7.059    1500.000       0.000    0.0002    3.896  374.945    4.375  289.466    1.078
  11100.00 0.139     660.423       8.556    1420.000       0.000    0.0002    3.780  296.830    3.916  289.589    0.976
  11160.00 0.136     661.216       5.474    1460.000       0.000    0.0002    3.723  365.261    4.606  289.510    1.087
  11220.00 0.139     656.344       6.749    1300.000       0.000    0.0002    3.786  476.024    5.304  289.558    1.332
  11280.00 0.137     659.218       6.892    1460.000       0.000    0.0002    3.970  522.118    6.975  290.343    1.461
  11340.00 0.138     658.942       3.351    1420.000       0.000    0.0002    4.240  736.487    7.089  292.729    1.356
  11400.00 0.134     663.570      10.018    1340.000       0.000    0.0002    4.600 1014.035    7.036  296.924    1.526
  11460.00 0.131     655.539       4.684    1460.000       0.000    0.0002    5.067 1104.740    7.929  302.126    2.013
  11520.00 0.135     652.971       8.406    1460.000       0.000    0.0002    5.500 1145.889    8.267  308.133    1.882
  11580.00 0.130     657.970       3.947    1940.000       0.000    0.0002    5.839 1051.199    6.518  314.461    2.511
  11640.00 0.133     662.426      12.059    1940.000       0.000    0.0002    6.016  943.833    6.928  319.805    1.758
  11700.00 0.140     653.322      10.748    1700.000       0.000    0.0002    6.120 1023.500    7.904  326.377    2.338
  11760.00 0.142     652.000       8.483    1940.000       0.000    0.0002    6.226 1071.893    6.819  328.889    2.256
  11820.00 0.148     649.127       8.007    1940.000       0.000    0.0002    6.317 1029.656    5.522  326.114    2.158
  11880.00 0.151     644.710       7.839    1940.000       0.000    0.0002    6.194  693.202    5.721  328.597    1.561
  11940.00 0.157     651.028       9.595    1500.000       0.000    0.0002    5.979  479.065    5.718  336.284    1.309
  12000.00 0.156     662.449       8.728    1540.000       0.000    0.0002    5.935  488.694    5.971  337.655    1.485
  12060.00 0.156     664.563       8.125    1540.000       0.000    0.0002    6.149  602.836    7.045  333.578    1.718
  12120.00 0.161     659.392       5.258    1580.000       0.000    0.0002    6.558  610.044    6.716  336.709    1.354
  12180.00 0.165     660.000       5.570    1420.000       0.000    0.0002    7.107  695.980    6.935  345.267    1.432
  12240.00 0.159     665.031       9.356    1460.000       0.000    0.0002    7.786  864.393    6.345  351.445    1.733
  12300.00 0.165     667.858       8.863    1740.000       0.000    0.0002    8.491  929.910    7.428  356.384    1.978
  12360.00 0.161     666.606       9.576    1460.000       0.000    0.0002    9.188  860.271    6.239  364.727    2.158
  12420.00 0.163     675.845       5.501    1540.000       0.000    0.0002    9.656  716.059    5.676  373.471    1.667
  12480.00 0.170     692.310       9.756    1540.000       0.000    0.0002    9.905  756.276    6.303  378.726    1.905
  12540.00 0.170     693.496      10.446    1620.000       0.000    0.0002    9.869  706.087    6.650  381.849    2.090
  12600.00 0.169     701.387      10.376    1620.000       0.000    0.0002    9.711  881.279    7.678  385.976    1.766
  12660.00 0.169     701.329       6.156    1700.000       0.000    0.0002    9.659 1076.549    8.299  391.846    1.874
  12720.00 0.162     692.519       8.808    1540.000       0.000    0.0002    9.704 1276.993    7.430  394.841    1.998
  12780.00 0.163     684.910       8.084    1740.000       0.000    0.0002    9.604 1199.543    8.119  395.747    2.079
  12840.00 0.160     689.358       5.688    1940.000       0.000    0.0002    9.353 1158.368    8.287  396.922    2.153
  12900.00 0.154     679.937      14.873    1940.000       0.000    0.0002    8.882 1056.914    6.760  395.550    1.781
  12960.00 0.153     686.624      10.064    1940.000       0.000    0.0002    8.497  752.696    6.749  394.787    1.919
  13020.00 0.149     684.118       9.281    1620.000       0.000    0.0002    8.405  862.186    6.651  398.330    1.775
  13080.00 0.144     695.246      12.054    1580.000       0.000    0.0002    8.445 1083.006    7.675  401.796    1.933
  13140.00 0.142     689.983       4.288    1540.000       0.000    0.0002    8.737 1175.726    7.470  402.421    2.212
  13200.00 0.149     694.754       6.295    1940.000       0.000    0.0002    9.020 1297.510    6.260  404.243    1.916
  13260.00 0.147     707.695       3.217    1940.000       0.000    0.0002    8.982 1345.915    6.526  406.804    1.953
  13320.00 0.151     715.767       8.950    1940.000       0.000    0.0002    8.645 1023.237    7.403  407.296    2.106
  13380.00 0.143     701.709       5.538    1940.000       0.000    0.0002    8.026 1008.060    7.174  404.953    1.723
  13440.00 0.141     710.884      14.385    1580.000       0.000    0.0002    7.250  886.677    8.301  404.526    1.986
  13500.00 0.143     717.945      16.404    1500.000       0.000    0.0002    6.689 1019.196    8.102  402.089    1.966
  13560.00 0.136     694.490      10.125    1540.000       0.000    0.0002    6.559 1058.797    6.862  394.548    2.209
  13620.00 0.136     688.345       7.698    1940.000       0.000    0.0002    6.590  825.062    6.857  389.539    2.315
  13680.00 0.134     684.364       5.455    1940.000       0.000    0.0002    6.677  686.608    6.841  391.219    1.766
  13740.00 0.133     685.028      11.853    1620.000       0.000    0.0002    6.855  670.464    6.528  393.527    1.518
  13800.00 0.137     698.788       9.091    1540.000       0.000    0.0002    7.068  704.900    6.549  391.356    1.501
  13860.00 0.137     691.815       7.794    1580.000       0.000    0.0002    7.306  752.550    6.769  390.448    1.593
  13920.00 0.133     695.074      10.404    1500.000       0.000    0.0002    7.161  787.649    7.132  393.685    1.519
  13980.00 0.131     688.156       4.320    1500.000       0.000    0.0002    6.884  625.383    6.572  393.583    1.680
  14040.00 0.139     700.701       3.608    1540.000       0.000    0.0002    6.540  635.750    6.576  387.368    1.564
  14100.00 0.142     707.822       9.640    1540.000       0.000    0.0002    6.160  781.056    6.827  382.840    1.510
  14160.00 0.141     710.915       9.948    1580.000       0.000    0.0002    5.764  903.881    6.399  380.220    1.653
  14220.00 0.137     700.357       7.380    1700.000       0.000    0.0002    5.252  886.370    5.793  373.503    1.631
  14280.00 0.133     687.182      13.333    1540.000       0.000    0.0002    4.741  884.145    5.143  365.774    1.498
  14340.00 0.131     680.112       3.589    1580.000       0.000    0.0002    4.405  862.021    5.805  363.417    1.508
  14400.00 0.131     663.731      12.463    1540.000       0.000    0.0002    4.164  960.176    5.007  361.966    1.607
  14460.00 0.128     669.025       8.222    1500.000       0.000    0.0002    4.021  825.845    4.211  357.776    1.329
  14520.00 0.123     661.753       7.012    1500.000       0.000    0.0002    3.981  600.861    5.158  353.585    1.258
  14580.00 0.121     664.615       6.923    1540.000       0.000    0.0002    3.984  501.426    5.337  351.486    1.220
  14640.00 0.119     668.148       9.835    1500.000       0.000    0.0002    3.955  465.377    4.968  350.879    1.208
  14700.00 0.115     669.556       5.751    1620.000       0.000    0.0002    3.937  427.360    4.955  349.649    1.198
  14760.00 0.117     681.879       5.261    1500.000       0.000    0.0002    4.063  431.802    5.461  346.997    1.275
  14820.00 0.116     680.252       6.513    1500.000       0.000    0.0002    4.179  573.900    5.475  345.910    1.368
  14880.00 0.119     686.173       4.609    1460.000       0.000    0.0002    4.220  578.453    5.203  346.490    1.236
  14940.00 0.116     690.549       7.384    1540.000       0.000    0.0002    4.159  438.252    4.971  345.299    1.393
  15000.00 0.112     699.127       9.563    1540.000       0.000    0.0002    3.998  383.455    4.049  343.551    1.263
  15060.00 0.108     701.625       7.178    1460.000       0.000    0.0002    3.682  329.927    4.269  343.497    1.012
  15120.00 0.115     706.427       6.469    1500.000       0.000    0.0002    3.430  296.236    4.437  343.627    1.150
  15180.00 0.111     703.877       4.361    1420.000       0.000    0.0002    3.265  394.442    5.183  342.390    1.189
  15240.00 0.108     683.764       6.077    1380.000       0.000    0.0002    3.316  470.828    5.836  342.077    1.271
  15300.00 0.111     672.807       5.833    1380.000       0.000    0.0002    3.442  562.019    6.488  342.861    1.374
  15360.00 0.112     682.582       5.733    1380.000       0.000    0.0002    3.594  706.226    6.915  343.291    1.640
  15420.00 0.114     687.811       5.579    1420.000       0.000    0.0002    3.667  864.614    7.096  343.483    2.115
  15480.00 0.113     668.937       7.939    1500.000       0.000    0.0002    3.551  916.832    6.208  343.490    1.855
  15540.00 0.118     668.465       7.552    1940.000       0.000    0.0002    3.408  722.607    6.067  344.720    1.837
  15600.00 0.117     661.336       2.756    1540.000       0.000    0.0002    3.282  474.636    6.196  346.222    1.502
  15660.00 0.118     660.907       6.186    1420.000       0.000    0.0002    3.249  414.105    5.196  345.265    1.557
  15720.00 0.123     653.479       5.408    1500.000       0.000    0.0002    3.272  361.805    4.413  343.360    1.383
  15780.00 0.125     655.686       5.922    1580.000       0.000    0.0002    3.366  254.727    4.482  343.258    1.173
  15840.00 0.128     659.392       8.099    1420.000       0.000    0.0002    3.410  282.578    4.755  344.634    1.028
  15900.00 0.129     658.788       6.629    1580.000       0.000    0.0002    3.485  304.467    4.542  346.962    1.141
  15960.00 0.132     661.035      15.416    1460.000       0.000    0.0002    3.655  297.472    4.708  349.656    1.121
  16020.00 0.134     666.362       9.360    1500.000       0.000    0.0002    3.953  319.153    4.942  352.516    1.281
  16080.00 0.134     672.774      10.511    1500.000       0.000    0.0002    4.295  322.590    5.761  355.948    1.242
  16140.00 0.130     667.970      16.090    1460.000       0.000    0.0002    4.680  379.262    5.777  359.466    1.316
  16200.00 0.134     675.649       4.863    1420.000       0.000    0.0002    5.133  377.393    6.069  363.657    1.261
  16260.00 0.134     675.620       6.788    1460.000       0.000    0.0002    5.600  422.988    6.184  369.306    1.386
  16320.00 0.143     676.479       5.880    1460.000       0.000    0.0002    6.014  473.814    6.592  375.609    1.381
  16380.00 0.143     680.307       6.201    1500.000       0.000    0.0002    6.446  562.581    6.093  382.440    1.638
  16440.00 0.150     685.626       4.846    1540.000       0.000    0.0002    6.855  641.056    6.621  389.921    1.611
  16500.00 0.152     684.155       5.217    1460.000       0.000    0.0002    7.254  728.876    7.589  397.641    1.885
  16560.00 0.154     681.013       5.000    1460.000       0.000    0.0002    7.415  815.090    6.923  401.531    1.912
  16620.00 0.153     689.618      10.446    1940.000       0.000    0.0002    7.243  722.007    6.017  400.147    1.566
  16680.00 0.156     686.207      12.978    1620.000       0.000    0.0002    6.756  566.896    5.804  399.486    1.403
  16740.00 0.157     685.404       4.938    1540.000       0.000    0.0002    6.220  529.990    5.684  401.485    1.228
  16800.00 0.155     686.016      10.520    1500.000       0.000    0.0002    5.871  496.115    5.952  402.729    1.362
  16860.00 0.157     687.477       9.128    1460.000       0.000    0.0002    5.723  531.552    6.486  401.661    1.352
  16920.00 0.156     687.875       8.656    1540.000       0.000    0.0002    5.773  607.567    6.022  401.812    1.310
  16980.00 0.152     682.436       7.276    1540.000       0.000    0.0002    5.953  521.662    6.649  403.558    1.446
  17040.00 0.151     683.793      11.994    1580.000       0.000    0.0002    6.156  579.833    6.028  403.900    1.339
  17100.00 0.159     676.738       6.831    1540.000       0.000    0.0002    6.329  615.099    5.195  405.200    1.188
  17160.00 0.158     680.741       9.846    1460.000       0.000    0.0002    6.477  631.796    5.641  407.985    1.559
  17220.00 0.165     682.222       7.585    1460.000       0.000    0.0002    6.565  633.054    5.767  409.475    1.624
  17280.00 0.159     687.385      11.446    1460.000       0.000    0.0002    6.463  613.003    5.205  408.506    1.560
  17340.00 0.164     692.976       6.815    1580.000       0.000    0.0002    6.149  510.494    5.881  406.323    1.422
  17400.00 0.167     696.327       6.356    1500.000       0.000    0.0002    5.714  457.178    5.448  404.443    1.310
  17460.00 0.163     696.402       7.886    1500.000       0.000    0.0002    5.418  493.913    5.371  403.156    1.370
  17520.00 0.161     691.745       2.762    1500.000       0.000    0.0002    5.273  478.533    6.054  402.341    1.359
  17580.00 0.161     688.407      13.202    1500.000       0.000    0.0002    5.246  474.798    6.353  402.055    1.385
  17640.00 0.167     691.474       4.613    1420.000       0.000    0.0002    5.323  585.619    6.660  401.573    1.477
  17700.00 0.162     684.314       8.959    1380.000       0.000    0.0002    5.427  541.200    6.865  401.297    1.488
  17760.00 0.163     691.018      12.964    1500.000       0.000    0.0002    5.562  574.773    6.353  402.394    1.689
  17820.00 0.163     695.322      13.313    1540.000       0.000    0.0002    5.674  577.093    7.052  404.060    1.825
  17880.00 0.153     705.312      10.400    1660.000       0.000    0.0002    5.768  573.038    5.670  405.167    1.643
  17940.00 0.147     698.010      13.566    1540.000       0.000    0.0002    5.845  420.061    5.783  406.770    1.466
  18000.00 0.146     716.577       4.530    1580.000       0.000    0.0002    5.981  490.450    5.879  409.361    1.491
  18060.00 0.144     721.256      10.866    1580.000       0.000    0.0002    6.226  586.412    7.439  412.357    1.714
  18120.00 0.142     727.241       8.483    1500.000       0.000    0.0002    6.568  732.317    8.116  415.809    1.940
  18180.00 0.141     719.411       6.274    1460.000       0.000    0.0002    6.950  898.167    7.417  418.847    1.955
  18240.00 0.141     722.669      14.801    1940.000       0.000    0.0002    7.301 1060.334    7.102  420.958    1.892
  18300.00 0.137     722.238      11.581    1940.000       0.000    0.0002    7.430  972.576    7.079  425.863    1.982
  18360.00 0.143     721.128       8.991    1540.000       0.000    0.0002    7.266  758.251    7.238  431.149    1.663
  18420.00 0.143     717.436       4.513    1540.000       0.000    0.0002    6.866  760.752    8.865  433.702    1.979
  18480.00 0.135     716.029      11.913    1500.000       0.000    0.0002    6.447  964.099    8.400  433.954    1.603
  18540.00 0.129     710.359       2.571    1500.000       0.000    0.0002    6.256 1237.683    8.427  432.081    2.285
  18600.00 0.124     700.786       0.000    1940.000       0.000    0.0002    5.899 1066.156    6.571  426.901    1.891
  18660.00 0.121     713.441       4.939    1580.000       0.000    0.0002    5.309  749.277    5.654  423.023    1.565
  18720.00 0.118     710.804       5.320    1540.000       0.000    0.0002    4.641  582.758    5.858  422.635    1.355
  18780.00 0.125     707.059       4.000    1500.000       0.000    0.0002    4.162  453.547    6.112  419.561    1.338
  18840.00 0.125     684.825       4.747    1540.000       0.000    0.0002    3.813  494.933    6.161  414.362    1.241
  18900.00 0.125     677.354       4.864    1500.000       0.000    0.0002    3.903  508.888    5.993  412.561    1.508
  18960.00 0.129     670.491      11.396    1460.000       0.000    0.0002    4.342  636.396    6.347  412.897    1.332
  19020.00 0.135     676.721       8.252    1460.000       0.000    0.0002    4.985  771.349    6.377  414.798    1.500
  19080.00 0.137     681.423       4.377    1500.000       0.000    0.0002    5.785  849.648    6.282  420.542    1.764
  19140.00 0.141     674.646       8.981    1460.000       0.000    0.0002    6.599  756.161    6.986  429.023    1.572
  19200.00 0.143     675.877       6.405    1500.000       0.000    0.0002    7.457  927.069    7.822  438.707    1.632
  19260.00 0.151     678.158      10.307    1580.000       0.000    0.0002    8.408 1033.046    6.921  450.337    1.777
  19320.00 0.155     677.862       5.126    1580.000       0.000    0.0002    9.421  857.756    8.356  465.606    2.052
  19380.00 0.155     687.358       5.126    1540.000       0.000    0.0002   10.388  988.747    9.395  480.273    2.144
  19440.00 0.163     684.574       7.743    1940.000       0.000    0.0002   11.076 1146.868   10.311  489.611    2.577
  19500.00 0.160     689.878       5.427    1940.000       0.000    0.0002   11.287 1221.207    8.645  494.407    2.879
  19560.00 0.167     691.487      13.411    1940.000       0.000    0.0002   11.205  982.754    7.451  499.409    2.349
  19620.00 0.169     697.457       5.405    1940.000       0.000    0.0002   10.985  795.972    8.000  507.290    1.822
  19680.00 0.170     699.254       9.211    1700.000       0.000    0.0002   11.064  843.258    6.568  517.022    1.667
  19740.00 0.170     703.610       9.398    1540.000       0.000    0.0002   11.593  741.055    7.325  522.710    1.854
  19800.00 0.171     703.880       3.509    1540.000       0.000    0.0002   12.295  882.696    7.781  525.561    1.965
  19860.00 0.173     711.155       6.901    1620.000       0.000    0.0002   12.924  885.780    7.898  529.983    2.178
  19920.00 0.173     718.614       4.752    1940.000       0.000    0.0002   13.199  838.149    7.026  536.861    2.130
  19980.00 0.181     731.536      10.350    1940.000       0.000    0.0002   13.009  670.914    6.422  541.929    2.208
  20040.00 0.182     743.481      10.388    1940.000       0.000    0.0002   12.487  735.296    7.666  546.994    1.709
  20100.00 0.183     748.011       6.756    1740.000       0.000    0.0002   11.930  778.361    7.238  548.493    1.824
  20160.00 0.180     740.650       6.116    1540.000       0.000    0.0002   11.514  826.104    9.476  543.997    2.080
  20220.00 0.181     732.140       8.748    1580.000       0.000    0.0002   11.194 1043.193    9.114  539.486    2.142
  20280.00 0.182     734.516       5.108    1620.000       0.000    0.0002   10.911 1217.160    9.592  537.911    2.387
  20340.00 0.181     716.865      10.216    1940.000       0.000    0.0002   10.491 1458.461   10.205  538.621    2.697
  20400.00 0.177     720.331       7.514    1940.000       0.000    0.0002    9.729 1470.943    7.949  536.182    2.449
  20460.00 0.172     711.721      12.119    1940.000       0.000    0.0002    9.018 1431.091    7.078  533.557    2.049
  20520.00 0.171     729.345       7.094    1940.000       0.000    0.0002    8.591  914.357    8.499  533.380    1.878
  20580.00 0.170     729.713       8.707    1620.000       0.000    0.0002    8.290 1100.622    9.218  531.721    2.008
  20640.00 0.165     725.052       9.158    1540.000       0.000    0.0002    8.293 1258.189    9.706  526.428    2.032
  20700.00 0.165     709.674       7.834    1940.000       0.000    0.0002    8.653 1418.617    9.657  526.610    2.116
  20760.00 0.162     719.518       8.825    1980.000       0.000    0.0002    9.267 1606.404    9.190  533.726    2.137
  20820.00 0.167     730.554       9.067    1940.000       0.000    0.0002    9.765 1391.643    9.209  542.281    2.440
  20880.00 0.161     736.551      11.558    1940.000       0.000    0.0002    9.943 1514.317    9.977  544.426    2.750
  20940.00 0.160     736.641      11.756    1940.000       0.000    0.0002    9.654 1539.198    8.248  538.296    3.048
  21000.00 0.151     743.419       2.000    1980.000       0.000    0.0002    8.971 1288.036    7.298  534.976    1.948
  21060.00 0.153     746.709      10.990    1940.000       0.000    0.0002    8.256  817.739    7.399  540.512    1.624
  21120.00 0.147     740.861       9.967    1940.000       0.000    0.0002    7.895  684.764    7.634  540.757    1.531
  21180.00 0.144     738.646       6.599    1660.000       0.000    0.0002    7.903  798.553    6.579  528.388    1.623
  21240.00 0.144     744.000      13.593    1500.000       0.000    0.0002    8.134  955.378    7.495  522.826    2.064
  21300.00 0.140     742.991       2.852    1940.000       0.000    0.0002    8.499  812.859    7.317  526.152    1.874
  21360.00 0.141     760.139      11.007    1580.000       0.000    0.0002    8.699  922.436    8.044  526.818    1.954
  21420.00 0.137     757.929       8.286    1620.000       0.000    0.0002    8.613  963.955    7.769  520.458    2.168
  21480.00 0.135     775.426      11.615    1940.000       0.000    0.0002    7.970  980.460    6.393  513.878    2.315
  21540.00 0.130     778.502      11.573    1940.000       0.000    0.0002    7.003  743.626    6.177  510.419    1.723
  21600.00 0.131     773.532      10.223    1780.000       0.000    0.0002    5.885  534.224    6.883  504.439    1.655
  21660.00 0.126     773.320       9.320    1660.000       0.000    0.0002    4.931  398.739    5.780  495.925    1.347
  21720.00 0.117     745.500      10.750    1500.000       0.000    0.0002    4.242  482.211    5.775  488.641    1.553
  21780.00 0.115     733.872       7.277    1540.000       0.000    0.0002    3.804  552.020    6.012  481.024    1.381
  21840.00 0.107     718.000      12.500    1540.000       0.000    0.0002    3.620  498.441    6.109  473.716    1.364
  21900.00 0.105     692.130       4.769    1580.000       0.000    0.0002    3.490  394.821    5.381  469.141    1.281
  21960.00 0.107     704.182       4.000    1580.000       0.000    0.0002    3.448  408.678    5.555  465.451    1.376
  22020.00 0.112     701.747      10.000    1500.000       0.000    0.0002    3.345  477.932    5.063  461.595    1.068
  22080.00 0.119     714.403       2.798    1580.000       0.000    0.0002    3.301  512.610    5.071  459.454    1.161
  22140.00 0.116     701.681       9.706    1620.000       0.000    0.0002    3.371  422.951    4.449  459.451    1.197
  22200.00 0.113     688.633       4.252    1420.000       0.000    0.0002    3.459  388.621    5.101  459.130    1.271
  22260.00 0.112     703.486       6.797    1500.000       0.000    0.0002    3.560  471.718    5.491  458.328    1.404
  22320.00 0.111     699.561       8.991    1540.000       0.000    0.0002    3.663  581.732    6.436  458.933    1.510
  22380.00 0.111     691.754       4.868    1540.000       0.000    0.0002    3.756  659.424    6.911  460.154    1.530
  22440.00 0.115     706.226       8.614    1500.000       0.000    0.0002    3.845  691.727    6.747  460.915    1.724
  22500.00 0.113     696.026       5.356    1500.000       0.000    0.0002    3.878  723.973    6.287  459.958    1.613
  22560.00 0.117     689.038       7.238    1620.000       0.000    0.0002    3.996  588.134    6.049  458.420    1.371
  22620.00 0.124     694.951      10.138    1620.000       0.000    0.0002    4.052  677.945    7.088  458.273    1.498
  22680.00 0.122     700.798       8.263    1580.000       0.000    0.0002    4.123  714.645    6.945  459.644    1.548
  22740.00 0.123     696.752      12.594    1580.000       0.000    0.0002    4.136  795.091    6.481  459.512    1.499
  22800.00 0.126     698.062       8.876    1580.000       0.000    0.0002    4.180  766.842    5.706  457.692    1.530
  22860.00 0.123     686.932       5.339    1540.000       0.000    0.0002    4.092  657.835    5.510  455.604    1.879
  22920.00 0.129     690.133      12.030    1580.000       0.000    0.0002    3.920  556.502    4.320  454.051    1.403
  22980.00 0.130     697.891      10.772    1580.000       0.000    0.0002    3.697  431.993    4.389  452.531    1.612
  23040.00 0.137     695.098       3.872    1540.000       0.000    0.0002    3.538  362.390    5.029  450.894    0.951
  23100.00 0.138     686.407       2.195    1500.000       0.000    0.0002    3.561  364.481    4.395  449.564    1.099
  23160.00 0.135     690.000      10.652    1420.000       0.000    0.0002    3.761  287.685    5.067  448.614    1.124
  23220.00 0.135     685.848      13.105    1460.000       0.000    0.0002    4.076  307.632    5.252  449.155    1.084
  23280.00 0.136     686.906       6.187    1460.000       0.000    0.0002    4.529  343.313    4.670  451.265    1.196
  23340.00 0.135     697.329       6.101    1500.000       0.000    0.0002    5.064  416.791    5.915  454.933    1.479
  23400.00 0.133     690.165      11.486    1540.000       0.000    0.0002    5.741  544.690    6.694  461.251    1.459
  23460.00 0.135     688.406       7.645    1460.000       0.000    0.0002    6.568  710.777    7.912  469.744    1.763
  23520.00 0.147     701.990      10.614    1500.000       0.000    0.0002    7.408  966.475    8.361  480.088    2.105
  23580.00 0.151     701.232       3.468    1940.000       0.000    0.0002    8.129 1159.516    9.011  491.257    2.157
  23640.00 0.153     704.032       4.352    1940.000       0.000    0.0002    8.708 1185.322    9.507  499.879    2.625
  23700.00 0.153     700.192      11.744    1940.000       0.000    0.0002    8.939 1262.884    8.281  503.497    2.410
  23760.00 0.152     700.064      12.238    1940.000       0.000    0.0002    8.667 1179.059    8.060  508.682    2.320
  23820.00 0.151     705.234      11.987    1940.000       0.000    0.0002    8.293  838.396    5.334  516.173    2.027
  23880.00 0.150     710.049       6.232    1940.000       0.000    0.0002    7.985  747.492    5.511  519.397    1.349
  23940.00 0.150     712.790      14.682    1580.000       0.000    0.0002    7.822  779.005    6.319  518.730    1.843
  24000.00 0.146     712.685       5.940    1580.000       0.000    0.0002    8.359  850.152    7.644  520.687    1.604
  24060.00 0.153     716.128      11.744    1540.000       0.000    0.0002    9.230  999.274    6.969  526.619    1.804
  24120.00 0.156     721.095      10.673    1940.000       0.000    0.0002   10.221 1186.905    7.964  533.644    2.287
  24180.00 0.157     736.832       3.820    1940.000       0.000    0.0002   10.949 1267.132    8.686  536.610    2.864
  24240.00 0.159     743.124       8.790    1940.000       0.000    0.0002   11.034 1406.138    8.411  539.027    3.412
  24300.00 0.166     746.412      11.765    1940.000       0.000    0.0002   10.567 1144.398    9.252  546.499    2.674
  24360.00 0.161     743.830       9.909    1940.000       0.000    0.0002    9.845 1036.588    9.564  559.209    1.903
  24420.00 0.153     746.762       5.391    1940.000       0.000    0.0002    9.028 1050.575    9.207  566.648    1.965
  24480.00 0.152     746.549      10.883    1940.000       0.000    0.0002    8.574 1033.575    7.674  559.005    1.807
  24540.00 0.151     749.450      10.615    1940.000       0.000    0.0002    8.078  995.288    7.578  547.630    1.991
  24600.00 0.149     747.582       9.281    1940.000       0.000    0.0002    7.440  657.376    6.822  545.625    1.601
  24660.00 0.145     745.320       3.401    1580.000       0.000    0.0002    6.764  634.927    6.827  543.464    1.898
  24720.00 0.136     762.007      11.326    1580.000       0.000    0.0002    6.228  594.791    7.517  531.669    2.146
  24780.00 0.135     751.913       4.693    1740.000       0.000    0.0002    5.765  631.870    7.677  517.911    1.575
  24840.00 0.136     753.429       8.941    1500.000       0.000    0.0002    5.449  662.967    5.057  514.279    1.465
  24900.00 0.133     750.696      12.234    1580.000       0.000    0.0002    5.137  490.402    5.405  515.767    1.443
  24960.00 0.136     727.504       6.786    1580.000       0.000    0.0002    5.053  450.490    6.167  511.802    1.657
  25020.00 0.139     729.772       5.884    1420.000       0.000    0.0002    5.194  507.692    6.045  506.339    1.533
  25080.00 0.137     718.039       7.273    1580.000       0.000    0.0002    5.525  674.561    7.701  508.584    1.761
  25140.00 0.138     725.416      12.602    1620.000       0.000    0.0002    5.969  814.999    8.760  513.706    2.108
  25200.00 0.140     718.643       9.530    1580.000       0.000    0.0002    6.254  879.753    9.109  513.571    2.278
  25260.00 0.138     713.239       5.381    1940.000       0.000    0.0002    6.263 1005.699    9.343  508.704    2.353
  25320.00 0.140     725.315       4.021    1940.000       0.000    0.0002    6.065  922.985    7.736  505.733    1.779
  25380.00 0.142     727.973       6.426    1940.000       0.000    0.0002    5.682  667.525    6.731  507.635    1.609
  25440.00 0.145     729.730       5.642    1660.000       0.000    0.0002    5.451  585.189    7.776  510.887    1.688
  25500.00 0.141     710.915      11.503    1580.000       0.000    0.0002    5.444  772.414    7.928  508.688    1.780
  25560.00 0.142     724.357       8.988    1540.000       0.000    0.0002    5.408  770.615    6.436  498.870    1.847
  25620.00 0.146     718.523       5.805    1940.000       0.000    0.0002    5.264  632.904    5.889  492.604    1.813
  25680.00 0.148     722.281       7.868    1580.000       0.000    0.0002    5.127  567.423    4.972  493.648    1.502
  25740.00 0.151     724.943       5.331    1460.000       0.000    0.0002    5.048  359.053    4.539  493.409    1.308
  25800.00 0.152     719.871       6.495    1500.000       0.000    0.0002    5.107  442.564    5.570  489.052    1.407
  25860.00 0.149     718.623       5.443    1500.000       0.000    0.0002    5.480  515.656    5.617  486.722    1.408
  25920.00 0.146     711.122       5.762    1500.000       0.000    0.0002    6.180  650.147    6.239  491.072    1.584
  25980.00 0.145     708.941      10.891    1540.000       0.000    0.0002    6.956  680.590    6.254  498.879    1.822
  26040.00 0.148     721.680      11.367    1940.000       0.000    0.0002    7.700  717.022    7.195  505.609    1.778
  26100.00 0.148     736.573       5.239    1540.000       0.000    0.0002    8.272  994.577    9.910  513.974    2.322
  26160.00 0.145     742.286       7.092    1500.000       0.000    0.0002    8.764 1326.464   10.848  524.973    2.962
  26220.00 0.139     750.386      11.228    1940.000       0.000    0.0002    9.218 1459.634    9.175  532.914    2.632
  26280.00 0.141     741.938       5.917    1940.000       0.000    0.0002    9.631 1623.826    8.594  537.922    2.668
  26340.00 0.142     740.551       9.639    1940.000       0.000    0.0002    9.686 1189.802    6.968  543.062    2.406
  26400.00 0.140     742.937       7.168    1940.000       0.000    0.0002    9.307  964.204    8.004  552.383    2.006
  26460.00 0.140     732.867       4.965    1580.000       0.000    0.0002    8.665 1017.567    7.196  559.591    1.938
  26520.00 0.143     742.249       8.518    1940.000       0.000    0.0002    7.841  980.018    5.733  549.922    1.987
  26580.00 0.141     739.375      12.222    1940.000       0.000    0.0002    6.999  728.013    5.753  537.718    1.687
  26640.00 0.136     739.428       7.191    1620.000       0.000    0.0002    6.429  692.837    6.040  537.451    1.503
  26700.00 0.140     730.191       9.391    1540.000       0.000    0.0002    6.386  648.166    7.491  538.181    1.685
  26760.00 0.141     730.972       7.674    1580.000       0.000    0.0002    6.572  765.252    7.564  535.221    1.869
  26820.00 0.143     721.301       5.651    1620.000       0.000    0.0002    7.087  877.803    8.270  536.441    2.033
  26880.00 0.141     723.958       4.688    1940.000       0.000    0.0002    7.697  887.197    8.303  537.859    2.096
  26940.00 0.140     731.049      11.818    1940.000       0.000    0.0002    8.099 1062.850    9.313  538.220    2.192
  27000.00 0.140     741.948      14.052    1940.000       0.000    0.0002    8.234  872.966    7.948  541.964    2.182
  27060.00 0.143     749.063       9.506    1940.000       0.000    0.0002    8.079  813.700    7.823  545.137    1.805
  27120.00 0.138     758.124      10.690    1620.000       0.000    0.0002    7.684  899.621    7.970  544.003    2.021
  27180.00 0.139     766.056       3.592    1940.000       0.000    0.0002    7.354  905.327    7.510  540.348    2.056
  27240.00 0.134     771.533       6.095    1940.000       0.000    0.0002    7.003  681.440    6.200  534.944    1.633
  27300.00 0.133     772.747      14.799    1940.000       0.000    0.0002    6.729 1025.488    6.324  533.212    1.594
  27360.00 0.126     777.066       8.340    1580.000       0.000    0.0002    6.661 1152.040    7.233  537.665    1.948
  27420.00 0.129     761.399      10.473    1940.000       0.000    0.0002    6.804 1146.300    8.062  542.264    2.399
  27480.00 0.129     760.567       8.242    1940.000       0.000    0.0002    6.983  827.341    6.767  542.019    1.959
  27540.00 0.123     757.291       6.574    1940.000       0.000    0.0002    7.082  910.747    7.040  545.805    1.911
  27600.00 0.128     756.061       5.086    1740.000       0.000    0.0002    7.313  948.394    7.733  558.034    2.323
  27660.00 0.123     754.473      18.648    1940.000       0.000    0.0002    7.456  976.093    7.365  561.053    2.119
  27720.00 0.129     758.864       5.227    1940.000       0.000    0.0002    7.231  800.248    7.104  555.701    1.996
  27780.00 0.128     729.847      14.618    1940.000       0.000    0.0002    6.681  707.979    7.358  555.784    2.249
  27840.00 0.128     744.715       9.125    1940.000       0.000    0.0002    6.282  622.528    7.468  559.039    1.904
  27900.00 0.134     722.691       6.145    1660.000       0.000    0.0002    6.353  687.534    8.288  556.437    1.820
  27960.00 0.140     727.666       4.669    1700.000       0.000    0.0002    6.685  890.632    9.092  553.785    2.071
  28020.00 0.143     735.085      11.297    1940.000       0.000    0.0002    6.949  907.796    9.543  555.358    1.987
  28080.00 0.148     730.181       7.545    1940.000       0.000    0.0002    7.137  854.329    7.644  557.604    2.243
  28140.00 0.146     730.635       3.311    1940.000       0.000    0.0002    7.295  759.922    7.726  563.635    1.845
  28200.00 0.146     730.502       8.796    1700.000       0.000    0.0002    7.680  784.131    7.442  572.186    1.983
  28260.00 0.147     734.040      13.874    1540.000       0.000    0.0002    8.257  856.022    8.017  576.509    2.127
  28320.00 0.152     736.586       5.475    1940.000       0.000    0.0002    8.759  974.789    7.626  574.668    2.194
  28380.00 0.155     749.479      11.406    1940.000       0.000    0.0002    8.678  901.195    7.437  570.963    1.800
  28440.00 0.150     761.272       4.894    1940.000       0.000    0.0002    8.097  911.268    7.411  569.611    1.704
  28500.00 0.146     761.569      11.252    1940.000       0.000    0.0002    7.143  957.120    7.538  566.714    1.868
  28560.00 0.141     756.886      11.419    1940.000       0.000    0.0002    6.208  726.616    7.313  561.742    1.718
  28620.00 0.139     751.509       5.895    1940.000       0.000    0.0002    5.455  574.311    6.420  551.935    1.663
  28680.00 0.137     750.107      11.601    1700.000       0.000    0.0002    4.721  434.375    5.147  541.140    1.484
  28740.00 0.137     748.171       7.531    1540.000       0.000    0.0002    4.089  357.630    4.515  531.205    1.261
  28800.00 0.140     750.453      11.882    1540.000       0.000    0.0002    3.659  278.992    4.650  522.243    1.135
