#  time      cc     z_cbase    z_ctop_avg  z_ctop_max      zi         we   <<ql>>  <<ql>>_max   w_max   tke     ql_max
     60.00 0.000       0.000       0.000       0.000       0.000    0.0002    0.000    0.000    0.184  616.620    0.000
    120.00 0.000       0.000       0.000       0.000       0.000    0.0002    0.000    0.000    0.302  417.110    0.000
    180.00 0.000       0.000       0.000       0.000       0.000    0.0002    0.000    0.000    0.321  300.173    0.000
    240.00 0.000       0.000       0.000       0.000       0.000    0.0002    0.000    0.000    0.318  225.830    0.000
    300.00 0.000       0.000       0.000       0.000       0.000    0.0002    0.000    0.000    0.278  176.597    0.000
    360.00 0.000       0.000       0.000       0.000       0.000    0.0002    0.000    0.000    0.277  143.441    0.000
    420.00 0.000       0.000       0.000       0.000       0.000    0.0002    0.000    0.000    0.288  121.196    0.000
    480.00 0.000       0.000       0.000       0.000       0.000    0.0002    0.000    0.000    0.331  105.798    0.000
    540.00 0.000       0.000       0.000       0.000       0.000    0.0002    0.000    0.000    0.367   93.979    0.000
    600.00 0.000       0.000       0.000       0.000       0.000    0.0002    0.000    0.000    0.392   84.696    0.000
    660.00 0.000       0.000       0.000       0.000       0.000    0.0002    0.000    0.000    0.439   78.145    0.000
    720.00 0.000       0.000       0.000       0.000       0.000    0.0002    0.000    0.000    0.455   73.868    0.000
    780.00 0.000       0.000       0.000       0.000       0.000    0.0002    0.000    0.000    0.553   71.085    0.000
    840.00 0.000       0.000       0.000       0.000       0.000    0.0002    0.000    0.000    0.647   69.302    0.000
    900.00 0.000       0.000       0.000       0.000       0.000    0.0002    0.000    0.000    0.689   68.110    0.000
    960.00 0.000       0.000       0.000       0.000       0.000    0.0002    0.000    0.000    0.674   67.529    0.000
   1020.00 0.000       0.000       0.000       0.000       0.000    0.0002    0.000    0.000    0.729   68.034    0.000
   1080.00 0.000       0.000       0.000       0.000       0.000    0.0002    0.000    0.000    0.778   69.661    0.000
   1140.00 0.000       0.000       0.000       0.000       0.000    0.0002    0.000    0.000    0.796   72.020    0.000
   1200.00 0.000       0.000       0.000       0.000       0.000    0.0002    0.000    0.000    0.853   75.070    0.000
   1260.00 0.001     580.000       0.000     580.000       0.000    0.0002    0.001    3.076    0.901   79.025    0.069
   1320.00 0.004     561.333       0.000     580.000       0.000    0.0002    0.005    4.535    1.012   84.018    0.081
   1380.00 0.008     564.706       0.000     580.000       0.000    0.0002    0.018    9.495    1.183   90.232    0.122
   1440.00 0.017     564.000       0.000     660.000       0.000    0.0002    0.045   13.320    1.276   97.802    0.180
   1500.00 0.026     567.290       0.000     660.000       0.000    0.0002    0.103   20.132    1.305  106.633    0.227
   1560.00 0.039     566.835       3.418     660.000       0.000    0.0002    0.198   31.082    1.687  116.630    0.320
   1620.00 0.053     567.465       2.488     660.000       0.000    0.0002    0.358   42.810    1.884  127.843    0.418
   1680.00 0.070     567.789       3.789     660.000       0.000    0.0002    0.589   67.787    1.998  140.193    0.546
   1740.00 0.089     567.363       9.670     660.000       0.000    0.0002    0.949  101.242    2.383  153.513    0.597
   1800.00 0.106     568.176       9.376     740.000       0.000    0.0002    1.438  153.499    3.183  167.648    0.841
   1860.00 0.125     569.119       5.753     740.000       0.000    0.0002    2.057  219.413    3.963  182.385    0.993
   1920.00 0.140     571.049       2.902     780.000       0.000    0.0002    2.826  282.369    4.151  197.432    1.102
   1980.00 0.157     572.722      12.597     940.000       0.000    0.0002    3.728  298.886    4.037  212.418    1.201
   2040.00 0.166     574.168       7.187    1300.000       0.000    0.0002    4.705  367.659    4.638  226.863    1.333
   2100.00 0.181     578.654       8.183    1300.000       0.000    0.0002    5.717  446.843    4.840  240.295    1.326
   2160.00 0.189     581.344       6.796    1300.000       0.000    0.0002    6.702  528.353    4.670  252.324    1.253
   2220.00 0.194     585.945       5.945    1300.000       0.000    0.0002    7.553  565.091    4.873  262.176    1.403
   2280.00 0.198     593.695       4.951    1300.000       0.000    0.0002    8.171  519.832    5.392  269.336    1.511
   2340.00 0.204     602.898       8.551    1380.000       0.000    0.0002    8.552  605.044    5.378  274.538    1.414
   2400.00 0.207     608.194       4.935    1380.000       0.000    0.0002    8.631  682.654    5.539  277.419    1.404
   2460.00 0.200     612.935      10.329    1380.000       0.000    0.0002    8.443  660.572    5.080  277.492    1.455
   2520.00 0.191     616.569       8.988    1380.000       0.000    0.0002    8.015  548.694    5.757  274.914    1.479
   2580.00 0.194     622.267       5.088    1420.000       0.000    0.0002    7.310  527.167    5.062  269.712    1.439
   2640.00 0.189     620.413       3.307    1580.000       0.000    0.0002    6.606  438.294    4.226  262.140    1.341
   2700.00 0.181     621.135      11.730    1540.000       0.000    0.0002    5.769  423.782    4.060  252.505    1.002
   2760.00 0.172     621.536       9.502    1460.000       0.000    0.0002    5.017  399.312    3.824  243.549    0.986
   2820.00 0.168     629.665       7.220    1420.000       0.000    0.0002    4.405  471.401    3.932  235.554    1.148
   2880.00 0.154     625.397      11.111    1340.000       0.000    0.0002    4.001  561.071    4.386  227.559    1.223
   2940.00 0.147     632.272       6.534    1340.000       0.000    0.0002    3.684  629.684    4.107  219.500    1.149
   3000.00 0.139     635.158       8.877    1460.000       0.000    0.0002    3.414  584.482    3.633  211.636    1.013
   3060.00 0.134     636.291      12.727    1380.000       0.000    0.0002    3.155  469.431    3.612  204.765    1.031
   3120.00 0.137     637.611       9.554    1420.000       0.000    0.0002    2.945  383.125    3.704  199.556    1.022
   3180.00 0.130     644.765       8.443    1420.000       0.000    0.0002    2.813  333.281    4.000  195.541    0.968
   3240.00 0.123     653.797      10.497    1300.000       0.000    0.0002    2.723  337.887    4.224  192.015    1.067
   3300.00 0.117     655.481      12.510    1300.000       0.000    0.0002    2.758  386.537    4.171  188.827    1.104
   3360.00 0.107     653.440       4.055    1300.000       0.000    0.0002    2.917  441.320    4.834  186.261    1.252
   3420.00 0.101     650.651       9.205    1340.000       0.000    0.0002    3.150  553.716    5.368  185.055    1.215
   3480.00 0.098     652.836       3.682    1340.000       0.000    0.0002    3.372  621.025    4.619  185.432    1.688
   3540.00 0.098     649.426       5.935    1340.000       0.000    0.0002    3.473  595.059    5.634  186.222    1.821
   3600.00 0.101     646.957       1.594    1340.000       0.000    0.0002    3.503  587.228    5.985  186.760    1.821
   3660.00 0.096     642.177       1.468    1340.000       0.000    0.0002    3.392  590.375    4.678  186.064    1.519
   3720.00 0.097     637.028      10.781    1460.000       0.000    0.0002    3.097  621.406    4.905  184.975    1.517
   3780.00 0.096     634.416       6.244    1460.000       0.000    0.0002    2.759  722.569    5.668  184.967    1.304
   3840.00 0.095     635.155       8.093    1460.000       0.000    0.0002    2.430  785.291    4.833  184.204    1.318
   3900.00 0.094     629.223       8.342    1500.000       0.000    0.0002    2.170  742.014    3.988  182.208    1.118
   3960.00 0.094     635.544       8.135    1460.000       0.000    0.0002    1.890  545.905    4.695  180.461    1.119
   4020.00 0.097     633.030       6.616    1340.000       0.000    0.0002    1.631  312.716    4.376  179.568    0.998
   4080.00 0.096     621.527       4.936    1380.000       0.000    0.0002    1.514  322.991    4.230  178.609    1.155
   4140.00 0.095     628.286       8.031    1460.000       0.000    0.0002    1.494  320.420    3.982  177.614    1.022
   4200.00 0.098     622.488       7.164    1340.000       0.000    0.0002    1.508  256.174    3.204  177.459    0.848
   4260.00 0.097     616.263       6.465    1380.000       0.000    0.0002    1.563  204.426    3.193  178.314    0.823
   4320.00 0.105     617.767      12.977    1300.000       0.000    0.0002    1.656  246.023    3.265  179.727    0.808
   4380.00 0.106     611.429       6.175    1300.000       0.000    0.0002    1.806  327.264    3.565  181.621    0.898
   4440.00 0.109     613.468      11.544    1300.000       0.000    0.0002    2.037  390.658    3.893  183.729    0.960
   4500.00 0.112     613.900       4.139    1300.000       0.000    0.0002    2.286  449.903    4.024  185.924    1.148
   4560.00 0.119     617.951       3.811    1380.000       0.000    0.0002    2.564  556.803    4.209  188.685    1.198
   4620.00 0.112     612.941       5.577    1380.000       0.000    0.0002    2.802  602.354    4.210  191.438    1.150
   4680.00 0.114     612.377       9.722    1380.000       0.000    0.0002    2.943  608.740    3.848  193.412    1.113
   4740.00 0.120     618.945      13.753    1500.000       0.000    0.0002    2.998  544.497    3.951  195.297    1.231
   4800.00 0.122     618.882       2.395    1500.000       0.000    0.0002    2.993  395.003    3.638  197.473    1.077
   4860.00 0.123     617.689       7.131    1300.000       0.000    0.0002    2.915  285.527    3.586  199.549    0.946
   4920.00 0.124     614.714       9.980    1300.000       0.000    0.0002    2.891  287.778    3.979  201.433    1.138
   4980.00 0.123     612.525       8.469    1340.000       0.000    0.0002    2.917  326.794    4.182  203.289    1.044
   5040.00 0.123     618.091       4.811    1340.000       0.000    0.0002    2.973  332.220    4.352  205.177    1.081
   5100.00 0.119     616.973       4.990    1300.000       0.000    0.0002    3.069  335.349    4.386  206.911    1.248
   5160.00 0.123     616.746       7.579    1380.000       0.000    0.0002    3.238  331.517    4.280  208.762    1.102
   5220.00 0.125     618.203       4.922    1300.000       0.000    0.0002    3.374  328.457    4.772  210.982    1.189
   5280.00 0.132     620.148       8.519    1300.000       0.000    0.0002    3.508  343.361    4.814  213.359    1.078
   5340.00 0.137     617.798       2.202    1340.000       0.000    0.0002    3.701  411.811    4.549  215.758    1.212
   5400.00 0.140     617.902       4.755    1500.000       0.000    0.0002    3.886  470.365    4.259  218.265    1.367
   5460.00 0.145     617.710       3.064    1340.000       0.000    0.0002    4.116  442.580    3.871  220.815    1.034
   5520.00 0.148     621.054      10.939    1340.000       0.000    0.0002    4.348  398.544    4.165  223.337    1.056
   5580.00 0.151     620.259       6.926    1340.000       0.000    0.0002    4.561  370.526    4.100  226.051    1.112
   5640.00 0.153     621.148      12.408    1420.000       0.000    0.0002    4.817  396.252    4.818  229.061    1.323
   5700.00 0.152     621.474       2.308    1420.000       0.000    0.0002    5.103  446.628    5.264  232.407    1.275
   5760.00 0.154     622.413       9.238    1380.000       0.000    0.0002    5.481  557.730    4.910  235.973    1.203
   5820.00 0.155     622.275       6.825    1380.000       0.000    0.0002    5.934  642.861    5.519  239.846    1.445
   5880.00 0.155     620.252       8.976    1420.000       0.000    0.0002    6.448  700.484    4.790  243.707    1.374
   5940.00 0.158     624.259       8.179    1500.000       0.000    0.0002    6.876  592.622    5.016  247.764    1.258
   6000.00 0.158     624.869       6.256    1380.000       0.000    0.0002    7.360  618.145    5.467  252.544    1.405
   6060.00 0.153     625.751       5.974    1340.000       0.000    0.0002    7.801  738.336    5.313  256.941    1.538
   6120.00 0.158     637.963       8.426    1500.000       0.000    0.0002    8.098  835.562    5.061  260.234    1.575
   6180.00 0.157     637.702       8.137    1540.000       0.000    0.0002    8.165  755.381    4.830  263.383    1.561
   6240.00 0.157     641.457      16.434    1540.000       0.000    0.0002    8.091  644.390    5.631  266.303    1.352
   6300.00 0.156     640.905       6.022    1580.000       0.000    0.0002    7.899  673.740    5.024  268.282    1.340
   6360.00 0.153     644.968       6.656    1380.000       0.000    0.0002    7.653  738.887    4.860  269.268    1.532
   6420.00 0.152     650.982       3.124    1380.000       0.000    0.0002    7.463  738.752    5.089  269.896    1.475
   6480.00 0.151     653.010       5.016    1460.000       0.000    0.0002    7.276  668.412    5.599  270.366    1.634
   6540.00 0.154     652.305       5.978    1500.000       0.000    0.0002    6.947  636.108    5.192  269.943    1.554
   6600.00 0.148     649.390       5.437    1460.000       0.000    0.0002    6.425  751.736    5.114  268.452    1.429
   6660.00 0.147     652.625       5.681    1540.000       0.000    0.0002    5.749  692.680    5.125  266.289    1.670
   6720.00 0.146     652.441       7.592    1580.000       0.000    0.0002    5.133  561.715    5.444  263.566    1.415
   6780.00 0.140     645.829       1.955    1540.000       0.000    0.0002    4.755  491.856    4.895  260.393    1.131
   6840.00 0.138     648.248       6.195    1420.000       0.000    0.0002    4.652  501.526    5.959  256.781    1.347
   6900.00 0.140     646.969       5.679    1500.000       0.000    0.0002    4.690  633.060    6.479  253.913    1.485
   6960.00 0.138     639.541      11.781    1540.000       0.000    0.0002    4.800  730.479    5.822  252.735    1.205
   7020.00 0.136     639.568       5.755    1540.000       0.000    0.0002    4.923  689.707    4.308  253.076    1.087
   7080.00 0.142     646.138       5.345    1420.000       0.000    0.0002    5.007  557.084    3.871  254.594    1.169
   7140.00 0.144     651.769       3.163    1460.000       0.000    0.0002    5.042  421.743    4.091  256.029    1.210
   7200.00 0.139     653.451      15.563    1420.000       0.000    0.0002    5.157  526.328    4.162  256.699    1.188
   7260.00 0.142     659.450       5.326    1420.000       0.000    0.0002    5.249  611.558    4.692  257.307    1.389
   7320.00 0.142     653.952       8.935    1340.000       0.000    0.0002    5.262  658.445    4.652  258.276    1.546
   7380.00 0.140     649.565       8.730    1500.000       0.000    0.0002    5.263  649.164    4.781  259.542    1.356
   7440.00 0.139     648.541       5.132    1420.000       0.000    0.0002    5.166  620.818    4.702  260.699    1.260
   7500.00 0.141     651.597       4.861    1580.000       0.000    0.0002    4.927  571.667    4.756  261.095    1.271
   7560.00 0.139     646.130      14.151    1380.000       0.000    0.0002    4.586  566.954    4.243  260.347    1.209
   7620.00 0.137     636.838      10.977    1540.000       0.000    0.0002    4.227  532.613    4.145  259.135    1.214
   7680.00 0.133     641.142      14.586    1420.000       0.000    0.0002    3.962  515.430    4.326  257.680    1.236
   7740.00 0.129     641.667      10.530    1540.000       0.000    0.0002    3.818  498.672    4.303  256.396    1.363
   7800.00 0.134     635.228       8.270    1460.000       0.000    0.0002    3.826  404.484    4.504  255.996    1.040
   7860.00 0.135     641.198       4.936    1420.000       0.000    0.0002    3.957  315.795    4.796  256.309    1.261
   7920.00 0.131     643.420       2.528    1460.000       0.000    0.0002    4.209  401.616    5.541  257.328    1.222
   7980.00 0.131     643.850       7.140    1380.000       0.000    0.0002    4.570  486.547    5.847  259.945    1.198
   8040.00 0.129     650.775       7.146    1460.000       0.000    0.0002    5.029  518.685    5.417  264.487    1.385
   8100.00 0.130     646.090       4.737    1380.000       0.000    0.0002    5.489  499.522    5.809  269.228    1.366
   8160.00 0.131     643.925      10.953    1340.000       0.000    0.0002    6.014  602.199    6.348  273.804    1.282
   8220.00 0.131     656.052       8.119    1420.000       0.000    0.0002    6.570  797.890    6.611  279.211    1.444
   8280.00 0.125     657.739       9.123    1460.000       0.000    0.0002    6.952 1031.280    6.293  284.841    1.496
   8340.00 0.128     660.229      10.325    1420.000       0.000    0.0002    7.340 1087.241    7.483  290.783    1.918
   8400.00 0.124     669.389       7.101    1420.000       0.000    0.0002    7.803 1106.395    8.267  298.995    2.136
   8460.00 0.121     671.452       6.129    1540.000       0.000    0.0002    8.289 1261.536    7.293  307.275    1.936
   8520.00 0.121     669.355      11.492    1940.000       0.000    0.0002    8.628 1410.254    6.763  313.256    2.056
   8580.00 0.124     669.310      12.742    1940.000       0.000    0.0002    8.629 1198.001    7.252  315.898    2.341
   8640.00 0.125     660.703      15.000    1940.000       0.000    0.0002    8.283  988.019    7.002  317.418    1.827
   8700.00 0.121     660.968       2.903    1580.000       0.000    0.0002    7.749  931.674    7.157  319.837    1.791
   8760.00 0.121     660.162       3.684    1540.000       0.000    0.0002    7.087  899.795    5.737  317.676    1.579
   8820.00 0.123     663.101       3.698    1620.000       0.000    0.0002    6.589  675.892    5.694  314.496    1.419
   8880.00 0.122     658.004       6.387    1580.000       0.000    0.0002    6.304  561.110    6.023  312.962    1.311
   8940.00 0.125     652.329       5.088    1540.000       0.000    0.0002    6.401  665.567    5.820  312.239    1.546
   9000.00 0.128     657.405      13.626    1540.000       0.000    0.0002    6.718  731.442    6.434  312.720    1.616
   9060.00 0.129     655.674       8.463    1580.000       0.000    0.0002    6.859  747.591    6.491  313.207    1.702
   9120.00 0.129     668.182      13.598    1500.000       0.000    0.0002    6.711  783.415    5.528  313.285    1.792
   9180.00 0.131     675.270       2.458    1580.000       0.000    0.0002    6.371  716.237    5.396  311.987    1.603
   9240.00 0.127     680.729       5.912    1540.000       0.000    0.0002    5.942  775.586    5.631  309.758    1.521
   9300.00 0.127     684.261       2.610    1540.000       0.000    0.0002    5.439  867.623    4.918  307.065    1.521
   9360.00 0.126     679.806       8.893    1580.000       0.000    0.0002    5.040  822.575    4.480  304.945    1.227
   9420.00 0.126     672.689       9.362    1460.000       0.000    0.0002    4.660  605.114    5.046  302.314    1.069
   9480.00 0.127     670.038      10.498    1500.000       0.000    0.0002    4.442  540.313    4.634  299.516    1.126
   9540.00 0.122     666.506       9.759    1420.000       0.000    0.0002    4.441  563.182    4.936  298.337    1.435
   9600.00 0.121     671.590       3.058    1540.000       0.000    0.0002    4.626  565.142    5.350  298.338    1.410
   9660.00 0.120     657.890       7.099    1500.000       0.000    0.0002    4.874  695.490    5.891  298.063    1.429
   9720.00 0.123     668.158       8.515    1500.000       0.000    0.0002    5.096  799.551    7.023  297.778    1.623
   9780.00 0.128     676.533       5.829    1460.000       0.000    0.0002    5.241  969.305    7.473  298.766    1.870
   9840.00 0.130     684.030       4.520    1500.000       0.000    0.0002    5.301 1057.005    5.354  301.483    1.655
   9900.00 0.128     678.473       8.702    1460.000       0.000    0.0002    5.211  861.370    5.929  304.263    1.741
   9960.00 0.128     674.449       6.046    1500.000       0.000    0.0002    5.038 1017.771    6.353  307.578    1.546
  10020.00 0.130     658.192      12.731    1540.000       0.000    0.0002    5.050 1183.590    5.912  309.849    1.617
  10080.00 0.129     652.906       7.774    1940.000       0.000    0.0002    5.172 1123.935    5.529  309.314    1.560
  10140.00 0.130     635.895       5.763    1940.000       0.000    0.0002    5.436 1007.786    5.078  309.179    1.649
  10200.00 0.126     637.718      10.754    1420.000       0.000    0.0002    5.636  933.347    4.957  310.859    1.353
  10260.00 0.125     634.980       5.451    1500.000       0.000    0.0002    5.699  770.232    6.183  312.709    1.414
  10320.00 0.122     636.080       6.600    1460.000       0.000    0.0002    5.630  647.345    6.088  313.958    1.471
  10380.00 0.124     636.299       7.520    1540.000       0.000    0.0002    5.580  788.379    5.298  315.076    1.176
  10440.00 0.126     647.364       8.721    1500.000       0.000    0.0002    5.713  878.445    6.553  316.429    1.724
  10500.00 0.130     649.850       9.211    1540.000       0.000    0.0002    5.919  965.283    6.185  317.926    1.790
  10560.00 0.128     645.315       8.910    1460.000       0.000    0.0002    6.226  780.823    5.851  320.167    2.035
  10620.00 0.129     652.121       4.470    1500.000       0.000    0.0002    6.505  742.241    5.568  324.099    1.715
  10680.00 0.129     657.040       6.945    1540.000       0.000    0.0002    6.639  721.593    6.063  327.661    1.674
  10740.00 0.128     653.206       7.901    1580.000       0.000    0.0002    6.643  767.799    6.464  328.930    1.750
  10800.00 0.123     658.571       9.405    1620.000       0.000    0.0002    6.654  811.994    6.066  330.938    1.480
  10860.00 0.123     664.940       1.155    1540.000       0.000    0.0002    6.659  907.477    6.919  332.838    1.644
  10920.00 0.120     654.715       7.602    1580.000       0.000    0.0002    6.744  994.574    5.934  335.113    1.619
  10980.00 0.122     649.339       2.244    1540.000       0.000    0.0002    6.763  887.991    5.987  337.547    1.552
  11040.00 0.125     647.686       6.235    1500.000       0.000    0.0002    6.827  770.481    6.978  340.464    1.674
  11100.00 0.127     653.321      11.401    1580.000       0.000    0.0002    7.017  779.798    6.595  342.241    1.778
  11160.00 0.128     647.686       2.753    1540.000       0.000    0.0002    7.033  694.892    5.183  340.331    1.742
  11220.00 0.135     652.899       5.833    1500.000       0.000    0.0002    6.876  636.864    5.708  337.746    1.530
  11280.00 0.137     663.351       7.843    1620.000       0.000    0.0002    6.500  584.742    5.869  338.217    1.417
  11340.00 0.137     666.702       5.597    1460.000       0.000    0.0002    6.213  705.270    5.953  340.174    1.607
  11400.00 0.137     661.141       9.804    1500.000       0.000    0.0002    5.998  768.975    6.226  339.900    1.642
  11460.00 0.135     663.623       3.659    1420.000       0.000    0.0002    5.882  835.533    7.145  338.563    1.650
  11520.00 0.134     667.650       5.719    1420.000       0.000    0.0002    5.845  974.588    6.698  338.117    1.562
  11580.00 0.136     669.281       7.158    1420.000       0.000    0.0002    5.669 1047.534    6.546  336.100    1.619
  11640.00 0.136     659.425       9.982    1540.000       0.000    0.0002    5.287  903.697    5.583  333.717    1.382
  11700.00 0.134     652.277       8.707    1500.000       0.000    0.0002    4.961  749.773    5.704  332.779    1.466
  11760.00 0.133     650.662       5.699    1460.000       0.000    0.0002    4.706  528.261    5.591  331.136    1.190
  11820.00 0.135     649.097      12.274    1500.000       0.000    0.0002    4.455  546.240    4.812  329.056    1.226
  11880.00 0.133     649.024       3.204    1460.000       0.000    0.0002    4.337  526.258    4.823  327.423    1.150
  11940.00 0.129     653.346       7.146    1460.000       0.000    0.0002    4.226  507.016    5.345  325.713    1.402
  12000.00 0.130     657.378       6.217    1540.000       0.000    0.0002    4.114  568.273    5.600  323.616    1.437
  12060.00 0.130     656.248       2.702    1580.000       0.000    0.0002    3.951  553.341    5.107  321.973    1.481
  12120.00 0.129     655.455       6.136    1460.000       0.000    0.0002    3.781  409.645    5.121  321.365    1.282
  12180.00 0.133     656.324       9.228    1380.000       0.000    0.0002    3.726  368.741    4.991  320.868    1.137
  12240.00 0.137     658.071       6.643    1460.000       0.000    0.0002    3.658  423.752    5.163  320.163    1.084
  12300.00 0.132     656.809       3.451    1500.000       0.000    0.0002    3.700  480.283    5.190  320.702    1.210
  12360.00 0.129     644.906       8.566    1500.000       0.000    0.0002    3.753  469.418    5.251  321.501    1.251
  12420.00 0.131     650.522       5.672    1460.000       0.000    0.0002    3.785  450.014    5.762  320.864    1.186
  12480.00 0.137     654.245       4.405    1300.000       0.000    0.0002    3.809  452.640    5.223  320.064    1.235
  12540.00 0.137     656.512       3.737    1500.000       0.000    0.0002    3.846  542.528    5.624  320.425    1.380
  12600.00 0.138     650.584       4.814    1540.000       0.000    0.0002    3.877  467.552    5.292  320.688    1.210
  12660.00 0.143     650.034      11.297    1420.000       0.000    0.0002    3.884  448.370    5.620  321.370    1.276
  12720.00 0.140     651.443       3.930    1460.000       0.000    0.0002    3.960  509.777    5.926  323.227    1.134
  12780.00 0.139     651.002       8.155    1420.000       0.000    0.0002    4.044  571.911    5.114  324.710    1.411
  12840.00 0.143     658.433       7.462    1420.000       0.000    0.0002    4.137  660.100    5.344  326.245    1.664
  12900.00 0.148     667.578      10.478    1420.000       0.000    0.0002    4.264  718.362    6.272  327.655    1.571
  12960.00 0.144     657.148       7.810    1380.000       0.000    0.0002    4.356  676.795    6.799  328.145    1.532
  13020.00 0.144     660.136       9.932    1460.000       0.000    0.0002    4.479  603.644    5.062  328.149    1.251
  13080.00 0.143     662.192       6.918    1500.000       0.000    0.0002    4.557  538.993    5.219  328.215    1.186
  13140.00 0.141     662.986       7.604    1540.000       0.000    0.0002    4.592  465.240    5.217  328.825    1.146
  13200.00 0.141     664.298       5.615    1460.000       0.000    0.0002    4.608  412.841    5.065  330.288    1.048
  13260.00 0.140     663.770       4.607    1420.000       0.000    0.0002    4.743  449.823    5.060  332.292    1.281
  13320.00 0.141     659.444      16.458    1460.000       0.000    0.0002    4.913  519.316    5.670  334.394    1.426
  13380.00 0.142     662.828       4.345    1540.000       0.000    0.0002    5.042  510.974    5.047  335.912    1.247
  13440.00 0.139     664.834       5.219    1500.000       0.000    0.0002    5.186  566.973    5.690  336.927    1.364
  13500.00 0.142     658.898       3.408    1420.000       0.000    0.0002    5.370  692.474    6.010  338.548    1.490
  13560.00 0.146     654.257       9.850    1460.000       0.000    0.0002    5.444  741.532    6.025  340.093    1.703
  13620.00 0.150     657.333       6.407    1580.000       0.000    0.0002    5.280  716.701    5.753  339.486    1.646
  13680.00 0.140     648.522       3.930    1460.000       0.000    0.0002    4.894  613.318    4.965  336.686    1.584
  13740.00 0.141     649.671      12.686    1460.000       0.000    0.0002    4.476  542.389    5.003  335.502    1.192
  13800.00 0.145     653.784      13.311    1420.000       0.000    0.0002    4.262  455.589    5.335  335.805    1.137
  13860.00 0.139     664.148      10.334    1580.000       0.000    0.0002    4.220  507.845    6.095  333.843    1.248
  13920.00 0.136     659.281      10.504    1460.000       0.000    0.0002    4.214  632.278    6.093  331.411    1.364
  13980.00 0.135     655.884       6.968    1420.000       0.000    0.0002    4.344  669.767    5.220  331.433    1.241
  14040.00 0.134     659.124       3.905    1380.000       0.000    0.0002    4.441  645.610    5.407  331.897    1.390
  14100.00 0.134     669.562       7.226    1380.000       0.000    0.0002    4.517  587.202    5.170  331.979    1.233
  14160.00 0.134     673.527       9.600    1500.000       0.000    0.0002    4.498  581.433    5.358  332.799    1.449
  14220.00 0.133     666.813      10.879    1460.000       0.000    0.0002    4.450  564.569    5.237  334.189    1.354
  14280.00 0.133     669.485      12.537    1460.000       0.000    0.0002    4.434  517.162    4.840  334.324    1.275
  14340.00 0.136     673.597      11.942    1460.000       0.000    0.0002    4.499  393.074    5.032  333.348    1.290
  14400.00 0.132     670.167       6.048    1580.000       0.000    0.0002    4.590  434.943    4.852  333.368    1.135
  14460.00 0.140     672.007       9.075    1460.000       0.000    0.0002    4.747  460.044    5.363  333.521    1.152
  14520.00 0.141     672.986      11.806    1460.000       0.000    0.0002    4.859  374.746    4.866  334.073    1.082
  14580.00 0.142     667.655      13.103    1420.000       0.000    0.0002    4.974  359.660    5.037  335.588    1.231
  14640.00 0.147     673.511       8.020    1500.000       0.000    0.0002    5.042  377.464    5.108  337.245    1.249
  14700.00 0.150     679.772       8.520    1500.000       0.000    0.0002    5.105  379.803    4.792  339.587    1.191
  14760.00 0.150     678.075       6.427    1500.000       0.000    0.0002    5.172  446.830    4.643  342.440    1.087
  14820.00 0.151     676.349      10.662    1540.000       0.000    0.0002    5.393  478.835    4.850  344.135    1.077
  14880.00 0.149     675.501       6.141    1420.000       0.000    0.0002    5.634  459.202    5.652  346.003    1.240
  14940.00 0.153     673.971       4.179    1420.000       0.000    0.0002    5.978  517.943    5.297  349.407    1.301
  15000.00 0.154     664.945       5.008    1420.000       0.000    0.0002    6.291  536.935    5.526  352.324    1.337
  15060.00 0.152     671.814       8.122    1460.000       0.000    0.0002    6.519  532.776    5.544  354.584    1.291
  15120.00 0.156     673.709      13.772    1460.000       0.000    0.0002    6.671  564.234    6.371  357.911    1.457
  15180.00 0.154     678.222       8.635    1460.000       0.000    0.0002    6.670  644.208    6.194  360.397    1.574
  15240.00 0.160     683.573       5.374    1500.000       0.000    0.0002    6.476  661.267    6.285  361.181    1.675
  15300.00 0.167     681.408       8.270    1460.000       0.000    0.0002    6.237  798.133    6.265  362.512    1.565
  15360.00 0.159     673.047       3.400    1500.000       0.000    0.0002    6.008  915.756    6.596  363.508    1.661
  15420.00 0.158     682.167       6.161    1580.000       0.000    0.0002    5.908  849.208    6.387  362.318    1.781
  15480.00 0.155     676.909       2.524    1580.000       0.000    0.0002    5.844  667.315    5.256  360.129    1.392
  15540.00 0.154     684.849       7.639    1660.000       0.000    0.0002    5.852  511.692    5.085  360.613    1.289
  15600.00 0.157     688.589      11.473    1460.000       0.000    0.0002    6.031  465.964    6.000  362.874    1.318
  15660.00 0.156     694.571       6.989    1460.000       0.000    0.0002    6.368  485.394    5.634  364.945    1.225
  15720.00 0.155     697.480       6.362    1460.000       0.000    0.0002    6.756  509.641    6.023  368.216    1.375
  15780.00 0.154     693.068       8.935    1460.000       0.000    0.0002    7.114  537.250    5.967  371.181    1.384
  15840.00 0.148     697.232       5.074    1420.000       0.000    0.0002    7.385  680.765    6.886  373.138    1.533
  15900.00 0.149     711.626       6.305    1500.000       0.000    0.0002    7.393  851.602    7.476  376.148    1.605
  15960.00 0.145     728.101      10.286    1500.000       0.000    0.0002    7.184  942.290    7.212  380.542    1.837
  16020.00 0.146     722.207       8.194    1540.000       0.000    0.0002    6.709  961.771    6.500  381.116    2.081
  16080.00 0.141     712.964       7.868    1620.000       0.000    0.0002    5.929  918.225    6.364  376.688    1.987
  16140.00 0.140     714.122      10.713    1940.000       0.000    0.0002    4.994  694.529    4.908  371.560    1.579
  16200.00 0.135     718.090      10.342    1580.000       0.000    0.0002    4.053  398.147    4.915  368.428    1.495
  16260.00 0.135     712.152       7.595    1540.000       0.000    0.0002    3.263  428.981    4.398  364.293    1.372
  16320.00 0.133     694.359       9.597    1540.000       0.000    0.0002    2.640  437.673    4.173  357.060    1.009
  16380.00 0.129     682.836       5.293    1500.000       0.000    0.0002    2.249  329.466    4.061  350.209    1.022
  16440.00 0.128     664.724       8.229    1460.000       0.000    0.0002    2.015  228.522    4.110  346.916    0.959
  16500.00 0.123     648.095      11.627    1380.000       0.000    0.0002    1.966  231.939    4.151  345.711    0.888
  16560.00 0.131     652.164       7.761    1500.000       0.000    0.0002    2.021  248.953    3.987  344.212    0.938
  16620.00 0.133     651.927       4.477    1420.000       0.000    0.0002    2.219  266.372    4.426  342.842    1.004
  16680.00 0.134     650.182       2.473    1420.000       0.000    0.0002    2.411  249.378    5.045  342.860    1.055
  16740.00 0.137     655.445       4.982    1460.000       0.000    0.0002    2.661  249.920    4.783  343.255    0.956
  16800.00 0.150     656.803       5.775    1540.000       0.000    0.0002    2.970  225.970    4.637  344.038    1.058
  16860.00 0.146     652.200      11.533    1420.000       0.000    0.0002    3.306  306.868    5.327  346.461    1.112
  16920.00 0.151     654.563       4.466    1420.000       0.000    0.0002    3.694  406.511    5.670  349.905    1.329
  16980.00 0.155     663.906      17.480    1460.000       0.000    0.0002    4.138  490.770    6.129  352.781    1.351
  17040.00 0.158     669.060       4.869    1460.000       0.000    0.0002    4.611  557.522    5.563  355.465    1.282
  17100.00 0.159     669.846       7.754    1420.000       0.000    0.0002    5.085  503.374    5.284  358.790    1.281
  17160.00 0.166     674.156       9.927    1420.000       0.000    0.0002    5.522  404.346    5.494  363.584    1.269
  17220.00 0.167     681.520       9.064    1380.000       0.000    0.0002    5.922  435.907    5.931  369.683    1.258
  17280.00 0.160     680.489       6.544    1380.000       0.000    0.0002    6.321  619.903    7.289  376.396    1.711
  17340.00 0.158     681.796      11.393    1500.000       0.000    0.0002    6.836  785.479    8.084  383.115    1.629
  17400.00 0.162     689.337       7.380    1540.000       0.000    0.0002    7.345  932.888    6.913  389.446    1.677
  17460.00 0.158     687.427       5.917    1420.000       0.000    0.0002    7.674  849.161    6.453  395.238    2.150
  17520.00 0.155     689.590       3.849    1460.000       0.000    0.0002    7.724  811.934    6.459  398.391    2.203
  17580.00 0.154     684.532       6.498    1580.000       0.000    0.0002    7.393  835.969    6.303  398.978    2.074
  17640.00 0.154     690.857       7.175    1500.000       0.000    0.0002    6.942  619.907    6.494  400.548    1.494
  17700.00 0.154     688.590       5.547    1420.000       0.000    0.0002    6.460  523.203    7.045  402.344    1.426
  17760.00 0.152     693.077       4.103    1500.000       0.000    0.0002    6.185  592.160    6.510  400.661    1.726
  17820.00 0.148     684.290       8.647    1580.000       0.000    0.0002    6.089  581.867    6.383  396.266    1.459
  17880.00 0.149     677.836      15.934    1500.000       0.000    0.0002    6.232  543.929    5.605  394.296    1.416
  17940.00 0.150     675.505       8.534    1540.000       0.000    0.0002    6.501  463.917    5.834  397.131    1.308
  18000.00 0.153     681.981       2.109    1500.000       0.000    0.0002    6.860  509.583    6.506  401.453    1.312
  18060.00 0.154     696.757       6.550    1500.000       0.000    0.0002    7.386  615.653    6.327  406.109    1.500
  18120.00 0.156     703.391      10.487    1540.000       0.000    0.0002    8.063  755.770    6.716  412.275    1.510
  18180.00 0.160     703.105      10.198    1540.000       0.000    0.0002    8.817  916.645    7.653  418.926    1.877
  18240.00 0.157     698.202       8.899    1660.000       0.000    0.0002    9.389  909.588    6.871  425.311    1.824
  18300.00 0.157     700.623      11.184    1580.000       0.000    0.0002    9.597  880.612    6.679  431.015    2.206
  18360.00 0.167     705.974      11.654    1940.000       0.000    0.0002    9.337  903.132    6.712  434.643    2.044
  18420.00 0.168     710.508       4.644    1620.000       0.000    0.0002    8.645  821.992    7.268  435.607    1.848
  18480.00 0.169     712.738      10.749    1660.000       0.000    0.0002    7.845  651.738    6.551  432.742    1.662
  18540.00 0.175     705.866       5.307    1620.000       0.000    0.0002    7.083  630.059    6.338  429.233    1.580
  18600.00 0.176     696.842       6.898    1500.000       0.000    0.0002    6.546  598.478    6.509  425.233    1.532
  18660.00 0.178     710.110       7.692    1500.000       0.000    0.0002    6.128  592.604    6.564  420.662    1.512
  18720.00 0.176     708.122       7.677    1580.000       0.000    0.0002    5.781  613.466    6.671  415.592    1.515
  18780.00 0.176     707.399       1.892    1580.000       0.000    0.0002    5.415  594.881    5.655  411.575    1.270
  18840.00 0.176     704.117       6.175    1540.000       0.000    0.0002    5.250  556.664    5.351  409.508    1.368
  18900.00 0.175     700.503       8.520    1420.000       0.000    0.0002    5.319  581.591    6.333  409.147    1.380
  18960.00 0.170     696.155      10.732    1500.000       0.000    0.0002    5.463  656.359    6.214  409.101    1.530
  19020.00 0.168     698.488       9.593    1620.000       0.000    0.0002    5.668  693.610    6.579  408.827    1.662
  19080.00 0.166     688.513      12.018    1540.000       0.000    0.0002    5.925  681.244    5.969  408.504    1.794
  19140.00 0.170     689.138       6.178    1500.000       0.000    0.0002    6.227  634.913    5.407  409.742    1.495
  19200.00 0.172     698.350       9.701    1540.000       0.000    0.0002    6.656  466.866    5.592  413.745    1.332
  19260.00 0.175     697.270      12.618    1460.000       0.000    0.0002    7.101  544.157    5.923  418.977    1.324
  19320.00 0.175     696.267      10.223    1540.000       0.000    0.0002    7.536  617.600    6.897  423.849    1.618
  19380.00 0.172     690.992      14.419    1420.000       0.000    0.0002    8.017  730.072    7.017  430.212    1.779
  19440.00 0.175     713.556       9.930    1540.000       0.000    0.0002    8.337  733.786    6.715  436.907    1.724
  19500.00 0.173     717.127       6.704    1540.000       0.000    0.0002    8.574  734.609    6.979  441.979    1.920
  19560.00 0.170     725.842       5.094    1540.000       0.000    0.0002    8.620  795.720    6.050  444.439    1.694
  19620.00 0.171     722.621       8.148    1540.000       0.000    0.0002    8.454  712.062    6.218  445.715    1.842
  19680.00 0.168     730.189      13.149    1540.000       0.000    0.0002    8.162  625.666    6.066  446.314    1.456
  19740.00 0.171     732.240       7.332    1500.000       0.000    0.0002    7.841  492.023    6.385  443.995    1.492
  19800.00 0.170     743.042       7.403    1500.000       0.000    0.0002    7.652  518.805    6.765  443.243    1.543
  19860.00 0.165     731.846      15.007    1460.000       0.000    0.0002    7.747  546.708    5.484  445.387    1.495
  19920.00 0.166     722.438       8.664    1460.000       0.000    0.0002    8.132  481.125    6.255  449.920    1.631
  19980.00 0.168     714.323       6.754    1540.000       0.000    0.0002    8.837  667.820    6.515  457.711    1.893
  20040.00 0.167     726.239       7.289    1660.000       0.000    0.0002    9.543  772.212    6.928  466.059    2.450
  20100.00 0.168     733.855       5.478    1940.000       0.000    0.0002   10.160  878.476    7.348  472.998    2.036
  20160.00 0.167     740.997      12.933    1940.000       0.000    0.0002   10.544  870.970    6.818  479.274    1.996
  20220.00 0.164     755.082       7.511    1940.000       0.000    0.0002   10.492  878.902    7.096  483.604    2.022
  20280.00 0.167     756.327      11.254    1940.000       0.000    0.0002    9.931  752.186    7.120  485.239    1.836
  20340.00 0.164     756.453       7.332    1620.000       0.000    0.0002    9.359  727.021    7.620  487.483    1.541
  20400.00 0.163     745.269       7.365    1620.000       0.000    0.0002    8.963  707.984    7.029  488.129    1.603
  20460.00 0.158     737.957       8.111    1540.000       0.000    0.0002    8.743  887.781    7.942  486.012    1.790
  20520.00 0.155     736.478      12.484    1500.000       0.000    0.0002    8.532 1033.990    7.592  481.878    1.588
  20580.00 0.153     726.048       5.920    1940.000       0.000    0.0002    8.298  892.815    6.831  479.262    1.779
  20640.00 0.145     736.014      13.851    1620.000       0.000    0.0002    8.054  841.003    6.426  480.686    1.607
  20700.00 0.141     748.997       9.308    1540.000       0.000    0.0002    7.917  815.877    7.110  482.259    1.630
  20760.00 0.143     755.154       7.474    1580.000       0.000    0.0002    7.783  804.648    8.113  480.576    1.622
  20820.00 0.138     768.389       6.195    1620.000       0.000    0.0002    7.765  856.620    7.725  481.182    1.991
  20880.00 0.134     745.182      12.920    1580.000       0.000    0.0002    7.857  846.663    8.130  484.287    2.265
  20940.00 0.128     733.817       2.595    1940.000       0.000    0.0002    7.968  962.659    6.646  484.664    1.723
  21000.00 0.129     737.197       8.977    1940.000       0.000    0.0002    7.911  810.072    6.359  483.070    1.825
  21060.00 0.128     727.557       7.939    1940.000       0.000    0.0002    7.499  679.189    6.501  482.425    1.861
  21120.00 0.134     729.124       9.343    1660.000       0.000    0.0002    6.909  647.179    6.356  478.482    1.398
  21180.00 0.134     719.452       7.751    1540.000       0.000    0.0002    6.420  530.236    5.859  471.291    1.310
  21240.00 0.137     725.506       8.597    1580.000       0.000    0.0002    6.066  553.932    5.751  463.635    1.205
  21300.00 0.131     725.996      13.706    1540.000       0.000    0.0002    5.752  468.069    5.859  458.952    1.268
  21360.00 0.135     711.964       7.928    1540.000       0.000    0.0002    5.489  473.878    5.640  456.090    1.256
  21420.00 0.140     701.399       4.825    1540.000       0.000    0.0002    5.336  501.086    6.014  452.250    1.446
  21480.00 0.138     699.362       9.326    1540.000       0.000    0.0002    5.240  457.307    6.138  449.049    1.352
  21540.00 0.144     700.272       1.259    1660.000       0.000    0.0002    5.158  522.541    6.898  447.980    1.477
  21600.00 0.148     708.224       9.967    1620.000       0.000    0.0002    4.996  458.239    5.915  446.286    1.486
  21660.00 0.145     719.160       3.462    1620.000       0.000    0.0002    4.852  518.351    5.767  444.652    1.357
  21720.00 0.143     697.747      13.140    1580.000       0.000    0.0002    4.883  532.849    6.463  443.484    1.311
  21780.00 0.142     697.804       9.811    1580.000       0.000    0.0002    5.105  446.506    5.314  442.594    1.417
  21840.00 0.142     695.938      10.706    1580.000       0.000    0.0002    5.528  497.037    6.269  443.605    1.214
  21900.00 0.151     703.371      12.091    1580.000       0.000    0.0002    6.141  556.478    6.107  447.108    1.205
  21960.00 0.148     693.015       7.117    1500.000       0.000    0.0002    6.946  608.502    5.200  452.751    1.218
  22020.00 0.161     698.303       8.152    1500.000       0.000    0.0002    7.846  533.971    5.817  459.548    1.377
  22080.00 0.164     719.079       5.884    1540.000       0.000    0.0002    8.716  629.706    7.048  467.417    1.598
  22140.00 0.168     724.360      12.180    1460.000       0.000    0.0002    9.479  764.503    7.345  475.942    1.757
  22200.00 0.171     742.518      13.104    1620.000       0.000    0.0002    9.997  993.727    7.266  484.000    1.974
  22260.00 0.180     755.372       6.008    1660.000       0.000    0.0002   10.283 1065.459    6.942  492.112    2.068
  22320.00 0.171     756.923       8.291    1940.000       0.000    0.0002   10.546  803.355    7.138  500.778    1.874
  22380.00 0.169     752.504       5.181    1940.000       0.000    0.0002   10.746  660.443    7.426  510.160    1.817
  22440.00 0.168     760.580      14.667    1540.000       0.000    0.0002   10.835  798.818    8.221  517.444    2.133
  22500.00 0.163     760.987      10.194    1780.000       0.000    0.0002   10.652  958.504    8.093  516.467    2.614
  22560.00 0.165     771.454       9.703    1940.000       0.000    0.0002   10.176  750.338    5.882  511.162    1.722
  22620.00 0.160     777.125       7.248    1580.000       0.000    0.0002    9.742  652.039    7.145  511.851    1.657
  22680.00 0.155     770.929      10.394    1700.000       0.000    0.0002    9.386  692.272    7.972  515.507    1.778
  22740.00 0.148     780.132      10.810    1580.000       0.000    0.0002    9.210  676.325    7.532  516.537    1.708
  22800.00 0.149     765.550       6.470    1620.000       0.000    0.0002    9.485  754.869    7.014  518.197    1.799
  22860.00 0.150     762.643       3.883    1580.000       0.000    0.0002    9.967  658.259    7.788  521.337    1.883
  22920.00 0.149     758.295      11.574    1540.000       0.000    0.0002   10.466  771.742    8.408  525.632    1.736
  22980.00 0.146     767.692       7.960    1580.000       0.000    0.0002   10.857  807.699    8.286  532.048    1.689
  23040.00 0.147     769.967      15.947    1580.000       0.000    0.0002   11.301  870.295    7.422  539.645    1.831
  23100.00 0.147     761.993       4.153    1540.000       0.000    0.0002   11.644  808.227    7.643  546.874    1.945
  23160.00 0.149     767.148       2.033    1580.000       0.000    0.0002   11.780  986.628    8.907  554.247    2.679
  23220.00 0.153     766.688       6.240    1940.000       0.000    0.0002   11.602 1087.679    7.894  557.823    2.776
  23280.00 0.156     759.060       3.730    1940.000       0.000    0.0002   11.162  980.785    8.326  558.075    2.333
  23340.00 0.156     759.282      13.604    1940.000       0.000    0.0002   10.465 1043.109    9.683  557.846    2.371
  23400.00 0.153     764.051      11.930    1940.000       0.000    0.0002    9.551 1015.990    7.003  551.546    2.099
  23460.00 0.156     766.228       7.261    1940.000       0.000    0.0002    8.796  889.353    6.959  544.512    1.979
  23520.00 0.153     776.096      12.128    1620.000       0.000    0.0002    8.157  904.203    7.651  540.363    1.854
  23580.00 0.145     770.992       7.597    1580.000       0.000    0.0002    7.739  746.648    6.831  538.571    1.903
  23640.00 0.145     774.595      15.135    1620.000       0.000    0.0002    7.645  801.438    6.842  536.143    1.680
  23700.00 0.142     773.276       8.336    1580.000       0.000    0.0002    7.484  865.703    6.460  528.281    1.732
  23760.00 0.142     769.640       4.425    1580.000       0.000    0.0002    7.261  847.708    5.918  522.235    1.716
  23820.00 0.139     777.746       9.190    1580.000       0.000    0.0002    7.009  732.765    5.750  519.012    1.825
  23880.00 0.139     770.352       4.049    1660.000       0.000    0.0002    6.723  542.094    6.248  515.567    1.486
  23940.00 0.131     754.349       6.691    1580.000       0.000    0.0002    6.575  606.380    6.157  512.388    1.470
  24000.00 0.128     740.838       3.314    1580.000       0.000    0.0002    6.420  763.917    6.371  511.652    1.684
  24060.00 0.132     759.889       6.580    1540.000       0.000    0.0002    6.373  805.001    6.982  513.305    1.996
  24120.00 0.138     748.865      12.695    1940.000       0.000    0.0002    6.454  919.458    7.814  513.298    2.288
  24180.00 0.136     740.791       5.252    1940.000       0.000    0.0002    6.543  903.470    6.797  510.089    2.104
  24240.00 0.138     730.726      10.549    1940.000       0.000    0.0002    6.436  731.962    7.898  507.938    1.964
  24300.00 0.137     728.857      10.214    1620.000       0.000    0.0002    6.160  676.234    6.489  509.492    1.656
  24360.00 0.138     724.198      11.993    1580.000       0.000    0.0002    5.991  667.451    6.251  510.112    1.736
  24420.00 0.140     729.913      11.304    1620.000       0.000    0.0002    5.934  761.050    6.809  507.398    1.750
  24480.00 0.142     728.542       6.998    1580.000       0.000    0.0002    5.877  693.170    7.350  505.609    1.699
  24540.00 0.142     730.361      11.842    1500.000       0.000    0.0002    5.779  614.222    6.496  505.997    1.563
  24600.00 0.141     729.827       6.713    1620.000       0.000    0.0002    5.758  546.230    6.704  505.148    1.642
  24660.00 0.139     739.718       2.183    1700.000       0.000    0.0002    5.727  553.574    6.856  504.326    1.541
  24720.00 0.140     740.140      10.070    1540.000       0.000    0.0002    5.845  538.241    5.835  505.867    1.356
  24780.00 0.138     741.558      11.929    1700.000       0.000    0.0002    6.086  502.912    6.365  509.082    1.558
  24840.00 0.136     749.209       7.122    1540.000       0.000    0.0002    6.353  613.680    6.388  511.627    1.545
  24900.00 0.136     744.811       8.618    1620.000       0.000    0.0002    6.700  696.602    7.066  514.402    1.735
  24960.00 0.130     737.978      10.562    1540.000       0.000    0.0002    7.124  828.550    7.886  519.295    1.904
  25020.00 0.127     737.923      12.385    1540.000       0.000    0.0002    7.507  907.668    8.018  523.363    1.971
  25080.00 0.126     735.058       5.985    1940.000       0.000    0.0002    7.737  909.776    6.778  525.079    1.700
  25140.00 0.127     733.603       7.437    1940.000       0.000    0.0002    7.712  954.180    7.150  526.162    1.802
  25200.00 0.132     737.037      16.889    1940.000       0.000    0.0002    7.482  840.642    7.852  526.829    1.836
  25260.00 0.132     724.193       7.495    1620.000       0.000    0.0002    7.165  905.584    9.928  527.978    2.192
  25320.00 0.134     720.548       9.543    1940.000       0.000    0.0002    6.862 1103.670    8.461  524.602    2.213
  25380.00 0.130     722.589       3.677    1940.000       0.000    0.0002    6.270 1053.180    6.708  516.752    2.285
  25440.00 0.127     737.462       8.577    1940.000       0.000    0.0002    5.503  876.305    5.451  509.165    2.140
  25500.00 0.133     725.248      10.055    1940.000       0.000    0.0002    4.574  699.125    6.039  503.312    1.417
  25560.00 0.127     722.035      13.397    1540.000       0.000    0.0002    3.713  415.183    5.985  495.479    1.336
  25620.00 0.126     724.961      12.403    1540.000       0.000    0.0002    3.100  368.111    5.969  486.041    1.290
  25680.00 0.122     719.440      13.560    1660.000       0.000    0.0002    2.781  318.501    5.697  478.870    1.187
  25740.00 0.116     718.281       0.000    1540.000       0.000    0.0002    2.729  330.129    5.877  473.762    1.237
  25800.00 0.115     709.638       4.051    1620.000       0.000    0.0002    2.709  334.271    5.690  469.565    1.232
  25860.00 0.113     709.655       5.259    1460.000       0.000    0.0002    2.648  328.877    5.037  465.595    1.169
  25920.00 0.116     705.570       1.477    1580.000       0.000    0.0002    2.576  388.521    5.432  461.343    1.238
  25980.00 0.117     699.331       5.690    1500.000       0.000    0.0002    2.521  354.348    5.483  457.853    1.141
  26040.00 0.117     703.674       5.511    1620.000       0.000    0.0002    2.445  298.362    4.934  455.140    1.044
  26100.00 0.122     696.088       5.669    1540.000       0.000    0.0002    2.309  255.861    4.219  452.661    0.885
  26160.00 0.118     695.197       2.733    1540.000       0.000    0.0002    2.136  246.241    4.633  450.407    0.913
  26220.00 0.118     698.755       2.739    1540.000       0.000    0.0002    2.009  246.138    3.809  447.500    0.842
  26280.00 0.124     695.128      10.884    1500.000       0.000    0.0002    2.033  266.387    3.608  444.072    0.779
  26340.00 0.118     694.722       4.330    1460.000       0.000    0.0002    2.127  226.896    3.990  442.573    0.845
  26400.00 0.123     685.426      12.554    1500.000       0.000    0.0002    2.341  252.805    4.358  442.015    0.969
  26460.00 0.127     686.462       6.192    1460.000       0.000    0.0002    2.594  229.476    4.665  441.666    1.024
  26520.00 0.126     685.165       7.029    1500.000       0.000    0.0002    2.879  233.054    4.354  442.737    1.115
  26580.00 0.130     692.693       5.047    1580.000       0.000    0.0002    3.253  278.198    5.236  445.277    1.416
  26640.00 0.132     690.536       8.281    1540.000       0.000    0.0002    3.658  368.568    5.258  447.706    1.516
  26700.00 0.144     681.794       6.531    1500.000       0.000    0.0002    4.136  489.553    5.788  448.778    1.347
  26760.00 0.146     687.780      10.451    1500.000       0.000    0.0002    4.504  503.662    5.217  449.718    1.356
  26820.00 0.148     690.942       7.835    1500.000       0.000    0.0002    4.844  498.482    4.654  452.325    1.310
  26880.00 0.151     689.079      10.242    1540.000       0.000    0.0002    5.078  417.126    4.871  455.741    1.345
  26940.00 0.153     698.278       7.464    1500.000       0.000    0.0002    5.324  456.310    5.483  458.703    1.335
  27000.00 0.155     704.107       4.044    1460.000       0.000    0.0002    5.620  576.726    6.716  461.638    1.462
  27060.00 0.153     712.843       9.489    1460.000       0.000    0.0002    6.153  596.772    5.577  465.474    1.631
  27120.00 0.159     711.350       5.521    1540.000       0.000    0.0002    6.637  684.949    6.229  469.517    2.154
  27180.00 0.160     717.466      11.023    1580.000       0.000    0.0002    7.065  631.415    6.524  474.091    2.006
  27240.00 0.160     721.220       6.098    1540.000       0.000    0.0002    7.348  635.365    7.198  479.060    1.773
  27300.00 0.164     727.582       6.806    1940.000       0.000    0.0002    7.470  619.901    6.632  485.617    1.782
  27360.00 0.168     743.605      11.686    1580.000       0.000    0.0002    7.411  639.892    7.195  492.463    1.720
  27420.00 0.159     751.656       7.485    1540.000       0.000    0.0002    7.291  730.545    7.980  496.828    1.944
  27480.00 0.158     749.830       7.759    1540.000       0.000    0.0002    7.126  810.483    7.322  497.365    1.815
  27540.00 0.160     749.680       7.915    1940.000       0.000    0.0002    6.705  773.441    7.222  495.156    1.996
  27600.00 0.154     748.494       7.702    1940.000       0.000    0.0002    6.110  610.138    5.570  492.764    1.489
  27660.00 0.155     740.063       8.994    1700.000       0.000    0.0002    5.443  504.113    5.472  490.767    1.401
  27720.00 0.162     740.421       8.992    1540.000       0.000    0.0002    4.944  435.676    5.692  485.477    1.325
  27780.00 0.159     728.571       6.114    1500.000       0.000    0.0002    4.790  514.327    6.579  479.477    1.738
  27840.00 0.161     722.390       7.655    1540.000       0.000    0.0002    4.971  533.011    7.005  478.211    1.554
  27900.00 0.160     720.641       7.023    1460.000       0.000    0.0002    5.320  604.850    6.981  480.112    1.645
  27960.00 0.163     724.251       3.892    1540.000       0.000    0.0002    5.732  530.361    5.224  480.798    1.292
  28020.00 0.167     717.478       8.563    1700.000       0.000    0.0002    6.207  388.622    5.678  483.001    1.321
  28080.00 0.167     732.770       9.388    1500.000       0.000    0.0002    6.713  543.485    6.590  489.169    1.809
  28140.00 0.170     742.763       7.108    1500.000       0.000    0.0002    7.337  607.607    6.428  498.366    1.831
  28200.00 0.173     742.093       7.836    1540.000       0.000    0.0002    7.925  583.558    6.730  506.354    2.355
  28260.00 0.172     739.374       5.377    1540.000       0.000    0.0002    8.317  588.091    7.515  510.297    1.984
  28320.00 0.170     754.613      10.372    1940.000       0.000    0.0002    8.233  514.925    7.854  513.116    1.863
  28380.00 0.173     771.627       0.934    1620.000       0.000    0.0002    7.822  501.004    6.736  515.975    1.552
  28440.00 0.171     774.750       2.397    1620.000       0.000    0.0002    7.224  495.280    5.889  514.306    1.493
  28500.00 0.169     777.572       6.705    1660.000       0.000    0.0002    6.643  561.429    5.431  509.117    1.562
  28560.00 0.167     771.871      11.491    1540.000       0.000    0.0002    6.237  463.839    5.296  504.433    1.319
  28620.00 0.164     768.912       7.362    1620.000       0.000    0.0002    5.854  473.397    5.012  501.624    1.287
  28680.00 0.163     758.296       2.212    1620.000       0.000    0.0002    5.500  422.023    4.920  498.517    1.337
  28740.00 0.161     750.727       6.788    1620.000       0.000    0.0002    5.289  475.327    4.897  495.029    1.343
  28800.00 0.159     749.046      12.585    1500.000       0.000    0.0002    5.178  539.303    5.276  493.196    1.501
