#  time      cc     z_cbase    z_ctop_avg  z_ctop_max      zi         we   <<ql>>  <<ql>>_max   w_max   tke     ql_max
     60.00 0.000       0.000       0.000       0.000       0.000    0.0002    0.000    0.000    0.180  616.615    0.000
    120.00 0.000       0.000       0.000       0.000       0.000    0.0002    0.000    0.000    0.284  417.094    0.000
    180.00 0.000       0.000       0.000       0.000       0.000    0.0002    0.000    0.000    0.326  300.153    0.000
    240.00 0.000       0.000       0.000       0.000       0.000    0.0002    0.000    0.000    0.291  225.817    0.000
    300.00 0.000       0.000       0.000       0.000       0.000    0.0002    0.000    0.000    0.257  176.573    0.000
    360.00 0.000       0.000       0.000       0.000       0.000    0.0002    0.000    0.000    0.272  143.386    0.000
    420.00 0.000       0.000       0.000       0.000       0.000    0.0002    0.000    0.000    0.284  121.128    0.000
    480.00 0.000       0.000       0.000       0.000       0.000    0.0002    0.000    0.000    0.349  105.736    0.000
    540.00 0.000       0.000       0.000       0.000       0.000    0.0002    0.000    0.000    0.393   93.913    0.000
    600.00 0.000       0.000       0.000       0.000       0.000    0.0002    0.000    0.000    0.416   84.621    0.000
    660.00 0.000       0.000       0.000       0.000       0.000    0.0002    0.000    0.000    0.418   78.050    0.000
    720.00 0.000       0.000       0.000       0.000       0.000    0.0002    0.000    0.000    0.463   73.741    0.000
    780.00 0.000       0.000       0.000       0.000       0.000    0.0002    0.000    0.000    0.507   70.956    0.000
    840.00 0.000       0.000       0.000       0.000       0.000    0.0002    0.000    0.000    0.528   69.194    0.000
    900.00 0.000       0.000       0.000       0.000       0.000    0.0002    0.000    0.000    0.562   67.995    0.000
    960.00 0.000       0.000       0.000       0.000       0.000    0.0002    0.000    0.000    0.616   67.395    0.000
   1020.00 0.000       0.000       0.000       0.000       0.000    0.0002    0.000    0.000    0.684   67.880    0.000
   1080.00 0.000       0.000       0.000       0.000       0.000    0.0002    0.000    0.000    0.750   69.458    0.000
   1140.00 0.000       0.000       0.000       0.000       0.000    0.0002    0.000    0.000    0.777   71.760    0.000
   1200.00 0.000     580.000       0.000     580.000       0.000    0.0002    0.000    0.743    0.833   74.739    0.017
   1260.00 0.001     566.667       0.000     580.000       0.000    0.0002    0.001    2.245    0.871   78.545    0.050
   1320.00 0.002     572.000       0.000     580.000       0.000    0.0002    0.002    2.974    0.930   83.312    0.067
   1380.00 0.007     562.069       0.000     580.000       0.000    0.0002    0.010    3.957    1.020   89.260    0.089
   1440.00 0.016     562.769       0.000     580.000       0.000    0.0002    0.031   11.001    1.159   96.473    0.124
   1500.00 0.026     564.000       0.000     660.000       0.000    0.0002    0.073   14.277    1.267  104.816    0.198
   1560.00 0.038     565.897       3.462     660.000       0.000    0.0002    0.152   24.087    1.320  114.235    0.247
   1620.00 0.055     567.611       4.956     660.000       0.000    0.0002    0.279   33.921    1.588  124.771    0.342
   1680.00 0.072     568.980       9.864     660.000       0.000    0.0002    0.473   45.784    1.984  136.365    0.418
   1740.00 0.094     566.458       5.938     700.000       0.000    0.0002    0.763   63.098    2.416  148.906    0.539
   1800.00 0.110     566.370       8.285     740.000       0.000    0.0002    1.158   99.989    2.749  162.185    0.610
   1860.00 0.129     567.097       5.806     780.000       0.000    0.0002    1.682  140.554    2.858  175.883    0.746
   1920.00 0.142     568.640       6.127     820.000       0.000    0.0002    2.315  173.319    3.665  189.688    0.867
   1980.00 0.156     571.334       5.589     860.000       0.000    0.0002    3.068  226.413    4.083  203.351    0.972
   2040.00 0.167     572.536       7.580     900.000       0.000    0.0002    3.889  287.406    4.012  216.700    0.991
   2100.00 0.177     577.178       9.654    1300.000       0.000    0.0002    4.772  337.512    4.324  229.309    1.213
   2160.00 0.182     583.548       4.059    1300.000       0.000    0.0002    5.634  381.426    4.810  240.768    1.140
   2220.00 0.188     585.403      10.987    1300.000       0.000    0.0002    6.494  395.630    4.468  250.586    1.251
   2280.00 0.193     587.655       8.264    1300.000       0.000    0.0002    7.296  420.002    4.723  258.794    1.303
   2340.00 0.197     592.025       8.497    1300.000       0.000    0.0002    7.946  433.736    5.110  264.938    1.146
   2400.00 0.194     598.640       9.924    1300.000       0.000    0.0002    8.478  480.601    4.225  269.204    1.211
   2460.00 0.195     606.934       4.030    1380.000       0.000    0.0002    8.761  532.500    5.094  271.565    1.448
   2520.00 0.190     611.026       4.128    1420.000       0.000    0.0002    8.816  584.227    4.825  271.894    1.371
   2580.00 0.186     621.050       5.144    1420.000       0.000    0.0002    8.686  649.860    4.879  270.089    1.356
   2640.00 0.180     627.470       8.173    1460.000       0.000    0.0002    8.346  573.118    4.375  266.703    1.345
   2700.00 0.173     636.338       6.000    1380.000       0.000    0.0002    7.921  463.062    5.082  263.195    1.337
   2760.00 0.161     637.447      11.459    1460.000       0.000    0.0002    7.602  531.863    5.175  259.470    1.306
   2820.00 0.153     638.344       7.038    1420.000       0.000    0.0002    7.330  590.492    5.437  254.479    1.375
   2880.00 0.144     634.281       6.125    1300.000       0.000    0.0002    7.000  629.882    5.360  249.145    1.406
   2940.00 0.144     643.946       5.952    1420.000       0.000    0.0002    6.675  681.397    5.678  244.649    1.373
   3000.00 0.138     641.239       6.726    1460.000       0.000    0.0002    6.298  710.689    6.043  240.243    1.606
   3060.00 0.133     649.890       6.374    1420.000       0.000    0.0002    5.858  665.476    5.363  234.640    1.477
   3120.00 0.131     663.420      10.260    1420.000       0.000    0.0002    5.249  651.168    5.268  228.418    1.547
   3180.00 0.121     665.323       7.661    1460.000       0.000    0.0002    4.537  669.742    5.365  222.257    1.869
   3240.00 0.115     661.529       6.242    1500.000       0.000    0.0002    3.790  568.460    5.156  215.357    1.589
   3300.00 0.118     664.793       8.760    1500.000       0.000    0.0002    3.063  546.929    5.315  208.636    1.424
   3360.00 0.109     654.619      10.135    1540.000       0.000    0.0002    2.584  496.768    4.486  203.592    1.208
   3420.00 0.106     642.661       5.046    1460.000       0.000    0.0002    2.330  365.136    3.652  199.145    1.020
   3480.00 0.104     635.644      11.803    1500.000       0.000    0.0002    2.254  349.704    3.862  195.376    1.048
   3540.00 0.100     628.856       5.645    1500.000       0.000    0.0002    2.251  387.851    4.084  192.771    1.321
   3600.00 0.099     617.936       4.865    1420.000       0.000    0.0002    2.302  472.886    4.934  190.644    1.338
   3660.00 0.105     622.326      17.395    1340.000       0.000    0.0002    2.396  486.617    5.166  188.771    1.370
   3720.00 0.103     614.869      11.971    1300.000       0.000    0.0002    2.479  543.072    5.322  187.733    1.286
   3780.00 0.102     626.442       5.769    1500.000       0.000    0.0002    2.490  572.321    4.801  187.593    1.397
   3840.00 0.102     622.494       7.530    1380.000       0.000    0.0002    2.418  508.817    3.938  187.117    1.139
   3900.00 0.105     624.815       6.528    1300.000       0.000    0.0002    2.281  304.026    3.808  186.601    1.012
   3960.00 0.107     630.818       6.364    1380.000       0.000    0.0002    2.136  322.535    3.724  186.526    0.917
   4020.00 0.110     625.929       5.310    1300.000       0.000    0.0002    2.008  329.568    3.591  185.632    1.000
   4080.00 0.110     623.029       7.127    1380.000       0.000    0.0002    1.922  303.721    3.215  184.776    0.839
   4140.00 0.109     620.000       5.740    1340.000       0.000    0.0002    1.912  287.592    3.315  184.959    0.873
   4200.00 0.112     618.950       6.302    1420.000       0.000    0.0002    1.959  280.648    3.738  185.346    0.945
   4260.00 0.106     615.935       7.344    1300.000       0.000    0.0002    2.059  291.319    4.014  185.662    1.011
   4320.00 0.104     611.268       8.451    1300.000       0.000    0.0002    2.207  319.757    3.835  186.744    0.960
   4380.00 0.107     613.227       2.243    1340.000       0.000    0.0002    2.432  402.289    3.846  188.612    1.012
   4440.00 0.108     606.032       9.569    1300.000       0.000    0.0002    2.680  455.750    4.175  191.023    1.152
   4500.00 0.107     614.091      12.500    1300.000       0.000    0.0002    2.916  490.871    4.847  193.972    1.222
   4560.00 0.109     619.821       5.919    1340.000       0.000    0.0002    3.165  540.234    5.245  196.927    1.287
   4620.00 0.115     624.989       5.497    1380.000       0.000    0.0002    3.376  563.878    4.503  199.261    1.139
   4680.00 0.118     622.887      10.309    1300.000       0.000    0.0002    3.512  605.839    4.165  201.563    1.141
   4740.00 0.116     627.731       2.605    1340.000       0.000    0.0002    3.652  623.352    4.390  204.881    1.296
   4800.00 0.114     615.460      15.460    1380.000       0.000    0.0002    3.775  571.245    5.019  207.976    1.515
   4860.00 0.117     610.936       5.655    1300.000       0.000    0.0002    3.843  608.953    4.761  210.171    1.387
   4920.00 0.119     619.918       8.542    1300.000       0.000    0.0002    3.840  622.042    4.438  211.967    1.097
   4980.00 0.117     620.582       4.990    1420.000       0.000    0.0002    3.799  565.917    4.321  214.185    1.049
   5040.00 0.122     616.960       5.040    1500.000       0.000    0.0002    3.753  538.117    4.633  216.277    1.163
   5100.00 0.124     614.263       7.466    1300.000       0.000    0.0002    3.670  484.316    4.832  217.227    1.191
   5160.00 0.131     616.357       3.086    1380.000       0.000    0.0002    3.548  546.171    4.133  218.101    1.039
   5220.00 0.129     613.736       9.962    1340.000       0.000    0.0002    3.455  583.733    5.612  219.172    1.595
   5280.00 0.129     613.724       7.259    1380.000       0.000    0.0002    3.460  585.308    5.696  220.117    1.422
   5340.00 0.130     607.594       8.609    1340.000       0.000    0.0002    3.571  537.812    4.926  221.414    1.191
   5400.00 0.129     614.383       4.478    1540.000       0.000    0.0002    3.821  490.479    5.225  222.950    1.228
   5460.00 0.128     607.985       6.426    1340.000       0.000    0.0002    4.150  556.266    4.917  223.825    1.173
   5520.00 0.137     611.000       3.321    1340.000       0.000    0.0002    4.473  490.573    4.366  224.307    1.009
   5580.00 0.144     611.361       9.048    1460.000       0.000    0.0002    4.801  426.228    4.450  225.921    1.157
   5640.00 0.151     615.728       4.175    1460.000       0.000    0.0002    5.147  507.864    5.036  228.225    1.285
   5700.00 0.150     621.948       5.747    1500.000       0.000    0.0002    5.502  606.750    5.114  230.900    1.288
   5760.00 0.156     624.396      11.272    1420.000       0.000    0.0002    5.866  664.833    4.971  234.025    1.199
   5820.00 0.162     636.953       4.434    1460.000       0.000    0.0002    6.153  660.776    5.231  236.898    1.337
   5880.00 0.159     638.438       6.953    1500.000       0.000    0.0002    6.293  590.575    5.865  239.516    1.534
   5940.00 0.156     635.023       4.664    1460.000       0.000    0.0002    6.334  607.388    4.891  241.456    1.435
   6000.00 0.154     642.667       8.286    1300.000       0.000    0.0002    6.230  525.455    4.642  241.898    1.171
   6060.00 0.154     653.154       3.455    1500.000       0.000    0.0002    5.955  481.815    3.919  241.507    1.255
   6120.00 0.152     651.923       8.846    1460.000       0.000    0.0002    5.548  408.618    4.035  240.983    1.047
   6180.00 0.151     654.055      18.223    1380.000       0.000    0.0002    5.172  398.037    4.571  240.842    1.342
   6240.00 0.143     647.487       7.419    1420.000       0.000    0.0002    4.898  472.981    5.087  240.070    1.266
   6300.00 0.144     649.116       4.864    1420.000       0.000    0.0002    4.557  498.845    4.140  238.020    1.187
   6360.00 0.142     647.034       9.655    1380.000       0.000    0.0002    4.215  442.525    4.338  235.755    1.251
   6420.00 0.143     649.880       3.179    1460.000       0.000    0.0002    3.895  487.025    4.121  234.247    1.131
   6480.00 0.141     652.457       7.093    1420.000       0.000    0.0002    3.641  511.863    4.375  233.587    1.160
   6540.00 0.130     645.591       5.103    1380.000       0.000    0.0002    3.505  511.134    4.745  233.018    1.234
   6600.00 0.127     639.234       5.824    1420.000       0.000    0.0002    3.487  519.444    4.551  232.327    1.191
   6660.00 0.126     642.602       7.922    1380.000       0.000    0.0002    3.493  532.604    4.556  231.699    1.179
   6720.00 0.126     647.597       6.434    1420.000       0.000    0.0002    3.495  434.495    3.851  231.555    1.211
   6780.00 0.120     638.824       3.935    1380.000       0.000    0.0002    3.551  449.184    3.588  232.226    1.019
   6840.00 0.121     640.891       8.664    1460.000       0.000    0.0002    3.693  448.714    4.024  233.691    1.242
   6900.00 0.124     646.299       9.488    1300.000       0.000    0.0002    3.897  506.862    4.728  235.256    1.328
   6960.00 0.125     643.750       7.891    1340.000       0.000    0.0002    4.127  605.786    4.523  236.969    1.223
   7020.00 0.125     641.918      10.959    1380.000       0.000    0.0002    4.396  660.283    5.208  239.451    1.327
   7080.00 0.123     640.990       6.376    1420.000       0.000    0.0002    4.653  697.104    5.716  242.650    1.455
   7140.00 0.126     642.326       4.147    1500.000       0.000    0.0002    4.841  697.793    5.285  246.078    1.431
   7200.00 0.124     644.379       3.748    1420.000       0.000    0.0002    4.951  635.511    5.379  248.619    1.432
   7260.00 0.126     631.120      11.660    1420.000       0.000    0.0002    4.972  702.158    5.631  250.628    1.276
   7320.00 0.128     630.494       2.510    1460.000       0.000    0.0002    4.967  769.394    4.781  252.731    1.450
   7380.00 0.131     634.879      10.766    1420.000       0.000    0.0002    4.854  758.694    5.178  253.444    1.483
   7440.00 0.130     637.111       4.278    1380.000       0.000    0.0002    4.725  667.890    4.709  253.490    1.664
   7500.00 0.128     631.581       4.800    1540.000       0.000    0.0002    4.670  595.455    4.213  253.702    1.124
   7560.00 0.126     630.135       2.631    1460.000       0.000    0.0002    4.626  526.245    4.703  254.503    1.052
   7620.00 0.125     631.429       5.245    1460.000       0.000    0.0002    4.710  423.593    4.979  254.720    1.164
   7680.00 0.131     642.430       8.860    1420.000       0.000    0.0002    4.807  458.082    4.926  254.390    1.105
   7740.00 0.131     651.327       6.168    1540.000       0.000    0.0002    4.910  537.663    4.747  254.649    1.198
   7800.00 0.135     658.478       5.942    1380.000       0.000    0.0002    4.938  562.445    5.420  255.253    1.462
   7860.00 0.132     667.823       5.092    1380.000       0.000    0.0002    4.858  567.427    5.491  255.748    1.257
   7920.00 0.127     666.449      14.741    1460.000       0.000    0.0002    4.743  552.998    5.023  256.433    1.323
   7980.00 0.125     670.682      11.306    1460.000       0.000    0.0002    4.572  586.222    4.923  256.876    1.188
   8040.00 0.122     667.375       7.735    1500.000       0.000    0.0002    4.432  545.374    4.425  256.174    1.270
   8100.00 0.118     657.851       1.198    1420.000       0.000    0.0002    4.214  417.793    5.063  254.430    1.234
   8160.00 0.121     666.439      10.905    1420.000       0.000    0.0002    4.027  348.961    4.607  252.781    1.091
   8220.00 0.123     668.238       6.614    1380.000       0.000    0.0002    3.860  383.548    4.763  251.812    1.159
   8280.00 0.123     670.258       4.811    1380.000       0.000    0.0002    3.739  453.457    5.222  251.098    1.196
   8340.00 0.124     667.890      13.373    1460.000       0.000    0.0002    3.553  523.283    5.083  249.904    1.316
   8400.00 0.125     657.817      11.579    1460.000       0.000    0.0002    3.286  547.161    4.360  248.283    1.457
   8460.00 0.125     651.155      13.855    1460.000       0.000    0.0002    2.913  445.970    3.902  246.252    1.278
   8520.00 0.125     647.554       8.571    1460.000       0.000    0.0002    2.544  278.052    3.934  244.191    0.898
   8580.00 0.124     647.273       7.431    1420.000       0.000    0.0002    2.268  220.809    3.888  242.455    0.852
   8640.00 0.132     652.505       3.228    1420.000       0.000    0.0002    2.121  207.806    3.740  240.804    0.861
   8700.00 0.126     642.162      12.317    1460.000       0.000    0.0002    2.079  242.074    4.170  239.685    0.911
   8760.00 0.121     629.113       3.669    1340.000       0.000    0.0002    2.137  270.608    4.326  239.456    1.079
   8820.00 0.124     638.304       6.746    1300.000       0.000    0.0002    2.207  306.611    5.120  239.826    1.138
   8880.00 0.121     635.936       7.042    1380.000       0.000    0.0002    2.324  361.816    4.935  240.396    1.138
   8940.00 0.119     632.567       3.819    1380.000       0.000    0.0002    2.432  350.042    4.307  241.007    1.158
   9000.00 0.126     634.031       6.085    1420.000       0.000    0.0002    2.578  407.382    4.644  242.017    1.357
   9060.00 0.127     646.615       6.038    1300.000       0.000    0.0002    2.700  427.218    4.436  243.536    1.102
   9120.00 0.132     638.627      10.241    1300.000       0.000    0.0002    2.806  414.843    3.986  244.966    0.990
   9180.00 0.131     636.877      11.450    1340.000       0.000    0.0002    2.883  288.444    3.969  246.395    0.886
   9240.00 0.131     641.378       5.214    1300.000       0.000    0.0002    2.990  235.122    3.810  248.407    0.956
   9300.00 0.131     642.751       5.911    1380.000       0.000    0.0002    3.148  307.010    3.975  250.618    0.937
   9360.00 0.138     634.584       5.168    1300.000       0.000    0.0002    3.411  378.442    4.175  252.933    0.987
   9420.00 0.140     633.682       3.386    1380.000       0.000    0.0002    3.677  439.064    4.337  255.230    1.039
   9480.00 0.141     632.366       3.661    1380.000       0.000    0.0002    3.953  449.219    4.808  257.385    1.107
   9540.00 0.144     632.381      10.170    1300.000       0.000    0.0002    4.214  441.400    4.614  260.069    1.055
   9600.00 0.146     626.421      11.104    1340.000       0.000    0.0002    4.465  466.889    4.403  263.547    1.218
   9660.00 0.148     632.826       6.612    1380.000       0.000    0.0002    4.705  446.358    5.523  266.806    1.310
   9720.00 0.148     633.597       5.875    1420.000       0.000    0.0002    4.953  434.716    5.553  268.874    1.146
   9780.00 0.151     637.374       3.079    1460.000       0.000    0.0002    5.120  425.679    4.873  270.249    1.087
   9840.00 0.155     644.277       5.031    1500.000       0.000    0.0002    5.203  463.535    5.348  271.524    1.289
   9900.00 0.153     650.400       8.064    1460.000       0.000    0.0002    5.237  547.889    5.576  273.490    1.414
   9960.00 0.154     658.159       8.508    1380.000       0.000    0.0002    5.289  608.341    4.579  275.292    1.287
  10020.00 0.153     653.419       2.843    1300.000       0.000    0.0002    5.296  590.087    4.582  275.948    1.158
  10080.00 0.149     660.525      14.951    1420.000       0.000    0.0002    5.262  513.000    5.905  276.132    1.302
  10140.00 0.149     660.917       3.502    1420.000       0.000    0.0002    5.193  567.994    5.808  276.394    1.272
  10200.00 0.147     671.476      10.514    1460.000       0.000    0.0002    5.122  647.825    6.538  276.351    1.429
  10260.00 0.149     666.492       4.656    1420.000       0.000    0.0002    4.996  699.030    5.666  275.478    1.600
  10320.00 0.149     665.443      13.967    1460.000       0.000    0.0002    4.753  627.266    6.218  274.720    1.497
  10380.00 0.147     660.465       6.213    1420.000       0.000    0.0002    4.505  615.599    5.238  274.797    1.552
  10440.00 0.152     665.265       4.366    1420.000       0.000    0.0002    4.303  451.813    4.394  274.489    1.064
  10500.00 0.147     662.318       9.238    1460.000       0.000    0.0002    4.226  412.327    4.980  273.051    1.056
  10560.00 0.143     664.247       7.568    1460.000       0.000    0.0002    4.265  432.489    4.875  271.872    0.991
  10620.00 0.134     655.782       6.691    1460.000       0.000    0.0002    4.426  500.407    4.502  272.381    1.135
  10680.00 0.135     658.991      12.000    1340.000       0.000    0.0002    4.655  540.596    4.537  274.542    1.365
  10740.00 0.140     657.972      10.594    1420.000       0.000    0.0002    4.877  531.011    5.170  277.217    1.326
  10800.00 0.138     665.674       7.766    1380.000       0.000    0.0002    5.089  497.812    5.569  278.922    1.388
  10860.00 0.139     671.248       2.390    1500.000       0.000    0.0002    5.194  606.366    6.810  280.556    1.396
  10920.00 0.139     670.526      12.772    1540.000       0.000    0.0002    5.191  757.633    6.641  282.970    1.545
  10980.00 0.142     672.281       4.803    1460.000       0.000    0.0002    5.087  830.290    6.506  283.685    1.848
  11040.00 0.136     673.453       5.832    1420.000       0.000    0.0002    4.868  853.650    5.346  282.297    1.697
  11100.00 0.142     678.456       9.022    1500.000       0.000    0.0002    4.553  789.722    4.310  281.679    1.274
  11160.00 0.143     677.573       6.359    1460.000       0.000    0.0002    4.217  591.765    4.630  281.861    1.152
  11220.00 0.141     674.792       7.604    1460.000       0.000    0.0002    3.938  483.371    5.124  281.468    1.158
  11280.00 0.141     655.302       8.463    1380.000       0.000    0.0002    3.839  611.326    6.396  281.717    1.441
  11340.00 0.144     653.029       5.313    1500.000       0.000    0.0002    3.963  764.130    6.842  282.573    1.683
  11400.00 0.145     645.811       6.351    1420.000       0.000    0.0002    4.206  828.187    5.358  283.963    1.455
  11460.00 0.143     640.478       4.983    1380.000       0.000    0.0002    4.560  750.529    5.762  287.049    1.395
  11520.00 0.137     642.522       6.714    1380.000       0.000    0.0002    4.997  759.864    6.161  291.550    1.713
  11580.00 0.141     648.908       3.224    1540.000       0.000    0.0002    5.302  809.277    6.776  294.841    2.075
  11640.00 0.145     654.420      14.588    1460.000       0.000    0.0002    5.418  826.613    6.955  296.541    1.975
  11700.00 0.140     660.209       2.957    1340.000       0.000    0.0002    5.383  829.947    6.315  298.158    1.747
  11760.00 0.145     666.050      12.067    1460.000       0.000    0.0002    5.250  748.530    6.234  300.761    1.769
  11820.00 0.147     659.470       6.623    1420.000       0.000    0.0002    5.306  710.435    5.848  302.996    1.216
  11880.00 0.147     652.292       9.468    1420.000       0.000    0.0002    5.548  556.432    5.476  304.992    1.227
  11940.00 0.145     654.622      12.605    1340.000       0.000    0.0002    5.919  606.953    5.401  308.798    1.496
  12000.00 0.153     658.278       7.432    1420.000       0.000    0.0002    6.318  571.382    6.069  313.695    1.407
  12060.00 0.150     652.857       6.039    1420.000       0.000    0.0002    6.697  604.482    5.999  317.667    1.421
  12120.00 0.153     666.497       5.987    1460.000       0.000    0.0002    6.980  664.716    7.549  320.799    1.525
  12180.00 0.162     667.590       4.789    1460.000       0.000    0.0002    7.171  822.008    7.396  324.365    1.742
  12240.00 0.160     659.330       7.336    1540.000       0.000    0.0002    7.136  902.266    6.458  325.857    1.821
  12300.00 0.172     668.284       7.121    1460.000       0.000    0.0002    7.023  715.921    5.180  325.790    1.251
  12360.00 0.170     674.216       9.698    1500.000       0.000    0.0002    6.901  524.365    5.814  327.263    1.345
  12420.00 0.165     670.623       4.332    1460.000       0.000    0.0002    6.930  586.718    5.937  329.015    1.395
  12480.00 0.168     676.952       5.022    1500.000       0.000    0.0002    7.124  722.574    6.190  330.396    1.361
  12540.00 0.165     679.439       5.554    1500.000       0.000    0.0002    7.437  901.466    5.691  333.859    1.448
  12600.00 0.163     677.698       5.889    1580.000       0.000    0.0002    7.778  964.138    7.149  338.550    1.852
  12660.00 0.163     675.112       7.526    1620.000       0.000    0.0002    8.161  861.298    6.337  341.017    1.956
  12720.00 0.160     677.683      12.835    1700.000       0.000    0.0002    8.412  663.334    5.087  343.693    1.495
  12780.00 0.159     671.551       9.186    1620.000       0.000    0.0002    8.702  626.230    5.871  350.950    1.482
  12840.00 0.158     678.671      12.241    1500.000       0.000    0.0002    9.229  638.156    6.959  359.115    1.511
  12900.00 0.160     675.939       7.450    1500.000       0.000    0.0002    9.837  721.904    6.755  366.925    1.719
  12960.00 0.157     680.994       6.304    1620.000       0.000    0.0002   10.436  952.807    8.213  379.147    1.624
  13020.00 0.159     685.354       8.000    1580.000       0.000    0.0002   10.993 1076.597    8.687  394.679    1.942
  13080.00 0.156     678.433       7.273    1580.000       0.000    0.0002   11.398 1328.431    7.776  406.581    2.236
  13140.00 0.159     676.723       7.259    1980.000       0.000    0.0002   11.453 1442.493    7.466  411.173    2.409
  13200.00 0.158     676.579      11.248    1940.000       0.000    0.0002   11.313 1374.069    7.466  413.087    2.120
  13260.00 0.165     672.919       4.504    1940.000       0.000    0.0002   10.906 1339.871    7.409  418.085    2.094
  13320.00 0.161     673.515       3.818    1940.000       0.000    0.0002   10.323  854.730    7.155  421.912    1.621
  13380.00 0.161     676.535      14.863    1940.000       0.000    0.0002    9.823  530.065    6.117  419.445    1.377
  13440.00 0.167     690.688       7.496    1620.000       0.000    0.0002    9.481  496.921    6.294  414.955    1.303
  13500.00 0.172     687.025      14.221    1460.000       0.000    0.0002    9.497  515.402    6.362  411.868    1.386
  13560.00 0.172     680.996       6.486    1540.000       0.000    0.0002   10.037  709.075    6.630  410.485    1.568
  13620.00 0.171     683.714       8.657    1460.000       0.000    0.0002   10.663  889.635    7.907  410.879    1.894
  13680.00 0.170     690.201      11.605    1540.000       0.000    0.0002   11.253  954.598    7.152  414.102    1.919
  13740.00 0.180     690.461       5.257    1940.000       0.000    0.0002   11.903  880.134    6.590  419.901    1.754
  13800.00 0.183     703.422      14.144    1580.000       0.000    0.0002   12.557  819.623    6.484  428.146    1.601
  13860.00 0.183     708.415      17.071    1620.000       0.000    0.0002   13.284  890.143    7.725  438.373    1.790
  13920.00 0.185     711.534       9.471    1500.000       0.000    0.0002   13.951 1090.515    7.664  449.587    1.954
  13980.00 0.176     708.920       8.781    1940.000       0.000    0.0002   14.534 1114.143    7.545  457.114    2.332
  14040.00 0.175     713.872       8.440    1940.000       0.000    0.0002   14.579 1055.755    7.016  459.809    2.613
  14100.00 0.171     711.429       8.486    1940.000       0.000    0.0002   13.830 1055.308    6.781  460.939    2.056
  14160.00 0.171     715.050       6.237    1940.000       0.000    0.0002   12.835  956.569    6.857  466.718    1.718
  14220.00 0.167     705.889       2.886    1500.000       0.000    0.0002   12.065  802.706    6.699  470.217    1.533
  14280.00 0.164     716.523       8.945    1660.000       0.000    0.0002   11.632  770.004    7.044  465.178    1.636
  14340.00 0.162     714.118       9.502    1540.000       0.000    0.0002   11.338 1051.265    7.664  457.222    1.869
  14400.00 0.154     716.725       5.278    1540.000       0.000    0.0002   11.189 1185.240    7.018  453.849    1.940
  14460.00 0.152     724.026       5.604    1500.000       0.000    0.0002   11.146 1131.823    6.725  452.765    2.088
  14520.00 0.148     717.455      19.240    1940.000       0.000    0.0002   10.813 1106.642    6.438  447.831    2.193
  14580.00 0.147     715.042       6.356    1980.000       0.000    0.0002   10.325 1239.584    6.913  444.920    2.070
  14640.00 0.143     714.812       8.362    1940.000       0.000    0.0002    9.586 1070.377    6.486  447.540    2.050
  14700.00 0.146     717.956      13.601    1940.000       0.000    0.0002    8.511 1082.610    7.280  446.103    1.819
  14760.00 0.142     728.247       9.553    1940.000       0.000    0.0002    7.548 1131.230    6.037  437.899    2.024
  14820.00 0.140     723.304       7.200    1940.000       0.000    0.0002    6.758 1028.850    4.950  427.474    1.666
  14880.00 0.134     711.366      10.820    1940.000       0.000    0.0002    6.081  695.280    4.849  420.421    1.562
  14940.00 0.131     707.103      14.355    1620.000       0.000    0.0002    5.672  557.641    4.924  415.620    1.315
  15000.00 0.132     705.830       9.631    1540.000       0.000    0.0002    5.311  577.763    5.098  406.865    1.309
  15060.00 0.134     711.408       9.324    1660.000       0.000    0.0002    5.040  601.276    4.787  398.768    1.337
  15120.00 0.129     707.561       6.805    1580.000       0.000    0.0002    4.875  581.808    5.907  394.200    1.555
  15180.00 0.130     716.585       3.415    1660.000       0.000    0.0002    4.774  637.083    6.213  390.596    1.723
  15240.00 0.128     719.468       2.510    1580.000       0.000    0.0002    4.582  573.469    4.870  386.332    1.261
  15300.00 0.128     724.733      11.947    1540.000       0.000    0.0002    4.266  443.221    5.117  382.189    1.224
  15360.00 0.122     722.994       6.467    1580.000       0.000    0.0002    3.779  392.538    5.074  377.416    1.311
  15420.00 0.125     719.689      10.039    1420.000       0.000    0.0002    3.211  431.406    4.527  371.822    1.357
  15480.00 0.124     720.196       3.733    1540.000       0.000    0.0002    2.782  498.262    5.165  367.799    1.269
  15540.00 0.119     699.182      11.166    1500.000       0.000    0.0002    2.523  457.095    5.391  363.801    1.441
  15600.00 0.124     695.582       8.955    1540.000       0.000    0.0002    2.266  360.671    3.855  358.626    1.254
  15660.00 0.120     687.561      11.829    1460.000       0.000    0.0002    2.109  219.197    3.752  354.555    0.866
  15720.00 0.123     684.475       5.149    1460.000       0.000    0.0002    2.129  201.976    3.946  352.170    0.913
  15780.00 0.121     673.038       9.296    1460.000       0.000    0.0002    2.220  211.502    4.402  350.257    0.987
  15840.00 0.124     669.644       9.091    1460.000       0.000    0.0002    2.322  211.070    4.231  349.185    0.912
  15900.00 0.122     670.480       4.800    1540.000       0.000    0.0002    2.404  243.208    4.100  348.621    1.091
  15960.00 0.120     668.898       7.143    1460.000       0.000    0.0002    2.463  321.379    4.794  348.302    1.165
  16020.00 0.122     665.542      13.373    1460.000       0.000    0.0002    2.528  393.114    4.957  349.133    1.204
  16080.00 0.123     658.167       4.024    1420.000       0.000    0.0002    2.657  422.733    4.402  350.659    1.067
  16140.00 0.127     667.280       9.502    1500.000       0.000    0.0002    2.877  396.802    4.133  350.621    0.994
  16200.00 0.129     661.746       2.125    1420.000       0.000    0.0002    3.128  341.629    4.262  349.682    1.023
  16260.00 0.132     657.852      12.370    1500.000       0.000    0.0002    3.386  380.802    5.328  351.198    1.260
  16320.00 0.128     641.445       8.707    1460.000       0.000    0.0002    3.639  425.454    5.446  355.384    1.270
  16380.00 0.135     648.809       5.704    1380.000       0.000    0.0002    3.942  450.694    6.178  359.518    1.506
  16440.00 0.136     649.300       7.756    1380.000       0.000    0.0002    4.307  565.708    6.827  363.443    1.441
  16500.00 0.137     658.861       4.555    1460.000       0.000    0.0002    4.749  639.322    6.307  368.399    1.622
  16560.00 0.139     656.063       8.612    1500.000       0.000    0.0002    5.146  629.799    6.471  374.143    1.653
  16620.00 0.134     666.327      10.982    1460.000       0.000    0.0002    5.637  769.283    7.108  379.341    1.798
  16680.00 0.136     670.896       4.194    1460.000       0.000    0.0002    6.105  881.974    6.910  384.321    2.079
  16740.00 0.138     685.274       3.292    1620.000       0.000    0.0002    6.315  930.212    7.632  388.943    2.181
  16800.00 0.138     674.205       5.477    1940.000       0.000    0.0002    6.455  772.261    7.625  392.448    2.494
  16860.00 0.145     673.737      10.572    1980.000       0.000    0.0002    6.510  893.392    7.336  396.956    2.135
  16920.00 0.142     678.593       9.160    1660.000       0.000    0.0002    6.705  829.968    7.940  403.967    1.859
  16980.00 0.144     672.245      10.000    1940.000       0.000    0.0002    7.129  816.996    6.757  409.940    1.481
  17040.00 0.143     675.400       5.349    1540.000       0.000    0.0002    7.690  686.355    6.320  415.466    1.663
  17100.00 0.151     679.319       5.770    1500.000       0.000    0.0002    8.129  729.162    7.253  424.311    1.616
  17160.00 0.156     686.000      12.438    1580.000       0.000    0.0002    8.295  850.998    7.538  430.842    1.802
  17220.00 0.159     690.831      10.277    1500.000       0.000    0.0002    7.969  981.241    6.314  428.958    1.910
  17280.00 0.158     700.986       6.780    1540.000       0.000    0.0002    7.236  743.165    6.776  421.659    1.626
  17340.00 0.167     692.222      13.333    1700.000       0.000    0.0002    6.570  535.303    5.524  417.888    1.582
  17400.00 0.161     683.298       5.113    1580.000       0.000    0.0002    6.166  442.098    5.662  416.267    1.293
  17460.00 0.169     689.349       5.991    1620.000       0.000    0.0002    6.162  475.198    5.421  414.261    1.350
  17520.00 0.168     684.163       6.812    1500.000       0.000    0.0002    6.500  551.048    5.911  412.940    1.352
  17580.00 0.171     687.732      12.525    1460.000       0.000    0.0002    6.879  614.254    6.051  412.762    1.422
  17640.00 0.176     694.604       6.147    1500.000       0.000    0.0002    7.140  651.251    5.437  413.812    1.505
  17700.00 0.176     704.722       5.861    1540.000       0.000    0.0002    7.233  610.582    7.286  415.393    1.562
  17760.00 0.173     711.864       5.452    1500.000       0.000    0.0002    7.237  751.095    8.248  417.012    1.854
  17820.00 0.174     720.224       9.048    1620.000       0.000    0.0002    7.100  848.914    6.012  418.049    1.624
  17880.00 0.164     712.619       7.470    1540.000       0.000    0.0002    6.912  662.131    5.595  419.009    1.582
  17940.00 0.159     718.282      15.368    1540.000       0.000    0.0002    6.578  536.583    6.208  419.977    1.435
  18000.00 0.151     722.237       6.677    1500.000       0.000    0.0002    6.177  551.143    6.019  417.506    1.484
  18060.00 0.149     730.180      12.177    1500.000       0.000    0.0002    5.748  544.359    5.301  413.390    1.392
  18120.00 0.145     721.689       7.635    1460.000       0.000    0.0002    5.382  433.948    5.340  411.159    1.356
  18180.00 0.138     723.492       0.952    1420.000       0.000    0.0002    5.043  460.487    5.658  408.015    1.374
  18240.00 0.135     725.606      13.454    1580.000       0.000    0.0002    4.698  460.262    5.432  404.047    1.502
  18300.00 0.133     712.376       6.151    1540.000       0.000    0.0002    4.524  525.742    6.530  401.315    1.466
  18360.00 0.134     706.947       8.227    1540.000       0.000    0.0002    4.503  532.813    6.411  400.373    1.359
  18420.00 0.133     695.450       8.367    1540.000       0.000    0.0002    4.604  534.147    5.196  400.950    1.307
  18480.00 0.131     701.264       1.375    1540.000       0.000    0.0002    4.812  633.045    5.990  401.682    1.382
  18540.00 0.132     697.048      10.664    1540.000       0.000    0.0002    5.012  816.129    5.481  402.687    1.718
  18600.00 0.133     698.022      10.952    1460.000       0.000    0.0002    5.141  834.934    6.527  403.499    1.630
  18660.00 0.137     697.936       6.085    1540.000       0.000    0.0002    5.146  845.153    6.729  404.803    1.539
  18720.00 0.139     700.140       8.070    1580.000       0.000    0.0002    5.134  808.451    6.697  405.849    1.520
  18780.00 0.141     710.727       5.156    1500.000       0.000    0.0002    5.026  741.814    6.144  405.557    1.324
  18840.00 0.145     706.387       8.874    1420.000       0.000    0.0002    4.807  642.043    5.248  403.920    1.415
  18900.00 0.141     708.180       3.917    1460.000       0.000    0.0002    4.464  428.752    5.278  400.718    1.290
  18960.00 0.143     708.191       7.133    1500.000       0.000    0.0002    4.146  358.351    5.274  397.539    1.181
  19020.00 0.143     701.295      11.380    1460.000       0.000    0.0002    4.019  375.103    5.538  397.063    1.382
  19080.00 0.142     693.196       3.402    1460.000       0.000    0.0002    4.008  422.044    5.698  398.054    1.344
  19140.00 0.141     683.143       5.354    1420.000       0.000    0.0002    4.080  536.352    6.620  398.359    1.390
  19200.00 0.143     683.305       8.007    1460.000       0.000    0.0002    4.180  508.976    5.304  398.128    1.324
  19260.00 0.142     683.465       6.038    1420.000       0.000    0.0002    4.294  377.312    4.915  398.127    1.316
  19320.00 0.144     688.494       6.328    1460.000       0.000    0.0002    4.342  275.394    4.250  397.244    0.993
  19380.00 0.147     685.298       6.126    1500.000       0.000    0.0002    4.364  301.201    4.321  396.595    1.021
  19440.00 0.148     681.118       5.263    1380.000       0.000    0.0002    4.437  233.179    4.572  396.389    1.030
  19500.00 0.150     688.208      14.984    1340.000       0.000    0.0002    4.643  295.771    4.065  397.143    1.003
  19560.00 0.147     681.192       5.430    1540.000       0.000    0.0002    4.974  364.252    4.858  399.795    1.205
  19620.00 0.152     688.875      12.540    1540.000       0.000    0.0002    5.508  385.292    5.290  404.193    1.166
  19680.00 0.150     689.186      10.684    1420.000       0.000    0.0002    6.231  447.026    5.347  410.388    1.179
  19740.00 0.152     692.077       8.631    1380.000       0.000    0.0002    7.128  482.654    5.827  418.522    1.419
  19800.00 0.159     692.000       8.369    1420.000       0.000    0.0002    8.034  597.159    6.759  426.349    1.380
  19860.00 0.154     700.698      11.968    1460.000       0.000    0.0002    8.726  640.481    6.350  433.984    1.757
  19920.00 0.154     716.139       6.582    1460.000       0.000    0.0002    9.073  767.280    7.542  442.102    2.382
  19980.00 0.158     725.139       7.647    1540.000       0.000    0.0002    9.006  761.663    7.334  446.843    1.719
  20040.00 0.162     735.964       4.518    1660.000       0.000    0.0002    8.709  664.080    7.749  447.613    1.800
  20100.00 0.160     727.706      13.456    1500.000       0.000    0.0002    8.296  634.660    6.241  447.703    1.616
  20160.00 0.162     723.021       8.671    1540.000       0.000    0.0002    7.851  676.586    6.782  446.770    1.716
  20220.00 0.160     719.512       8.354    1620.000       0.000    0.0002    7.266  585.011    5.529  443.446    1.681
  20280.00 0.161     711.679       9.864    1540.000       0.000    0.0002    6.818  475.277    5.771  440.692    1.239
  20340.00 0.160     703.105       7.519    1500.000       0.000    0.0002    6.444  531.887    6.035  438.928    1.344
  20400.00 0.160     705.802       4.977    1700.000       0.000    0.0002    6.292  586.028    5.858  436.723    1.678
  20460.00 0.154     698.857      12.857    1460.000       0.000    0.0002    6.230  659.304    6.914  435.039    1.611
  20520.00 0.158     703.709      11.283    1500.000       0.000    0.0002    6.222  683.310    6.109  434.710    1.577
  20580.00 0.156     709.236       5.866    1540.000       0.000    0.0002    6.229  808.940    5.809  434.884    1.813
  20640.00 0.147     711.589       4.238    1540.000       0.000    0.0002    6.385  879.086    5.010  435.070    1.428
  20700.00 0.151     702.903       4.774    1460.000       0.000    0.0002    6.625  850.467    6.213  436.535    1.574
  20760.00 0.150     717.684       5.579    1460.000       0.000    0.0002    6.846  730.577    5.360  438.920    1.714
  20820.00 0.148     716.579      10.493    1500.000       0.000    0.0002    7.070  646.086    5.694  441.840    1.422
  20880.00 0.140     730.210      12.343    1580.000       0.000    0.0002    7.274  709.723    6.389  444.505    1.510
  20940.00 0.145     737.432      12.365    1540.000       0.000    0.0002    7.380  780.268    7.104  446.769    1.504
  21000.00 0.138     737.460       6.914    1580.000       0.000    0.0002    7.391  765.533    7.372  448.564    1.934
  21060.00 0.139     740.982       8.491    1620.000       0.000    0.0002    6.991  762.247    7.325  447.270    1.970
  21120.00 0.133     730.403      23.846    1580.000       0.000    0.0002    6.275  775.878    6.793  443.129    1.777
  21180.00 0.128     728.441       6.882    1540.000       0.000    0.0002    5.477  720.806    6.973  440.013    1.763
  21240.00 0.128     740.152       6.198    1580.000       0.000    0.0002    4.853  581.224    4.990  436.935    1.402
  21300.00 0.124     713.992       0.988    1500.000       0.000    0.0002    4.524  395.186    5.550  432.549    1.378
  21360.00 0.123     713.466       8.924    1540.000       0.000    0.0002    4.752  474.486    6.048  429.489    1.351
  21420.00 0.130     712.758      10.919    1500.000       0.000    0.0002    5.236  600.229    6.041  430.855    1.353
  21480.00 0.134     717.778       7.031    1500.000       0.000    0.0002    5.849  742.612    7.089  435.410    1.691
  21540.00 0.134     706.143       8.885    1460.000       0.000    0.0002    6.451  930.261    8.283  440.579    2.031
  21600.00 0.143     713.629       5.826    1540.000       0.000    0.0002    6.909  948.299    7.860  445.620    2.350
  21660.00 0.141     722.007       7.163    1940.000       0.000    0.0002    6.989  899.301    7.695  448.226    2.233
  21720.00 0.138     726.949       1.023    1940.000       0.000    0.0002    6.701  758.828    7.703  450.553    2.068
  21780.00 0.138     712.837      15.284    1660.000       0.000    0.0002    6.311  805.243    7.016  454.817    1.929
  21840.00 0.141     714.444       7.153    1940.000       0.000    0.0002    5.935  726.864    8.090  454.408    1.735
  21900.00 0.143     700.000       5.333    1620.000       0.000    0.0002    5.740  666.231    6.038  449.509    1.645
  21960.00 0.138     691.277       4.078    1580.000       0.000    0.0002    5.506  712.113    6.792  445.722    1.503
  22020.00 0.146     702.211       3.183    1580.000       0.000    0.0002    5.183  605.810    5.356  443.719    1.520
  22080.00 0.144     701.831       8.610    1540.000       0.000    0.0002    4.929  438.269    5.146  440.689    1.408
  22140.00 0.142     698.696      10.463    1700.000       0.000    0.0002    4.872  392.569    5.561  437.195    1.499
  22200.00 0.150     707.622       5.700    1660.000       0.000    0.0002    4.896  529.551    6.792  435.828    1.538
  22260.00 0.152     710.547       8.489    1580.000       0.000    0.0002    5.107  629.536    6.876  436.679    1.564
  22320.00 0.158     710.341      10.495    1580.000       0.000    0.0002    5.496  645.112    7.326  438.095    1.621
  22380.00 0.155     711.627      12.259    1540.000       0.000    0.0002    5.923  828.654    7.965  442.005    1.814
  22440.00 0.156     722.508      10.031    1620.000       0.000    0.0002    6.246  787.126    7.879  445.924    1.783
  22500.00 0.156     716.750       8.156    1940.000       0.000    0.0002    6.475  637.011    7.579  446.748    1.567
  22560.00 0.158     719.538       7.920    1540.000       0.000    0.0002    6.568  893.249    7.581  449.416    1.697
  22620.00 0.165     731.905       8.833    1580.000       0.000    0.0002    6.657 1107.111    6.684  454.643    1.756
  22680.00 0.160     737.378       8.201    1620.000       0.000    0.0002    6.669 1110.653    8.309  455.333    2.227
  22740.00 0.159     730.215       6.769    1660.000       0.000    0.0002    6.491  854.819    7.561  453.453    2.377
  22800.00 0.155     731.546       5.899    1940.000       0.000    0.0002    6.221  729.130    6.581  453.754    1.606
  22860.00 0.153     739.298       8.070    1940.000       0.000    0.0002    6.035  606.884    6.862  456.607    1.550
  22920.00 0.156     733.532       9.922    1660.000       0.000    0.0002    5.848  520.440    6.419  456.790    1.660
  22980.00 0.153     730.784       7.744    1540.000       0.000    0.0002    5.590  410.087    5.162  451.202    1.259
  23040.00 0.155     734.566      11.122    1580.000       0.000    0.0002    5.313  339.537    4.914  446.584    1.087
  23100.00 0.156     739.185      10.125    1580.000       0.000    0.0002    5.114  345.499    5.109  446.217    1.147
  23160.00 0.150     720.813       6.602    1500.000       0.000    0.0002    5.032  390.070    5.780  446.333    1.278
  23220.00 0.151     732.233      10.680    1500.000       0.000    0.0002    4.895  409.799    5.494  443.790    1.165
  23280.00 0.152     733.891      11.190    1420.000       0.000    0.0002    4.731  438.124    4.872  441.470    1.206
  23340.00 0.154     724.684       5.981    1460.000       0.000    0.0002    4.476  422.002    5.171  440.320    1.212
  23400.00 0.155     712.681       7.256    1460.000       0.000    0.0002    4.178  373.862    5.118  437.808    1.240
  23460.00 0.152     714.038      16.122    1580.000       0.000    0.0002    3.824  348.374    4.840  434.679    1.380
  23520.00 0.156     704.680       5.023    1620.000       0.000    0.0002    3.452  402.147    5.830  431.593    1.258
  23580.00 0.156     701.377       8.451    1540.000       0.000    0.0002    3.174  458.268    6.424  428.574    1.192
  23640.00 0.150     689.073      12.130    1500.000       0.000    0.0002    3.085  479.457    5.186  426.895    1.172
  23700.00 0.153     684.777      17.134    1500.000       0.000    0.0002    3.138  433.034    5.662  426.527    1.339
  23760.00 0.156     677.268       8.917    1460.000       0.000    0.0002    3.365  434.909    5.870  425.852    1.254
  23820.00 0.155     677.512       4.157    1540.000       0.000    0.0002    3.662  361.658    5.343  425.131    1.114
  23880.00 0.154     677.997       9.571    1460.000       0.000    0.0002    3.985  292.982    5.363  426.126    1.164
  23940.00 0.153     683.567      11.338    1460.000       0.000    0.0002    4.385  355.876    5.827  429.521    1.356
  24000.00 0.159     685.237       9.005    1500.000       0.000    0.0002    4.910  447.836    6.610  434.938    1.425
  24060.00 0.165     692.237       6.874    1380.000       0.000    0.0002    5.435  627.105    7.788  441.612    1.663
  24120.00 0.166     704.882      10.941    1500.000       0.000    0.0002    5.936  758.384    9.159  449.450    1.708
  24180.00 0.165     714.896       5.371    1540.000       0.000    0.0002    6.488  835.573   10.176  457.579    2.057
  24240.00 0.167     711.895      13.294    1500.000       0.000    0.0002    6.896  917.278    9.950  463.239    2.004
  24300.00 0.171     715.200      11.657    1940.000       0.000    0.0002    7.014  920.352    8.838  466.838    2.085
  24360.00 0.169     714.430       7.359    1940.000       0.000    0.0002    6.865  786.637    7.939  470.542    1.946
  24420.00 0.170     725.673       5.759    1940.000       0.000    0.0002    6.610  703.291    7.875  473.184    1.624
  24480.00 0.171     718.884       2.947    1620.000       0.000    0.0002    6.318  725.605    8.501  472.877    1.926
  24540.00 0.172     719.573      12.888    1580.000       0.000    0.0002    6.091  649.362    8.293  467.042    1.674
  24600.00 0.166     717.824      11.324    1940.000       0.000    0.0002    5.787  638.927    6.484  463.132    1.603
  24660.00 0.167     713.061       9.446    1540.000       0.000    0.0002    5.563  454.472    4.664  465.092    1.323
  24720.00 0.161     717.394      10.667    1500.000       0.000    0.0002    5.575  365.312    5.549  466.125    1.242
  24780.00 0.170     731.597       8.144    1580.000       0.000    0.0002    5.793  352.366    6.007  464.229    1.256
  24840.00 0.171     734.800       6.000    1540.000       0.000    0.0002    6.208  463.736    6.400  465.260    1.338
  24900.00 0.175     735.642       5.754    1500.000       0.000    0.0002    6.811  489.736    5.508  470.328    1.278
  24960.00 0.171     735.897       3.875    1500.000       0.000    0.0002    7.477  498.028    6.051  476.611    1.581
  25020.00 0.173     749.127      11.408    1500.000       0.000    0.0002    8.129  603.436    6.362  482.219    1.482
  25080.00 0.175     751.031       9.220    1500.000       0.000    0.0002    8.615  656.324    6.732  488.426    1.618
  25140.00 0.171     756.800      10.429    1580.000       0.000    0.0002    8.969  659.133    7.368  495.241    1.730
  25200.00 0.171     759.342       7.439    1580.000       0.000    0.0002    9.069  706.529    7.370  499.225    1.930
  25260.00 0.169     762.767      10.893    1620.000       0.000    0.0002    8.979  729.360    7.535  500.397    2.099
  25320.00 0.170     769.670       7.891    1540.000       0.000    0.0002    8.596  760.879    7.088  500.119    2.242
  25380.00 0.175     762.601       9.483    1580.000       0.000    0.0002    7.956  656.504    6.953  497.283    1.829
  25440.00 0.174     764.416       8.101    1540.000       0.000    0.0002    7.187  522.681    5.753  492.901    1.597
  25500.00 0.169     764.913       3.988    1620.000       0.000    0.0002    6.475  558.302    5.414  488.767    1.365
  25560.00 0.160     749.680      14.612    1500.000       0.000    0.0002    5.966  466.429    5.479  483.185    1.648
  25620.00 0.166     747.871       5.316    1500.000       0.000    0.0002    5.638  464.584    5.929  476.960    1.497
  25680.00 0.159     740.674       8.606    1580.000       0.000    0.0002    5.375  440.748    6.060  474.317    1.417
  25740.00 0.158     732.346      10.278    1540.000       0.000    0.0002    5.264  377.118    5.505  471.933    1.310
  25800.00 0.159     735.945       8.141    1580.000       0.000    0.0002    5.136  340.451    5.077  469.105    1.262
  25860.00 0.162     739.699       5.504    1580.000       0.000    0.0002    5.240  309.128    5.561  467.746    1.319
  25920.00 0.162     745.602       4.578    1500.000       0.000    0.0002    5.361  395.021    5.911  467.939    1.370
  25980.00 0.151     745.122      10.308    1500.000       0.000    0.0002    5.609  431.298    5.910  468.911    1.359
  26040.00 0.152     744.815      15.474    1500.000       0.000    0.0002    5.778  407.676    6.229  470.087    1.370
  26100.00 0.151     738.258      10.871    1500.000       0.000    0.0002    5.955  387.269    5.603  470.775    1.409
  26160.00 0.150     741.759      15.179    1540.000       0.000    0.0002    6.124  482.662    5.428  472.509    1.406
  26220.00 0.151     748.595      16.123    1500.000       0.000    0.0002    6.348  608.133    7.521  476.747    1.650
  26280.00 0.150     748.766       8.669    1540.000       0.000    0.0002    6.798  700.577    7.061  483.599    1.759
  26340.00 0.155     738.294       3.855    1580.000       0.000    0.0002    7.501  820.843    7.847  492.414    1.984
  26400.00 0.152     730.433       9.888    1460.000       0.000    0.0002    8.263 1049.819    8.322  502.336    2.234
  26460.00 0.148     727.282       8.402    1940.000       0.000    0.0002    8.969 1018.103    8.428  510.145    2.278
  26520.00 0.153     729.729       8.325    1940.000       0.000    0.0002    9.383  938.364    7.591  513.895    2.215
  26580.00 0.157     732.484      15.280    1940.000       0.000    0.0002    9.651  885.603    7.846  522.256    1.972
  26640.00 0.156     737.116       6.238    1940.000       0.000    0.0002    9.902  930.724    8.539  533.748    2.056
  26700.00 0.152     743.994      11.111    1940.000       0.000    0.0002   10.342  785.632    9.562  538.814    2.413
  26760.00 0.158     746.163      10.755    1940.000       0.000    0.0002   10.382  827.230    8.937  536.845    2.103
  26820.00 0.162     757.865       9.444    1940.000       0.000    0.0002    9.931  689.543    6.756  536.632    1.920
  26880.00 0.159     765.131       8.756    1940.000       0.000    0.0002    9.251  667.081    7.730  539.377    1.816
  26940.00 0.156     752.480       9.891    1580.000       0.000    0.0002    8.608  674.538    7.965  539.117    1.599
  27000.00 0.156     761.030       6.178    1660.000       0.000    0.0002    8.150  697.000    6.942  533.894    1.617
  27060.00 0.155     765.638      10.866    1780.000       0.000    0.0002    7.822  564.930    7.525  526.748    1.645
  27120.00 0.155     767.046       7.330    1620.000       0.000    0.0002    7.543  638.468    6.828  522.275    1.532
  27180.00 0.151     766.343      10.518    1580.000       0.000    0.0002    7.230  583.472    7.720  518.744    1.704
  27240.00 0.151     769.773      10.421    1620.000       0.000    0.0002    6.782  583.525    7.113  513.357    1.549
  27300.00 0.157     784.168       6.687    1580.000       0.000    0.0002    6.160  522.364    6.358  506.528    1.554
  27360.00 0.155     786.688       7.918    1580.000       0.000    0.0002    5.529  385.622    5.023  500.394    1.247
  27420.00 0.153     781.086       4.153    1580.000       0.000    0.0002    4.943  337.853    5.396  495.088    1.219
  27480.00 0.148     784.686      11.353    1540.000       0.000    0.0002    4.435  362.184    5.648  489.281    1.376
  27540.00 0.147     773.289       3.422    1540.000       0.000    0.0002    4.228  507.469    6.506  483.563    1.373
  27600.00 0.145     755.825      13.064    1580.000       0.000    0.0002    4.320  539.272    6.091  481.072    1.625
  27660.00 0.143     743.356       7.192    1500.000       0.000    0.0002    4.559  560.700    6.876  479.338    1.727
  27720.00 0.146     738.264      12.120    1620.000       0.000    0.0002    4.989  545.698    6.802  479.018    1.632
  27780.00 0.142     734.552       8.517    1580.000       0.000    0.0002    5.517  577.155    7.968  481.820    1.657
  27840.00 0.141     730.972       4.306    1500.000       0.000    0.0002    5.800  678.909    7.638  486.022    1.668
  27900.00 0.139     727.811       6.375    1500.000       0.000    0.0002    6.057  759.158    7.494  490.410    2.068
  27960.00 0.136     740.144       9.803    1580.000       0.000    0.0002    6.291  688.746    7.486  494.044    1.815
  28020.00 0.137     737.362       8.485    1940.000       0.000    0.0002    6.432  635.525    6.566  495.685    1.687
  28080.00 0.129     750.113       4.566    1940.000       0.000    0.0002    6.533  555.600    6.729  499.147    1.615
  28140.00 0.132     746.347       3.506    1540.000       0.000    0.0002    6.642  689.267    8.938  507.893    1.931
  28200.00 0.134     755.401       5.036    1500.000       0.000    0.0002    6.970  936.639    9.330  519.765    2.103
  28260.00 0.126     749.380       3.876    1940.000       0.000    0.0002    7.533 1144.892   11.025  526.977    2.498
  28320.00 0.126     761.776      11.931    1940.000       0.000    0.0002    7.948 1076.036    8.429  526.694    2.307
  28380.00 0.125     765.156      10.039    1940.000       0.000    0.0002    8.043 1016.107    7.985  525.119    2.214
  28440.00 0.125     757.534      10.607    1940.000       0.000    0.0002    7.737  810.654    8.226  530.926    1.893
  28500.00 0.128     760.456      13.004    1620.000       0.000    0.0002    7.223  834.828    8.818  540.648    2.189
  28560.00 0.130     751.751      14.576    1940.000       0.000    0.0002    6.803  919.740    8.839  540.340    2.152
  28620.00 0.129     749.394      10.530    1940.000       0.000    0.0002    6.381  944.383    7.616  525.358    1.830
  28680.00 0.126     749.207      12.882    1940.000       0.000    0.0002    6.084  878.470    6.397  512.786    1.953
  28740.00 0.134     749.799       6.984    1940.000       0.000    0.0002    5.870  674.321    6.149  515.621    1.410
  28800.00 0.137     746.357       3.786    1540.000       0.000    0.0002    5.866  511.273    6.452  522.618    1.678
