#  time      cc     z_cbase    z_ctop_avg  z_ctop_max      zi         we   <<ql>>  <<ql>>_max   w_max   tke     ql_max
     60.00 0.000       0.000       0.000       0.000       0.000    0.0002    0.000    0.000    0.175  616.643    0.000
    120.00 0.000       0.000       0.000       0.000       0.000    0.0002    0.000    0.000    0.295  417.126    0.000
    180.00 0.000       0.000       0.000       0.000       0.000    0.0002    0.000    0.000    0.310  300.173    0.000
    240.00 0.000       0.000       0.000       0.000       0.000    0.0002    0.000    0.000    0.313  225.830    0.000
    300.00 0.000       0.000       0.000       0.000       0.000    0.0002    0.000    0.000    0.316  176.601    0.000
    360.00 0.000       0.000       0.000       0.000       0.000    0.0002    0.000    0.000    0.332  143.431    0.000
    420.00 0.000       0.000       0.000       0.000       0.000    0.0002    0.000    0.000    0.331  121.167    0.000
    480.00 0.000       0.000       0.000       0.000       0.000    0.0002    0.000    0.000    0.382  105.767    0.000
    540.00 0.000       0.000       0.000       0.000       0.000    0.0002    0.000    0.000    0.411   93.956    0.000
    600.00 0.000       0.000       0.000       0.000       0.000    0.0002    0.000    0.000    0.526   84.679    0.000
    660.00 0.000       0.000       0.000       0.000       0.000    0.0002    0.000    0.000    0.598   78.120    0.000
    720.00 0.000       0.000       0.000       0.000       0.000    0.0002    0.000    0.000    0.626   73.817    0.000
    780.00 0.000       0.000       0.000       0.000       0.000    0.0002    0.000    0.000    0.622   71.007    0.000
    840.00 0.000       0.000       0.000       0.000       0.000    0.0002    0.000    0.000    0.708   69.227    0.000
    900.00 0.000       0.000       0.000       0.000       0.000    0.0002    0.000    0.000    0.753   68.057    0.000
    960.00 0.000       0.000       0.000       0.000       0.000    0.0002    0.000    0.000    0.793   67.473    0.000
   1020.00 0.000       0.000       0.000       0.000       0.000    0.0002    0.000    0.000    0.794   67.930    0.000
   1080.00 0.001     580.000       0.000     580.000       0.000    0.0002    0.001    1.795    0.808   69.489    0.040
   1140.00 0.001     580.000       0.000     580.000       0.000    0.0002    0.001    2.341    0.853   71.788    0.053
   1200.00 0.001     580.000     116.000     580.000       0.000    0.0002    0.003    4.817    0.972   74.765    0.072
   1260.00 0.001     580.000       0.000     580.000       0.000    0.0002    0.006    7.168    1.061   78.598    0.118
   1320.00 0.003     571.429      41.429     660.000       0.000    0.0002    0.011    9.277    1.109   83.396    0.146
   1380.00 0.007     563.704       0.000     660.000       0.000    0.0002    0.025   15.384    1.152   89.341    0.187
   1440.00 0.016     564.478      26.567     660.000       0.000    0.0002    0.050   24.804    1.266   96.565    0.289
   1500.00 0.028     562.807      10.877     660.000       0.000    0.0002    0.106   37.483    1.388  104.964    0.359
   1560.00 0.042     565.965       3.860     660.000       0.000    0.0002    0.198   56.824    1.788  114.453    0.458
   1620.00 0.055     567.080       2.566     700.000       0.000    0.0002    0.351   93.545    2.198  125.095    0.664
   1680.00 0.073     567.508       3.721     660.000       0.000    0.0002    0.573  131.427    2.542  136.860    0.786
   1740.00 0.094     567.500       4.323     740.000       0.000    0.0002    0.896  166.345    3.142  149.598    0.836
   1800.00 0.112     569.478       6.739     820.000       0.000    0.0002    1.312  204.971    3.720  163.101    0.963
   1860.00 0.129     569.374      14.194     780.000       0.000    0.0002    1.854  205.077    3.547  177.169    1.003
   1920.00 0.140     570.925       4.119     820.000       0.000    0.0002    2.523  225.969    3.780  191.505    1.011
   1980.00 0.157     574.783       7.267    1300.000       0.000    0.0002    3.272  270.445    4.159  205.661    0.973
   2040.00 0.170     575.568       7.252     980.000       0.000    0.0002    4.087  287.730    4.127  219.324    1.016
   2100.00 0.182     580.215       5.833    1340.000       0.000    0.0002    4.977  325.438    4.362  232.534    1.118
   2160.00 0.189     587.019       7.097    1300.000       0.000    0.0002    5.862  365.123    4.515  244.988    1.192
   2220.00 0.199     589.645       5.508    1300.000       0.000    0.0002    6.754  444.258    4.330  256.029    1.178
   2280.00 0.206     594.645       6.564    1300.000       0.000    0.0002    7.486  538.664    5.225  264.736    1.261
   2340.00 0.208     598.169      10.657    1340.000       0.000    0.0002    8.043  568.854    5.733  270.985    1.307
   2400.00 0.207     601.655       6.643    1460.000       0.000    0.0002    8.427  508.607    5.725  275.128    1.340
   2460.00 0.213     606.636       7.895    1500.000       0.000    0.0002    8.597  529.628    5.382  277.596    1.375
   2520.00 0.204     612.096       7.928    1500.000       0.000    0.0002    8.660  564.818    5.842  278.475    1.629
   2580.00 0.200     618.779       6.398    1460.000       0.000    0.0002    8.548  556.774    5.103  277.112    1.325
   2640.00 0.197     624.604       5.446    1460.000       0.000    0.0002    8.218  660.516    4.438  273.548    1.488
   2700.00 0.189     626.039       9.368    1420.000       0.000    0.0002    7.695  649.873    4.198  267.199    1.274
   2760.00 0.182     632.423       6.399    1620.000       0.000    0.0002    7.023  576.553    4.096  259.798    1.107
   2820.00 0.179     637.572      10.941    1540.000       0.000    0.0002    6.381  495.724    3.746  252.818    1.191
   2880.00 0.167     641.399       3.907    1500.000       0.000    0.0002    5.736  457.662    4.125  246.302    1.290
   2940.00 0.164     651.118       6.468    1340.000       0.000    0.0002    5.219  424.439    4.964  240.085    1.203
   3000.00 0.156     645.055       4.741    1380.000       0.000    0.0002    4.830  478.136    5.388  233.446    1.338
   3060.00 0.148     643.207       4.628    1500.000       0.000    0.0002    4.476  569.469    5.279  226.915    1.329
   3120.00 0.136     638.065       3.978    1460.000       0.000    0.0002    4.115  598.142    5.940  220.656    1.735
   3180.00 0.135     640.617       4.501    1580.000       0.000    0.0002    3.676  735.601    5.760  214.980    1.590
   3240.00 0.132     644.325       6.839    1460.000       0.000    0.0002    3.258  797.563    4.955  209.820    1.522
   3300.00 0.134     647.709       4.582    1500.000       0.000    0.0002    2.882  752.647    5.612  204.658    1.445
   3360.00 0.127     645.057       6.092    1380.000       0.000    0.0002    2.482  572.005    4.909  199.785    1.248
   3420.00 0.123     650.537      12.366    1380.000       0.000    0.0002    2.183  486.413    3.995  195.159    1.179
   3480.00 0.121     653.131      10.667    1500.000       0.000    0.0002    1.858  304.943    3.004  190.021    0.998
   3540.00 0.110     646.281       6.102    1460.000       0.000    0.0002    1.540  255.988    3.353  185.964    0.685
   3600.00 0.100     640.098       8.146    1460.000       0.000    0.0002    1.342  285.421    3.362  182.977    0.676
   3660.00 0.097     634.307       7.506    1380.000       0.000    0.0002    1.241  280.307    3.051  180.151    0.715
   3720.00 0.096     636.650       8.173    1300.000       0.000    0.0002    1.191  236.393    2.588  177.960    0.721
   3780.00 0.095     634.667       9.128    1300.000       0.000    0.0002    1.151  189.290    2.308  176.071    0.790
   3840.00 0.102     634.450       6.029    1380.000       0.000    0.0002    1.151  206.277    2.905  174.364    1.084
   3900.00 0.104     637.424       8.431    1300.000       0.000    0.0002    1.224  197.282    3.138  173.301    1.023
   3960.00 0.105     627.981       1.253    1300.000       0.000    0.0002    1.304  192.065    3.099  172.801    0.817
   4020.00 0.106     622.575       5.701    1380.000       0.000    0.0002    1.389  222.423    3.368  172.763    0.831
   4080.00 0.106     619.080      12.920    1100.000       0.000    0.0002    1.485  243.365    3.047  173.356    0.889
   4140.00 0.101     617.864       6.214    1300.000       0.000    0.0002    1.563  231.063    3.313  174.281    0.970
   4200.00 0.099     614.158       8.267    1300.000       0.000    0.0002    1.639  248.121    3.700  175.344    0.999
   4260.00 0.100     618.922       5.343    1380.000       0.000    0.0002    1.701  257.029    3.557  176.619    0.996
   4320.00 0.097     610.327       7.607    1300.000       0.000    0.0002    1.765  249.134    3.528  177.902    0.948
   4380.00 0.102     609.038       5.865    1380.000       0.000    0.0002    1.864  247.635    3.376  179.043    0.938
   4440.00 0.102     608.258       1.862    1300.000       0.000    0.0002    1.944  237.641    3.173  180.313    1.009
   4500.00 0.107     603.288       8.311    1380.000       0.000    0.0002    2.055  239.488    3.214  181.965    0.974
   4560.00 0.109     602.601       6.502    1300.000       0.000    0.0002    2.216  233.752    3.059  183.891    0.844
   4620.00 0.110     603.894       7.389    1300.000       0.000    0.0002    2.421  276.827    3.515  186.098    0.964
   4680.00 0.110     604.779      13.584    1340.000       0.000    0.0002    2.671  315.086    3.857  188.574    1.099
   4740.00 0.116     604.758      14.821    1300.000       0.000    0.0002    2.988  327.074    3.971  191.254    0.974
   4800.00 0.118     606.556       6.929    1300.000       0.000    0.0002    3.323  320.871    4.004  194.066    0.866
   4860.00 0.118     606.446       6.570    1340.000       0.000    0.0002    3.619  387.202    4.000  197.221    1.006
   4920.00 0.120     606.126       7.708    1300.000       0.000    0.0002    3.897  472.871    3.596  200.726    1.046
   4980.00 0.126     611.473       5.116    1340.000       0.000    0.0002    4.172  531.872    3.888  204.234    1.064
   5040.00 0.132     613.247       7.978    1340.000       0.000    0.0002    4.407  536.680    4.325  207.320    1.144
   5100.00 0.134     620.511       4.818    1380.000       0.000    0.0002    4.571  529.523    4.314  210.004    1.123
   5160.00 0.134     620.951       5.887    1340.000       0.000    0.0002    4.733  481.708    4.315  212.848    0.996
   5220.00 0.136     617.849       3.405    1420.000       0.000    0.0002    4.885  509.671    3.938  215.481    1.083
   5280.00 0.141     624.792      11.667    1420.000       0.000    0.0002    4.918  534.293    4.420  217.679    1.224
   5340.00 0.142     622.744       9.846    1340.000       0.000    0.0002    4.922  553.270    4.578  219.892    1.288
   5400.00 0.142     630.345       6.276    1340.000       0.000    0.0002    4.949  622.940    4.742  222.092    1.221
   5460.00 0.138     635.717       6.938    1380.000       0.000    0.0002    4.983  616.385    4.417  223.969    1.165
   5520.00 0.140     630.332       8.621    1380.000       0.000    0.0002    5.059  528.079    4.682  225.595    1.346
   5580.00 0.135     625.045      10.559    1380.000       0.000    0.0002    5.165  525.824    5.054  227.248    1.255
   5640.00 0.136     623.936       8.801    1420.000       0.000    0.0002    5.324  582.409    4.596  228.929    1.257
   5700.00 0.143     626.017       8.581    1380.000       0.000    0.0002    5.529  533.304    4.707  230.445    1.132
   5760.00 0.143     625.060       8.239    1380.000       0.000    0.0002    5.776  564.619    4.266  232.528    1.243
   5820.00 0.145     625.185       5.084    1460.000       0.000    0.0002    6.014  606.070    4.219  234.916    1.283
   5880.00 0.147     631.894       7.276    1380.000       0.000    0.0002    6.140  542.707    4.617  236.897    1.180
   5940.00 0.145     632.142       5.700    1540.000       0.000    0.0002    6.222  462.570    4.870  239.230    1.210
   6000.00 0.141     635.486       3.993    1420.000       0.000    0.0002    6.265  410.408    4.541  242.237    1.067
   6060.00 0.141     642.738       6.135    1340.000       0.000    0.0002    6.327  468.876    4.761  244.836    1.138
   6120.00 0.142     648.110       9.485    1380.000       0.000    0.0002    6.374  511.813    4.571  246.607    1.198
   6180.00 0.139     651.620       5.810    1420.000       0.000    0.0002    6.386  527.283    4.549  247.752    1.219
   6240.00 0.132     644.490       8.794    1460.000       0.000    0.0002    6.401  557.751    4.327  248.246    1.192
   6300.00 0.135     653.478       2.391    1380.000       0.000    0.0002    6.383  553.075    5.157  248.919    1.332
   6360.00 0.130     645.243       8.127    1420.000       0.000    0.0002    6.326  540.595    5.785  249.375    1.507
   6420.00 0.129     643.757      13.435    1460.000       0.000    0.0002    6.111  594.604    5.066  248.584    1.290
   6480.00 0.131     653.047       6.879    1340.000       0.000    0.0002    5.673  560.525    4.681  247.522    1.083
   6540.00 0.129     651.925       9.509    1500.000       0.000    0.0002    5.222  585.874    4.313  247.053    1.135
   6600.00 0.131     652.090      10.336    1380.000       0.000    0.0002    4.873  584.290    4.492  246.411    1.204
   6660.00 0.129     649.298       7.476    1380.000       0.000    0.0002    4.610  570.259    4.951  245.438    1.175
   6720.00 0.125     641.556       4.981    1420.000       0.000    0.0002    4.440  595.815    5.065  244.427    1.270
   6780.00 0.122     639.520       6.120    1460.000       0.000    0.0002    4.279  568.497    4.537  242.977    1.440
   6840.00 0.125     642.779       2.427    1460.000       0.000    0.0002    4.019  504.512    4.185  241.336    1.243
   6900.00 0.130     646.341       8.480    1420.000       0.000    0.0002    3.687  436.704    3.925  239.446    0.977
   6960.00 0.129     653.660       7.962    1420.000       0.000    0.0002    3.461  491.113    4.306  237.741    1.149
   7020.00 0.127     641.692       9.154    1420.000       0.000    0.0002    3.371  432.397    4.480  236.675    1.067
   7080.00 0.127     639.231      12.115    1420.000       0.000    0.0002    3.390  391.918    4.409  236.283    0.975
   7140.00 0.133     637.238       5.378    1420.000       0.000    0.0002    3.560  402.488    4.107  236.624    0.999
   7200.00 0.130     635.685       7.805    1380.000       0.000    0.0002    3.842  453.626    4.680  237.781    1.092
   7260.00 0.126     638.796       8.155    1340.000       0.000    0.0002    4.213  478.672    5.213  239.920    1.160
   7320.00 0.125     639.375       7.070    1340.000       0.000    0.0002    4.601  562.887    6.627  242.625    1.292
   7380.00 0.127     640.192       5.720    1420.000       0.000    0.0002    4.992  762.593    6.356  245.966    1.461
   7440.00 0.128     639.011       4.753    1460.000       0.000    0.0002    5.385  860.166    6.056  250.747    1.416
   7500.00 0.125     630.859       8.789    1420.000       0.000    0.0002    5.793  984.350    6.413  257.296    1.621
   7560.00 0.123     633.519       7.197    1460.000       0.000    0.0002    6.283 1127.275    6.285  263.911    1.693
   7620.00 0.124     637.628       6.126    1500.000       0.000    0.0002    6.705 1281.384    6.159  268.952    1.788
   7680.00 0.127     636.046       7.985    1940.000       0.000    0.0002    6.881 1196.685    6.780  272.646    1.787
   7740.00 0.130     637.444       5.977    1940.000       0.000    0.0002    6.883 1010.040    6.441  275.403    1.882
   7800.00 0.131     635.896      10.336    1580.000       0.000    0.0002    6.716  817.989    5.517  276.548    1.572
   7860.00 0.133     639.817       7.560    1500.000       0.000    0.0002    6.424  876.076    5.602  277.311    1.679
   7920.00 0.132     643.259       4.407    1500.000       0.000    0.0002    6.213  929.150    5.689  276.318    1.504
   7980.00 0.134     642.618       4.764    1580.000       0.000    0.0002    6.172 1009.773    5.689  275.524    1.539
   8040.00 0.134     651.636       7.018    1500.000       0.000    0.0002    6.075 1011.248    5.755  276.479    1.697
   8100.00 0.137     654.947       4.769    1460.000       0.000    0.0002    5.780  933.034    6.966  276.215    1.715
   8160.00 0.136     648.941      13.932    1540.000       0.000    0.0002    5.486  848.802    6.100  274.507    1.561
   8220.00 0.135     646.232       7.790    1540.000       0.000    0.0002    5.182  639.035    5.388  273.117    1.485
   8280.00 0.135     647.319       8.986    1460.000       0.000    0.0002    5.092  530.782    5.106  272.400    1.157
   8340.00 0.139     652.504       2.312    1540.000       0.000    0.0002    5.272  637.230    4.854  272.053    1.190
   8400.00 0.138     650.867       5.841    1460.000       0.000    0.0002    5.627  741.695    5.466  272.785    1.304
   8460.00 0.136     646.619       8.165    1420.000       0.000    0.0002    6.048  810.578    5.975  274.354    1.615
   8520.00 0.135     646.595       5.550    1500.000       0.000    0.0002    6.433  796.464    6.786  276.470    1.759
   8580.00 0.136     642.970       4.365    1540.000       0.000    0.0002    6.596  669.521    5.593  278.604    1.527
   8640.00 0.136     637.849       4.516    1700.000       0.000    0.0002    6.540  694.865    5.722  280.775    1.557
   8700.00 0.138     645.887       7.234    1460.000       0.000    0.0002    6.394  739.238    4.775  281.545    1.542
   8760.00 0.143     656.116       8.552    1540.000       0.000    0.0002    6.089  555.161    4.539  280.039    1.429
   8820.00 0.145     659.865       7.071    1500.000       0.000    0.0002    5.813  589.770    4.665  279.455    1.503
   8880.00 0.140     660.348       9.287    1460.000       0.000    0.0002    5.509  678.365    4.572  279.034    1.655
   8940.00 0.140     660.209       6.864    1460.000       0.000    0.0002    5.045  680.497    4.977  276.462    1.681
   9000.00 0.138     666.513      15.929    1580.000       0.000    0.0002    4.505  563.934    5.555  272.895    1.682
   9060.00 0.134     661.243       7.861    1540.000       0.000    0.0002    3.940  514.817    5.501  271.009    1.085
   9120.00 0.127     655.402       6.782    1540.000       0.000    0.0002    3.507  502.080    4.524  270.029    1.079
   9180.00 0.126     665.405       3.745    1460.000       0.000    0.0002    3.267  399.803    4.040  267.053    1.004
   9240.00 0.126     660.309       2.317    1460.000       0.000    0.0002    3.187  402.827    4.339  263.339    0.967
   9300.00 0.133     657.868       7.206    1380.000       0.000    0.0002    3.221  366.496    4.826  261.542    1.076
   9360.00 0.136     650.394       4.158    1500.000       0.000    0.0002    3.313  412.132    4.749  261.658    1.128
   9420.00 0.133     648.425       3.846    1580.000       0.000    0.0002    3.432  445.026    4.449  262.120    1.042
   9480.00 0.133     644.779       4.412    1380.000       0.000    0.0002    3.506  385.226    4.133  261.719    1.068
   9540.00 0.134     652.436      13.964    1460.000       0.000    0.0002    3.546  371.365    3.937  261.854    0.969
   9600.00 0.127     641.040       4.701    1500.000       0.000    0.0002    3.605  357.628    4.022  263.560    1.132
   9660.00 0.127     638.728      10.019    1460.000       0.000    0.0002    3.730  306.812    4.076  265.896    1.194
   9720.00 0.127     638.308       8.462    1380.000       0.000    0.0002    3.875  367.621    4.371  267.622    1.019
   9780.00 0.127     637.318       6.973    1420.000       0.000    0.0002    4.083  442.640    4.898  269.236    1.123
   9840.00 0.126     636.093       3.675    1340.000       0.000    0.0002    4.346  452.158    5.589  270.985    1.130
   9900.00 0.131     643.850       9.308    1420.000       0.000    0.0002    4.524  570.909    5.540  272.558    1.259
   9960.00 0.130     644.644       9.401    1380.000       0.000    0.0002    4.609  668.774    5.283  274.543    1.246
  10020.00 0.137     646.643      12.611    1380.000       0.000    0.0002    4.655  741.497    5.024  276.480    1.276
  10080.00 0.138     644.212       6.796    1340.000       0.000    0.0002    4.637  750.345    5.512  277.970    1.415
  10140.00 0.140     645.550       5.899    1500.000       0.000    0.0002    4.593  733.799    5.771  280.054    1.507
  10200.00 0.140     650.801       9.477    1420.000       0.000    0.0002    4.665  652.990    4.615  282.579    1.444
  10260.00 0.136     646.810       4.516    1460.000       0.000    0.0002    4.821  496.372    4.760  284.000    1.288
  10320.00 0.138     653.770       3.434    1460.000       0.000    0.0002    5.043  494.913    5.011  285.633    1.276
  10380.00 0.147     648.060       5.274    1460.000       0.000    0.0002    5.302  460.148    5.269  288.154    1.347
  10440.00 0.145     643.636       6.532    1420.000       0.000    0.0002    5.607  566.962    5.810  291.612    1.465
  10500.00 0.146     652.187       8.280    1380.000       0.000    0.0002    6.081  679.028    7.211  295.734    1.617
  10560.00 0.145     654.343       6.465    1420.000       0.000    0.0002    6.530  815.963    7.114  300.192    1.798
  10620.00 0.151     658.772       2.132    1460.000       0.000    0.0002    6.773 1066.032    6.750  304.575    2.186
  10680.00 0.149     661.180       3.705    1540.000       0.000    0.0002    6.856 1122.980    7.208  307.137    1.848
  10740.00 0.148     666.931       6.535    1580.000       0.000    0.0002    6.673 1064.271    6.669  308.120    2.092
  10800.00 0.145     664.706       9.210    1940.000       0.000    0.0002    6.410 1052.257    5.084  309.507    1.387
  10860.00 0.146     662.140      14.682    1420.000       0.000    0.0002    6.229  829.898    6.018  311.566    1.326
  10920.00 0.148     661.450      13.081    1500.000       0.000    0.0002    6.154  622.246    5.776  312.393    1.405
  10980.00 0.144     653.559      15.153    1460.000       0.000    0.0002    6.162  631.585    7.110  313.013    1.437
  11040.00 0.140     658.322       5.559    1580.000       0.000    0.0002    6.333  718.978    6.866  315.488    1.371
  11100.00 0.140     660.418       6.411    1420.000       0.000    0.0002    6.706  941.821    8.222  318.544    1.729
  11160.00 0.139     678.074      12.960    1620.000       0.000    0.0002    6.999 1178.222    9.670  321.875    1.769
  11220.00 0.137     672.834       8.307    1460.000       0.000    0.0002    7.030 1431.513    8.314  324.640    2.149
  11280.00 0.136     673.453       8.094    1940.000       0.000    0.0002    6.897 1277.222    6.499  327.422    1.791
  11340.00 0.132     670.444       8.963    1940.000       0.000    0.0002    6.740 1046.954    6.322  331.271    1.745
  11400.00 0.131     676.580       8.885    1940.000       0.000    0.0002    6.451  878.869    6.447  333.975    1.555
  11460.00 0.135     685.626       6.025    1940.000       0.000    0.0002    6.238 1122.096    9.124  334.109    1.996
  11520.00 0.135     681.333       3.207    1940.000       0.000    0.0002    5.933 1293.706    7.276  332.012    1.830
  11580.00 0.136     670.269       4.991    1460.000       0.000    0.0002    5.569 1161.751    6.924  329.595    1.804
  11640.00 0.137     670.286       6.107    1580.000       0.000    0.0002    5.307 1071.972    6.164  326.882    1.923
  11700.00 0.134     659.345       9.927    1940.000       0.000    0.0002    5.078  836.386    5.582  324.963    1.872
  11760.00 0.133     653.993       4.469    1460.000       0.000    0.0002    5.049  624.550    5.769  326.133    1.348
  11820.00 0.138     650.230      11.363    1460.000       0.000    0.0002    5.220  601.385    5.535  328.488    1.422
  11880.00 0.136     654.552       4.301    1340.000       0.000    0.0002    5.539  678.931    7.954  329.357    1.593
  11940.00 0.140     655.749       5.401    1460.000       0.000    0.0002    6.029  736.245    8.173  331.415    1.775
  12000.00 0.147     650.912       7.363    1420.000       0.000    0.0002    6.678  706.131    5.997  333.979    1.862
  12060.00 0.151     664.668      12.998    1500.000       0.000    0.0002    7.373  724.538    6.502  335.530    1.627
  12120.00 0.154     668.571      10.508    1580.000       0.000    0.0002    7.906  868.855    6.381  339.752    1.782
  12180.00 0.153     665.295      10.686    1580.000       0.000    0.0002    8.108  855.624    6.048  344.956    1.739
  12240.00 0.158     670.093       5.015    1460.000       0.000    0.0002    7.962  668.573    6.751  348.023    1.974
  12300.00 0.158     684.568       5.525    1500.000       0.000    0.0002    7.744  736.595    6.742  349.765    1.852
  12360.00 0.159     682.892       7.169    1580.000       0.000    0.0002    7.570  833.467    5.560  350.713    1.728
  12420.00 0.157     686.109       4.744    1620.000       0.000    0.0002    7.577  823.818    6.610  353.640    1.860
  12480.00 0.157     685.054      11.132    1580.000       0.000    0.0002    7.830  853.131    7.246  356.023    1.586
  12540.00 0.152     667.794       9.694    1540.000       0.000    0.0002    8.318 1106.784    7.120  358.193    1.747
  12600.00 0.155     671.627      12.038    1500.000       0.000    0.0002    8.699 1281.414    6.763  361.953    1.781
  12660.00 0.147     683.322       6.379    1940.000       0.000    0.0002    8.805 1193.902    7.779  365.405    2.086
  12720.00 0.146     677.258       7.157    1940.000       0.000    0.0002    8.624 1134.521    6.394  367.493    2.240
  12780.00 0.142     687.310       9.276    1940.000       0.000    0.0002    8.235 1007.892    6.473  367.167    1.726
  12840.00 0.141     694.888       4.663    1540.000       0.000    0.0002    7.706  946.968    6.289  368.971    1.621
  12900.00 0.137     693.786      10.321    1620.000       0.000    0.0002    7.144  855.268    6.619  370.705    1.363
  12960.00 0.135     690.054       6.025    1500.000       0.000    0.0002    7.037  892.427    8.386  370.551    1.581
  13020.00 0.129     677.879       5.000    1500.000       0.000    0.0002    7.231 1010.582    8.257  368.295    1.694
  13080.00 0.123     673.678       6.879    1420.000       0.000    0.0002    7.584 1177.637    7.498  368.523    1.969
  13140.00 0.118     674.990       5.714    1940.000       0.000    0.0002    7.872 1319.974    8.277  371.884    2.204
  13200.00 0.114     678.034      20.299    1940.000       0.000    0.0002    7.753 1150.657    6.639  373.404    2.201
  13260.00 0.114     678.323       4.258    1940.000       0.000    0.0002    7.289  956.160    7.862  371.977    1.987
  13320.00 0.118     684.596       6.667    1940.000       0.000    0.0002    6.501  915.546    5.938  370.474    1.788
  13380.00 0.127     686.054       8.889    1620.000       0.000    0.0002    5.885  818.603    5.305  368.964    1.484
  13440.00 0.129     687.197       6.515    1460.000       0.000    0.0002    5.504  609.077    6.374  363.941    1.708
  13500.00 0.125     681.016      11.875    1500.000       0.000    0.0002    5.418  565.648    6.285  359.315    1.365
  13560.00 0.126     693.514       4.208    1460.000       0.000    0.0002    5.450  688.855    7.000  357.557    1.634
  13620.00 0.130     694.812      10.038    1500.000       0.000    0.0002    5.750  840.197    6.313  356.719    1.540
  13680.00 0.129     675.547       6.528    1500.000       0.000    0.0002    6.170  815.659    7.320  357.038    1.828
  13740.00 0.130     683.729       7.608    1540.000       0.000    0.0002    6.460 1033.498    8.393  360.721    1.849
  13800.00 0.136     680.287       3.978    1940.000       0.000    0.0002    6.466 1206.438    8.930  366.250    2.198
  13860.00 0.131     673.159      11.364    1940.000       0.000    0.0002    6.329 1318.489    7.266  368.990    2.224
  13920.00 0.126     668.743       6.112    2020.000       0.000    0.0002    6.088 1174.353    7.212  369.560    1.929
  13980.00 0.121     663.219       4.909    1940.000       0.000    0.0002    5.794 1013.512    7.812  370.586    1.920
  14040.00 0.127     662.917       7.754    1940.000       0.000    0.0002    5.388  841.194    5.980  370.472    1.631
  14100.00 0.135     668.348      13.285    1940.000       0.000    0.0002    5.226  478.049    6.712  369.189    1.320
  14160.00 0.135     666.703      10.018    1500.000       0.000    0.0002    5.503  752.167    8.117  369.635    1.641
  14220.00 0.133     674.945       6.703    1580.000       0.000    0.0002    6.092  999.447    8.528  373.676    2.034
  14280.00 0.130     656.384      11.299    1460.000       0.000    0.0002    6.855 1180.763    9.298  377.624    1.973
  14340.00 0.126     661.393       6.615    1940.000       0.000    0.0002    7.438 1483.135    8.511  381.712    1.908
  14400.00 0.127     662.452       5.019    1940.000       0.000    0.0002    7.759 1348.775    9.248  386.752    2.274
  14460.00 0.127     670.154       3.500    1980.000       0.000    0.0002    7.628 1240.834    7.797  390.469    1.950
  14520.00 0.139     673.520       6.095    1940.000       0.000    0.0002    7.415  866.168    6.033  396.826    1.508
  14580.00 0.136     683.584       9.677    1660.000       0.000    0.0002    7.353  835.549    7.011  400.922    1.708
  14640.00 0.136     675.655      11.095    1580.000       0.000    0.0002    7.444  969.832    6.989  400.015    1.707
  14700.00 0.136     676.619       8.273    1580.000       0.000    0.0002    7.711 1007.501    6.802  401.095    1.986
  14760.00 0.141     677.202       5.492    1460.000       0.000    0.0002    8.175 1026.329    7.133  405.658    1.951
  14820.00 0.140     682.091       4.042    1940.000       0.000    0.0002    8.626 1015.806    7.101  410.037    1.940
  14880.00 0.138     671.540       6.124    1940.000       0.000    0.0002    8.978  954.618    8.663  415.641    2.018
  14940.00 0.139     666.456       9.228    1940.000       0.000    0.0002    9.120 1179.270    8.426  421.837    2.122
  15000.00 0.141     682.322       5.130    1940.000       0.000    0.0002    8.848 1325.609    9.001  423.494    2.174
  15060.00 0.146     702.948      10.553    1980.000       0.000    0.0002    8.361 1332.659    8.205  420.317    2.454
  15120.00 0.152     702.953      11.461    1940.000       0.000    0.0002    7.740 1311.317    5.766  416.005    1.963
  15180.00 0.150     693.182       7.727    1940.000       0.000    0.0002    6.926 1016.327    5.751  412.338    1.553
  15240.00 0.146     696.127       7.513    1580.000       0.000    0.0002    6.170  814.605    5.461  407.837    1.346
  15300.00 0.138     686.714       8.516    1580.000       0.000    0.0002    5.520  521.240    5.959  401.373    1.441
  15360.00 0.141     679.480      12.444    1500.000       0.000    0.0002    5.168  572.743    5.833  394.626    1.374
  15420.00 0.139     686.197       7.535    1500.000       0.000    0.0002    5.036  537.887    6.007  390.284    1.322
  15480.00 0.130     675.535       7.692    1580.000       0.000    0.0002    5.033  575.441    5.113  387.082    1.111
  15540.00 0.131     676.089      10.503    1460.000       0.000    0.0002    5.090  600.996    5.066  384.018    1.546
  15600.00 0.140     686.503       1.154    1580.000       0.000    0.0002    5.188  703.563    5.104  382.032    1.691
  15660.00 0.142     689.365       4.837    1580.000       0.000    0.0002    5.229  748.054    5.390  380.445    1.509
  15720.00 0.146     692.228      10.921    1460.000       0.000    0.0002    5.270  706.361    5.869  381.080    1.452
  15780.00 0.144     690.305       6.712    1500.000       0.000    0.0002    5.192  595.119    5.227  382.579    1.267
  15840.00 0.143     691.986       6.507    1500.000       0.000    0.0002    5.095  463.824    5.608  382.164    1.276
  15900.00 0.142     686.093      12.186    1500.000       0.000    0.0002    4.960  368.824    4.871  381.407    1.271
  15960.00 0.142     691.821       8.729    1500.000       0.000    0.0002    4.775  366.392    4.604  381.568    1.236
  16020.00 0.145     683.261       4.403    1500.000       0.000    0.0002    4.595  429.770    5.678  382.438    1.343
  16080.00 0.142     675.670       6.873    1460.000       0.000    0.0002    4.566  503.175    6.924  383.147    1.456
  16140.00 0.145     675.919       9.815    1460.000       0.000    0.0002    4.670  683.822    7.215  383.845    1.675
  16200.00 0.146     674.290       8.047    1460.000       0.000    0.0002    4.823  808.148    6.394  385.237    1.529
  16260.00 0.152     683.141      12.308    1500.000       0.000    0.0002    4.837  679.014    6.725  386.567    1.823
  16320.00 0.149     679.116       7.594    1460.000       0.000    0.0002    4.791  513.952    4.576  386.338    1.429
  16380.00 0.146     684.267       7.867    1460.000       0.000    0.0002    4.810  283.869    4.566  387.206    1.109
  16440.00 0.149     678.164       8.393    1500.000       0.000    0.0002    4.955  352.157    5.261  391.704    1.132
  16500.00 0.146     678.097      15.225    1500.000       0.000    0.0002    5.365  499.466    5.804  397.355    1.397
  16560.00 0.140     674.007       3.240    1460.000       0.000    0.0002    5.966  612.586    7.229  401.893    1.762
  16620.00 0.135     671.892      12.396    1460.000       0.000    0.0002    6.697  792.199    6.913  406.303    1.646
  16680.00 0.134     678.764       9.564    1540.000       0.000    0.0002    7.481  896.529    6.710  413.657    1.694
  16740.00 0.141     666.644       3.841    1420.000       0.000    0.0002    8.238  872.358    7.864  425.745    1.855
  16800.00 0.141     679.827       6.274    1620.000       0.000    0.0002    8.976 1044.562    9.180  439.540    1.972
  16860.00 0.141     679.689       3.903    1420.000       0.000    0.0002    9.755 1315.948   10.036  452.626    2.536
  16920.00 0.136     689.749       8.710    1940.000       0.000    0.0002   10.423 1421.543    9.993  463.231    2.429
  16980.00 0.135     690.775       5.441    1940.000       0.000    0.0002   11.018 1427.171    8.698  468.971    2.318
  17040.00 0.135     691.537       6.293    1940.000       0.000    0.0002   11.169 1425.730   10.055  476.529    2.313
  17100.00 0.133     686.838       5.662    1940.000       0.000    0.0002   10.974 1423.244   10.644  485.639    2.523
  17160.00 0.133     689.024       7.109    1940.000       0.000    0.0002   10.411 1568.327    9.220  488.434    2.378
  17220.00 0.133     685.662       6.140    1940.000       0.000    0.0002    9.864 1420.671    6.865  487.709    1.980
  17280.00 0.140     682.897       7.888    1940.000       0.000    0.0002    9.545 1023.851    7.475  486.964    1.557
  17340.00 0.137     669.483      13.939    1580.000       0.000    0.0002    9.382  935.997    6.509  485.115    1.621
  17400.00 0.142     674.759      10.138    1540.000       0.000    0.0002    9.189 1024.747    7.077  478.164    1.592
  17460.00 0.146     667.267       9.633    1580.000       0.000    0.0002    8.959  961.417    5.910  470.199    1.580
  17520.00 0.147     676.026      11.026    1620.000       0.000    0.0002    8.988  892.344    5.680  465.487    1.601
  17580.00 0.154     687.575      10.333    1580.000       0.000    0.0002    9.043  880.344    6.267  461.779    1.498
  17640.00 0.155     689.354      13.323    1620.000       0.000    0.0002    9.091  737.118    5.155  458.539    1.582
  17700.00 0.155     692.756      11.811    1620.000       0.000    0.0002    9.110  850.804    6.448  459.001    1.720
  17760.00 0.155     696.913       8.882    1580.000       0.000    0.0002    8.974 1005.644    7.076  460.480    2.283
  17820.00 0.157     692.846      12.006    1940.000       0.000    0.0002    8.745  927.453    6.279  459.745    2.211
  17880.00 0.155     700.820       5.931    1660.000       0.000    0.0002    8.475  705.766    5.454  456.767    2.094
  17940.00 0.163     713.533       4.850    1620.000       0.000    0.0002    8.220  657.246    6.038  455.255    1.442
  18000.00 0.163     712.975       6.786    1540.000       0.000    0.0002    8.062  648.286    6.889  453.196    1.395
  18060.00 0.159     717.204       4.117    1540.000       0.000    0.0002    8.207  738.624    6.085  451.149    1.418
  18120.00 0.158     716.285       6.811    1580.000       0.000    0.0002    8.536  671.244    5.909  450.238    1.413
  18180.00 0.155     715.660       3.868    1540.000       0.000    0.0002    9.040  735.804    6.816  451.600    1.577
  18240.00 0.158     716.271       4.961    1540.000       0.000    0.0002    9.559  784.836    6.900  455.889    1.795
  18300.00 0.158     720.062       8.210    1740.000       0.000    0.0002    9.857  861.743    6.172  462.650    1.673
  18360.00 0.157     727.496      14.028    1580.000       0.000    0.0002    9.958  928.351    6.614  468.391    1.834
  18420.00 0.156     740.876       7.606    1620.000       0.000    0.0002    9.745  815.818    5.990  469.555    1.933
  18480.00 0.153     751.930      11.196    1460.000       0.000    0.0002    9.199  675.043    5.611  466.724    1.944
  18540.00 0.151     773.128      17.147    1940.000       0.000    0.0002    8.416  614.386    6.154  461.474    1.603
  18600.00 0.154     774.865       5.325    1940.000       0.000    0.0002    7.402  673.607    6.463  459.491    1.460
  18660.00 0.152     758.551       7.504    1500.000       0.000    0.0002    6.482  598.186    7.302  457.624    1.361
  18720.00 0.145     744.706       4.504    1500.000       0.000    0.0002    5.808  597.042    6.228  451.743    1.368
  18780.00 0.135     723.495       9.910    1540.000       0.000    0.0002    5.385  603.613    6.504  445.081    1.585
  18840.00 0.133     701.538       7.582    1500.000       0.000    0.0002    5.094  637.845    5.879  440.638    1.765
  18900.00 0.133     688.330       6.275    1660.000       0.000    0.0002    4.694  645.481    5.028  435.770    1.637
  18960.00 0.135     684.505       5.225    1580.000       0.000    0.0002    4.265  613.343    4.817  429.764    1.571
  19020.00 0.133     672.110       6.862    1620.000       0.000    0.0002    3.816  522.281    5.458  424.731    1.455
  19080.00 0.131     673.907       4.935    1620.000       0.000    0.0002    3.503  414.430    4.662  420.874    1.218
  19140.00 0.133     677.385       8.692    1580.000       0.000    0.0002    3.337  395.569    4.543  416.988    1.224
  19200.00 0.137     674.643       1.750    1460.000       0.000    0.0002    3.362  479.409    3.992  413.377    1.298
  19260.00 0.136     667.599       7.957    1540.000       0.000    0.0002    3.528  490.781    4.806  410.619    1.380
  19320.00 0.136     666.032      11.993    1500.000       0.000    0.0002    3.702  418.513    5.309  408.464    1.414
  19380.00 0.143     676.109       3.311    1500.000       0.000    0.0002    3.902  348.629    5.730  407.865    1.358
  19440.00 0.149     695.948       6.797    1540.000       0.000    0.0002    4.106  385.547    5.977  409.019    1.351
  19500.00 0.154     694.857       9.206    1500.000       0.000    0.0002    4.368  492.775    5.807  409.709    1.183
  19560.00 0.154     703.487       9.667    1540.000       0.000    0.0002    4.616  597.896    6.170  409.296    1.538
  19620.00 0.151     702.010       7.650    1660.000       0.000    0.0002    4.734  628.942    7.086  408.631    1.954
  19680.00 0.147     713.023       9.801    1660.000       0.000    0.0002    4.788  639.107    5.833  408.105    1.761
  19740.00 0.149     713.333      14.216    1580.000       0.000    0.0002    4.861  527.387    6.268  410.425    1.407
  19800.00 0.139     710.858       7.005    1580.000       0.000    0.0002    5.051  627.068    7.139  415.808    1.518
  19860.00 0.138     719.078       5.319    1460.000       0.000    0.0002    5.425  840.581    7.277  419.960    1.751
  19920.00 0.131     709.776      10.709    1460.000       0.000    0.0002    5.942 1081.418    8.490  423.217    2.020
  19980.00 0.130     720.565       3.503    1620.000       0.000    0.0002    6.382 1287.741    8.562  428.213    2.344
  20040.00 0.127     732.923       5.077    1940.000       0.000    0.0002    6.528 1442.156    8.847  430.476    2.618
  20100.00 0.119     730.883       7.967    1940.000       0.000    0.0002    6.221 1297.110    6.320  428.457    1.986
  20160.00 0.117     721.583       6.167    1940.000       0.000    0.0002    5.702  833.231    7.399  429.535    1.639
  20220.00 0.117     728.977       5.136    1940.000       0.000    0.0002    5.156  640.594    6.418  431.279    1.359
  20280.00 0.115     716.406      13.362    1500.000       0.000    0.0002    4.627  657.246    6.744  426.268    1.397
  20340.00 0.116     710.336       5.210    1420.000       0.000    0.0002    4.080  645.267    5.996  417.507    1.563
  20400.00 0.110     713.925      14.191    1500.000       0.000    0.0002    3.658  584.833    5.541  411.050    1.312
  20460.00 0.111     693.934      10.374    1620.000       0.000    0.0002    3.359  501.916    4.986  406.588    1.381
  20520.00 0.113     696.883       8.355    1660.000       0.000    0.0002    3.029  389.178    4.856  402.902    1.355
  20580.00 0.119     688.361       2.459    1540.000       0.000    0.0002    2.770  339.940    5.970  399.467    1.221
  20640.00 0.121     691.174       3.320    1540.000       0.000    0.0002    2.605  374.169    5.671  396.316    1.234
  20700.00 0.125     684.016       7.096    1620.000       0.000    0.0002    2.555  370.659    5.049  393.362    1.252
  20760.00 0.127     674.176      11.992    1500.000       0.000    0.0002    2.616  416.859    5.337  390.741    1.269
  20820.00 0.118     656.432       9.668    1500.000       0.000    0.0002    2.744  372.274    4.673  389.259    1.005
  20880.00 0.120     669.736       8.032    1460.000       0.000    0.0002    2.941  380.893    5.046  389.596    1.161
  20940.00 0.123     664.762       6.151    1460.000       0.000    0.0002    3.251  418.461    5.716  391.276    1.168
  21000.00 0.125     667.953       4.990    1500.000       0.000    0.0002    3.648  454.076    6.138  393.612    1.287
  21060.00 0.131     674.403       2.313    1420.000       0.000    0.0002    4.060  555.869    5.949  396.870    1.450
  21120.00 0.134     692.277       8.780    1500.000       0.000    0.0002    4.438  450.959    5.391  399.045    1.361
  21180.00 0.137     699.645       9.023    1500.000       0.000    0.0002    4.770  412.831    5.768  400.347    1.288
  21240.00 0.141     697.375       6.736    1500.000       0.000    0.0002    4.979  349.277    5.291  402.971    1.329
  21300.00 0.144     712.564      14.228    1580.000       0.000    0.0002    5.082  364.799    5.962  405.668    1.187
  21360.00 0.144     714.218       7.687    1540.000       0.000    0.0002    5.125  408.822    5.282  407.385    1.280
  21420.00 0.142     709.432       4.544    1580.000       0.000    0.0002    5.189  437.067    5.693  409.423    1.288
  21480.00 0.143     711.789      12.913    1460.000       0.000    0.0002    5.316  582.288    6.309  410.784    1.245
  21540.00 0.146     713.244      11.171    1580.000       0.000    0.0002    5.372  620.957    5.865  411.578    1.220
  21600.00 0.144     717.733      11.743    1460.000       0.000    0.0002    5.388  585.187    6.423  412.871    1.465
  21660.00 0.143     718.840      11.843    1500.000       0.000    0.0002    5.387  655.175    6.779  413.377    1.534
  21720.00 0.142     703.241       7.897    1500.000       0.000    0.0002    5.325  660.719    4.619  412.101    1.461
  21780.00 0.144     713.469       7.959    1620.000       0.000    0.0002    5.087  548.679    5.627  410.928    1.412
  21840.00 0.140     713.682       6.457    1540.000       0.000    0.0002    4.863  517.703    5.822  411.710    1.453
  21900.00 0.138     712.557       6.702    1580.000       0.000    0.0002    4.688  404.030    5.594  412.944    1.395
  21960.00 0.139     720.211      11.333    1460.000       0.000    0.0002    4.713  451.645    5.942  414.258    1.550
  22020.00 0.132     715.646       3.432    1500.000       0.000    0.0002    4.975  525.401    7.275  416.020    1.540
  22080.00 0.143     712.192      10.651    1380.000       0.000    0.0002    5.307  632.698    7.258  418.440    1.976
  22140.00 0.135     708.231       5.921    1420.000       0.000    0.0002    5.705  721.207    6.232  421.591    1.709
  22200.00 0.137     710.000       9.679    1460.000       0.000    0.0002    6.079  651.667    6.599  424.389    1.784
  22260.00 0.136     704.007       7.263    1540.000       0.000    0.0002    6.426  627.372    7.776  428.799    1.769
  22320.00 0.136     719.320       9.553    1500.000       0.000    0.0002    6.662  893.027    9.119  434.843    1.919
  22380.00 0.137     727.900       4.377    1580.000       0.000    0.0002    6.872  970.605    9.808  440.494    2.227
  22440.00 0.143     729.710       7.598    1940.000       0.000    0.0002    6.950 1026.104    8.473  444.057    2.325
  22500.00 0.144     723.525       6.136    1940.000       0.000    0.0002    7.067 1046.090    9.495  445.746    2.090
  22560.00 0.144     717.492       4.610    1940.000       0.000    0.0002    7.051 1211.918    8.256  447.922    2.068
  22620.00 0.142     701.443      15.945    1940.000       0.000    0.0002    6.916 1270.152    7.508  450.017    2.139
  22680.00 0.153     703.962      12.396    1940.000       0.000    0.0002    6.701 1432.537    6.693  449.499    1.872
  22740.00 0.152     707.987       8.084    1980.000       0.000    0.0002    6.375 1086.940    7.479  447.370    2.046
  22800.00 0.153     713.632       3.744    1940.000       0.000    0.0002    6.115 1054.071    6.003  445.265    1.888
  22860.00 0.143     708.000       3.521    1940.000       0.000    0.0002    5.934 1007.871    6.053  442.415    2.034
  22920.00 0.151     715.638       7.141    1940.000       0.000    0.0002    5.697  862.547    4.911  439.930    1.590
  22980.00 0.149     718.361       7.410    1580.000       0.000    0.0002    5.544  766.334    5.468  439.574    1.527
  23040.00 0.156     715.875       7.656    1660.000       0.000    0.0002    5.556  569.264    5.949  440.502    1.279
  23100.00 0.153     712.951       4.976    1460.000       0.000    0.0002    5.764  617.928    5.846  441.530    1.363
  23160.00 0.144     710.761      10.118    1580.000       0.000    0.0002    6.216  712.377    7.042  443.602    1.605
  23220.00 0.154     709.921       8.712    1540.000       0.000    0.0002    6.758  739.097    7.435  446.559    1.837
  23280.00 0.159     710.400       7.292    1580.000       0.000    0.0002    7.198  913.658    6.763  449.552    1.953
  23340.00 0.162     719.489       4.632    1940.000       0.000    0.0002    7.565 1025.471    6.758  452.470    2.201
  23400.00 0.165     720.148       5.363    1940.000       0.000    0.0002    7.599  913.478    7.082  454.535    2.013
  23460.00 0.164     714.844      11.177    1940.000       0.000    0.0002    7.500  667.050    6.740  457.945    1.765
  23520.00 0.164     715.513       4.755    1940.000       0.000    0.0002    7.383  567.775    5.775  462.151    1.682
  23580.00 0.162     722.917       8.451    1620.000       0.000    0.0002    7.216  436.738    5.830  463.068    1.316
  23640.00 0.160     731.376       6.514    1500.000       0.000    0.0002    7.245  532.771    5.720  463.316    1.308
  23700.00 0.155     729.338       6.341    1460.000       0.000    0.0002    7.487  580.125    6.274  463.962    1.426
  23760.00 0.157     736.775      10.326    1500.000       0.000    0.0002    7.711  540.327    5.858  464.915    1.434
  23820.00 0.161     743.515       6.545    1580.000       0.000    0.0002    7.742  522.251    6.481  466.188    1.584
  23880.00 0.163     749.309       9.970    1580.000       0.000    0.0002    7.633  629.852    6.631  468.260    1.657
  23940.00 0.160     754.168      12.336    1500.000       0.000    0.0002    7.483  641.867    6.757  468.375    1.599
  24000.00 0.170     759.540      11.667    1540.000       0.000    0.0002    7.212  492.765    6.286  466.356    1.550
  24060.00 0.163     765.367       6.027    1540.000       0.000    0.0002    7.044  553.224    5.605  464.409    1.368
  24120.00 0.167     765.924       7.771    1500.000       0.000    0.0002    6.821  639.473    6.105  461.261    1.701
  24180.00 0.169     755.389       7.493    1540.000       0.000    0.0002    6.606  532.684    6.278  459.309    1.723
  24240.00 0.165     748.154       5.170    1460.000       0.000    0.0002    6.414  466.096    6.595  459.758    1.514
  24300.00 0.166     750.324       6.962    1540.000       0.000    0.0002    6.337  467.123    6.520  459.993    1.594
  24360.00 0.161     748.146      14.164    1500.000       0.000    0.0002    6.276  461.774    6.007  458.333    1.611
  24420.00 0.162     757.885       8.066    1500.000       0.000    0.0002    6.222  438.117    5.689  457.490    1.396
  24480.00 0.162     754.683       5.861    1460.000       0.000    0.0002    6.090  391.207    6.272  457.809    1.362
  24540.00 0.152     754.189       3.371    1540.000       0.000    0.0002    6.021  479.308    7.307  458.563    1.489
  24600.00 0.154     754.730      11.429    1540.000       0.000    0.0002    5.966  682.596    7.635  458.179    1.466
  24660.00 0.149     766.557       6.328    1540.000       0.000    0.0002    5.925  781.469    6.865  456.705    1.686
  24720.00 0.151     766.926       7.120    1620.000       0.000    0.0002    5.916  722.176    6.097  457.027    1.551
  24780.00 0.145     755.395      10.286    1580.000       0.000    0.0002    5.992  668.205    6.354  459.549    1.718
  24840.00 0.140     745.645      12.160    1540.000       0.000    0.0002    6.120  675.716    6.468  461.613    1.622
  24900.00 0.144     754.890       2.437    1660.000       0.000    0.0002    6.213  774.684    7.084  464.589    1.816
  24960.00 0.139     745.000       8.380    1540.000       0.000    0.0002    6.284  716.074    7.502  465.678    1.901
  25020.00 0.144     737.279       8.503    1940.000       0.000    0.0002    6.250  668.399    6.661  463.662    1.718
  25080.00 0.138     724.947      11.095    1580.000       0.000    0.0002    6.230  720.313    6.616  466.617    1.658
  25140.00 0.141     733.899       4.853    1580.000       0.000    0.0002    6.086  892.433    8.393  471.987    1.964
  25200.00 0.144     723.322       9.831    1700.000       0.000    0.0002    5.927  901.816    7.166  470.889    1.927
  25260.00 0.145     725.681       2.924    1940.000       0.000    0.0002    5.765  965.531    7.262  465.263    1.764
  25320.00 0.151     718.606       7.423    1940.000       0.000    0.0002    5.547  861.514    6.627  461.703    1.955
  25380.00 0.149     723.725      13.105    1940.000       0.000    0.0002    5.255 1012.050    6.883  459.632    1.741
  25440.00 0.151     721.325       5.654    1940.000       0.000    0.0002    5.037  976.599    6.002  457.936    1.976
  25500.00 0.152     717.436       7.340    1940.000       0.000    0.0002    4.826  749.507    6.130  453.989    1.927
  25560.00 0.151     718.801       8.979    1460.000       0.000    0.0002    4.531  616.963    6.978  449.494    1.593
  25620.00 0.153     717.608       8.804    1740.000       0.000    0.0002    4.297  604.167    6.887  447.017    1.568
  25680.00 0.157     716.894       4.876    1580.000       0.000    0.0002    4.085  688.788    6.431  444.624    1.674
  25740.00 0.157     711.907       5.550    1540.000       0.000    0.0002    3.945  562.174    4.868  441.916    1.439
  25800.00 0.156     716.803      13.386    1540.000       0.000    0.0002    3.991  507.256    4.574  440.954    1.355
  25860.00 0.156     721.534       6.103    1700.000       0.000    0.0002    4.086  417.749    4.785  439.482    1.178
  25920.00 0.154     730.696       8.861    1580.000       0.000    0.0002    4.326  398.198    5.034  437.207    1.319
  25980.00 0.155     725.340       4.297    1500.000       0.000    0.0002    4.715  518.386    6.380  438.539    1.610
  26040.00 0.156     728.375      10.813    1500.000       0.000    0.0002    5.234  647.745    7.523  443.201    1.813
  26100.00 0.150     728.618       6.569    1540.000       0.000    0.0002    5.766  683.627    6.724  447.133    1.811
  26160.00 0.152     732.733      13.473    1460.000       0.000    0.0002    6.202  564.062    6.669  451.206    1.464
  26220.00 0.155     728.562       4.803    1460.000       0.000    0.0002    6.565  724.691    7.445  457.575    1.893
  26280.00 0.157     730.420       3.390    1540.000       0.000    0.0002    6.904  817.169    7.619  462.825    1.894
  26340.00 0.163     743.123       9.940    1660.000       0.000    0.0002    7.180  969.708    8.156  464.832    1.880
  26400.00 0.164     737.377      11.863    1940.000       0.000    0.0002    7.361  919.962    6.603  465.844    2.348
  26460.00 0.161     744.364       8.091    1940.000       0.000    0.0002    7.195  852.910    5.945  467.308    1.991
  26520.00 0.166     751.959       7.010    1940.000       0.000    0.0002    6.824  615.917    6.003  468.576    1.845
  26580.00 0.162     749.003       5.770    1660.000       0.000    0.0002    6.360  490.042    5.435  468.523    1.630
  26640.00 0.163     742.994       4.820    1620.000       0.000    0.0002    5.984  537.037    5.647  468.495    1.648
  26700.00 0.159     747.779       7.749    1540.000       0.000    0.0002    5.819  583.228    6.386  468.423    1.521
  26760.00 0.158     732.963       6.296    1460.000       0.000    0.0002    5.927  715.571    7.185  468.416    1.963
  26820.00 0.155     718.768       6.888    1500.000       0.000    0.0002    6.018  751.552    6.879  470.497    2.095
  26880.00 0.163     708.276      11.154    1540.000       0.000    0.0002    6.093  713.456    6.844  473.111    1.996
  26940.00 0.159     725.911       6.462    1940.000       0.000    0.0002    5.987  659.255    5.997  474.593    1.707
  27000.00 0.167     727.737       7.153    1580.000       0.000    0.0002    5.977  464.622    6.969  476.884    1.669
  27060.00 0.165     738.637       5.541    1620.000       0.000    0.0002    5.972  437.447    6.651  478.443    1.542
  27120.00 0.164     738.869       8.185    1500.000       0.000    0.0002    6.067  483.023    6.296  478.638    1.484
  27180.00 0.164     740.238       8.499    1540.000       0.000    0.0002    6.096  504.685    6.491  476.836    1.639
  27240.00 0.167     740.117       5.343    1580.000       0.000    0.0002    6.066  549.784    6.971  475.280    1.692
  27300.00 0.168     744.696       8.522    1580.000       0.000    0.0002    5.903  633.830    7.064  473.500    1.915
  27360.00 0.169     732.554      13.882    1540.000       0.000    0.0002    5.665  578.254    5.765  470.745    1.540
  27420.00 0.168     744.464       7.101    1580.000       0.000    0.0002    5.382  575.827    6.254  469.035    1.602
  27480.00 0.168     734.585       3.930    1500.000       0.000    0.0002    5.091  491.605    5.721  466.158    1.273
  27540.00 0.166     739.471       5.962    1460.000       0.000    0.0002    4.832  394.114    5.509  461.148    1.276
  27600.00 0.167     739.883       5.526    1540.000       0.000    0.0002    4.659  363.406    5.754  457.624    1.219
  27660.00 0.164     742.440       7.321    1460.000       0.000    0.0002    4.566  401.481    5.094  456.476    1.306
  27720.00 0.165     740.831       6.647    1460.000       0.000    0.0002    4.464  381.092    5.495  455.300    1.298
  27780.00 0.156     738.746       9.812    1500.000       0.000    0.0002    4.395  388.954    5.977  453.746    1.369
  27840.00 0.161     734.493       5.840    1460.000       0.000    0.0002    4.304  536.567    6.620  453.187    1.578
  27900.00 0.161     743.994      10.015    1500.000       0.000    0.0002    4.263  639.030    7.272  453.130    1.629
  27960.00 0.159     742.646       7.138    1460.000       0.000    0.0002    4.225  584.764    7.472  451.921    1.804
  28020.00 0.158     730.850       8.130    1460.000       0.000    0.0002    4.233  538.209    6.606  449.374    1.643
  28080.00 0.162     731.205       9.789    1460.000       0.000    0.0002    4.110  494.624    4.943  446.098    1.558
  28140.00 0.160     729.802       5.069    1500.000       0.000    0.0002    3.926  291.508    5.595  444.514    1.187
  28200.00 0.159     724.380       1.011    1460.000       0.000    0.0002    3.947  377.055    5.839  446.004    1.644
  28260.00 0.161     716.884       8.048    1460.000       0.000    0.0002    4.169  458.857    6.551  448.745    1.537
  28320.00 0.164     715.142       6.140    1380.000       0.000    0.0002    4.605  528.250    6.238  452.570    1.634
  28380.00 0.168     726.337       8.953    1460.000       0.000    0.0002    5.198  540.923    6.888  457.469    1.664
  28440.00 0.170     726.762       9.628    1500.000       0.000    0.0002    5.782  591.929    7.831  462.588    1.865
  28500.00 0.174     740.337       9.341    1620.000       0.000    0.0002    6.145  731.793    8.613  465.695    2.182
  28560.00 0.180     736.157      10.880    1940.000       0.000    0.0002    6.323  828.013    7.319  466.631    1.834
  28620.00 0.177     734.608       6.382    1940.000       0.000    0.0002    6.370  590.195    5.636  467.845    1.669
  28680.00 0.172     733.855       4.097    1580.000       0.000    0.0002    6.351  490.733    5.876  471.587    1.477
  28740.00 0.173     740.566       7.298    1540.000       0.000    0.0002    6.419  355.242    5.631  474.874    1.257
  28800.00 0.172     739.830      11.319    1580.000       0.000    0.0002    6.756  333.506    5.230  476.231    1.185
