#  time      cc     z_cbase    z_ctop_avg  z_ctop_max      zi         we   <<ql>>  <<ql>>_max   w_max   tke     ql_max
     60.00 0.000       0.000       0.000       0.000       0.000    0.0002    0.000    0.000    0.193  616.646    0.000
    120.00 0.000       0.000       0.000       0.000       0.000    0.0002    0.000    0.000    0.279  417.138    0.000
    180.00 0.000       0.000       0.000       0.000       0.000    0.0002    0.000    0.000    0.306  300.194    0.000
    240.00 0.000       0.000       0.000       0.000       0.000    0.0002    0.000    0.000    0.282  225.850    0.000
    300.00 0.000       0.000       0.000       0.000       0.000    0.0002    0.000    0.000    0.268  176.602    0.000
    360.00 0.000       0.000       0.000       0.000       0.000    0.0002    0.000    0.000    0.296  143.414    0.000
    420.00 0.000       0.000       0.000       0.000       0.000    0.0002    0.000    0.000    0.339  121.157    0.000
    480.00 0.000       0.000       0.000       0.000       0.000    0.0002    0.000    0.000    0.350  105.763    0.000
    540.00 0.000       0.000       0.000       0.000       0.000    0.0002    0.000    0.000    0.338   93.933    0.000
    600.00 0.000       0.000       0.000       0.000       0.000    0.0002    0.000    0.000    0.389   84.634    0.000
    660.00 0.000       0.000       0.000       0.000       0.000    0.0002    0.000    0.000    0.411   78.064    0.000
    720.00 0.000       0.000       0.000       0.000       0.000    0.0002    0.000    0.000    0.412   73.763    0.000
    780.00 0.000       0.000       0.000       0.000       0.000    0.0002    0.000    0.000    0.450   70.979    0.000
    840.00 0.000       0.000       0.000       0.000       0.000    0.0002    0.000    0.000    0.537   69.203    0.000
    900.00 0.000       0.000       0.000       0.000       0.000    0.0002    0.000    0.000    0.605   67.983    0.000
    960.00 0.000       0.000       0.000       0.000       0.000    0.0002    0.000    0.000    0.643   67.377    0.000
   1020.00 0.000       0.000       0.000       0.000       0.000    0.0002    0.000    0.000    0.673   67.871    0.000
   1080.00 0.000       0.000       0.000       0.000       0.000    0.0002    0.000    0.000    0.771   69.457    0.000
   1140.00 0.000       0.000       0.000       0.000       0.000    0.0002    0.000    0.000    0.843   71.768    0.000
   1200.00 0.000       0.000       0.000       0.000       0.000    0.0002    0.000    0.000    0.882   74.770    0.000
   1260.00 0.000     540.000       0.000     540.000       0.000    0.0002    0.000    0.148    0.928   78.610    0.003
   1320.00 0.003     553.333       0.000     580.000       0.000    0.0002    0.002    2.169    1.024   83.423    0.049
   1380.00 0.008     562.500       0.000     580.000       0.000    0.0002    0.012    5.252    1.079   89.438    0.118
   1440.00 0.014     563.571       0.000     580.000       0.000    0.0002    0.037   10.631    1.142   96.731    0.130
   1500.00 0.023     562.737       5.684     660.000       0.000    0.0002    0.083   17.618    1.276  105.193    0.202
   1560.00 0.034     564.571       3.857     660.000       0.000    0.0002    0.165   26.511    1.418  114.809    0.287
   1620.00 0.052     564.151       5.660     660.000       0.000    0.0002    0.307   47.078    1.783  125.600    0.447
   1680.00 0.072     565.714       0.000     660.000       0.000    0.0002    0.526   74.976    2.182  137.506    0.527
   1740.00 0.092     568.053      10.933     660.000       0.000    0.0002    0.840  101.578    2.245  150.439    0.599
   1800.00 0.105     569.537       6.898     740.000       0.000    0.0002    1.254  137.465    2.937  164.206    0.810
   1860.00 0.124     569.012       3.755     780.000       0.000    0.0002    1.771  162.533    3.373  178.404    0.835
   1920.00 0.138     570.617       5.679     820.000       0.000    0.0002    2.379  186.385    3.105  192.720    0.860
   1980.00 0.158     571.022       5.820     900.000       0.000    0.0002    3.067  222.419    3.416  206.803    0.890
   2040.00 0.172     574.334       3.683     940.000       0.000    0.0002    3.775  219.870    4.055  220.089    0.955
   2100.00 0.183     576.960       3.253     980.000       0.000    0.0002    4.453  268.232    4.220  232.049    1.043
   2160.00 0.193     581.970       6.995    1020.000       0.000    0.0002    5.049  285.969    4.433  242.406    0.998
   2220.00 0.197     587.079       7.921    1300.000       0.000    0.0002    5.566  330.797    4.447  250.857    1.145
   2280.00 0.206     593.333      11.032    1300.000       0.000    0.0002    5.976  420.632    4.317  257.272    1.113
   2340.00 0.207     596.407       7.352    1340.000       0.000    0.0002    6.294  493.437    4.037  261.774    1.020
   2400.00 0.202     598.454       9.517    1300.000       0.000    0.0002    6.558  524.043    4.767  264.355    1.360
   2460.00 0.196     597.506       5.711    1340.000       0.000    0.0002    6.699  475.112    5.324  264.679    1.384
   2520.00 0.200     604.780      10.634    1420.000       0.000    0.0002    6.746  444.337    4.469  262.592    1.104
   2580.00 0.195     609.912       5.596    1340.000       0.000    0.0002    6.663  423.210    4.129  258.458    1.080
   2640.00 0.193     614.848       4.899    1420.000       0.000    0.0002    6.473  364.451    4.096  253.018    1.118
   2700.00 0.187     620.105       6.144    1380.000       0.000    0.0002    6.280  434.454    4.363  247.268    1.273
   2760.00 0.182     616.075       6.263    1300.000       0.000    0.0002    6.048  493.464    5.457  241.457    1.350
   2820.00 0.172     626.402       0.935    1460.000       0.000    0.0002    5.782  490.894    5.163  235.571    1.199
   2880.00 0.163     627.196       5.007    1500.000       0.000    0.0002    5.502  572.768    4.531  229.680    1.095
   2940.00 0.155     633.291       5.921    1340.000       0.000    0.0002    5.198  603.974    4.666  223.482    1.031
   3000.00 0.141     639.896       4.560    1500.000       0.000    0.0002    4.887  553.699    3.899  217.115    1.029
   3060.00 0.138     648.713       9.101    1460.000       0.000    0.0002    4.519  451.855    4.115  211.243    1.179
   3120.00 0.131     649.591      10.112    1420.000       0.000    0.0002    4.085  449.848    4.370  205.626    1.282
   3180.00 0.128     653.829      12.419    1380.000       0.000    0.0002    3.720  461.549    4.300  200.418    1.132
   3240.00 0.120     652.358       2.520    1460.000       0.000    0.0002    3.447  483.295    4.171  195.605    1.089
   3300.00 0.116     648.379       5.137    1500.000       0.000    0.0002    3.136  469.163    3.685  190.942    1.071
   3360.00 0.114     650.921       5.824    1420.000       0.000    0.0002    2.765  392.901    4.099  186.551    1.178
   3420.00 0.108     659.093      14.150    1300.000       0.000    0.0002    2.331  342.013    4.243  182.656    1.102
   3480.00 0.105     654.722       3.333    1300.000       0.000    0.0002    1.937  306.354    3.528  179.097    0.944
   3540.00 0.101     645.253       9.639    1300.000       0.000    0.0002    1.609  274.833    3.087  175.435    0.841
   3600.00 0.100     649.118       9.902    1420.000       0.000    0.0002    1.349  197.493    2.823  172.066    0.796
   3660.00 0.093     647.192       8.661    1460.000       0.000    0.0002    1.184  124.151    2.314  169.183    0.596
   3720.00 0.093     641.158       9.842    1220.000       0.000    0.0002    1.092  131.231    2.533  166.669    0.628
   3780.00 0.094     636.831       9.766    1140.000       0.000    0.0002    1.070  175.567    2.990  164.975    0.686
   3840.00 0.092     629.149       6.117    1140.000       0.000    0.0002    1.083  221.780    3.192  164.233    0.876
   3900.00 0.091     622.145       6.327    1060.000       0.000    0.0002    1.117  273.591    3.577  164.020    1.068
   3960.00 0.092     621.379       8.541    1300.000       0.000    0.0002    1.194  332.921    3.638  163.986    1.118
   4020.00 0.088     617.889       7.333    1300.000       0.000    0.0002    1.291  382.283    3.354  163.897    1.067
   4080.00 0.088     616.796       6.961    1340.000       0.000    0.0002    1.381  403.536    3.264  163.885    0.990
   4140.00 0.097     620.000       9.673    1420.000       0.000    0.0002    1.433  389.206    3.993  164.299    1.216
   4200.00 0.093     619.683      12.507    1420.000       0.000    0.0002    1.439  349.994    4.515  165.122    1.289
   4260.00 0.096     626.429       6.020    1420.000       0.000    0.0002    1.402  377.955    4.407  166.117    1.133
   4320.00 0.096     622.748       8.499    1300.000       0.000    0.0002    1.336  311.682    3.303  167.200    0.795
   4380.00 0.101     625.024       8.164    1420.000       0.000    0.0002    1.316  206.194    2.660  168.510    0.764
   4440.00 0.095     616.093       6.684    1340.000       0.000    0.0002    1.371  275.410    3.542  170.276    0.978
   4500.00 0.098     618.015       3.077    1300.000       0.000    0.0002    1.467  380.471    4.569  172.422    1.191
   4560.00 0.102     619.327       6.154    1300.000       0.000    0.0002    1.603  466.969    5.030  174.778    1.184
   4620.00 0.105     614.630       6.620    1300.000       0.000    0.0002    1.795  505.837    4.783  177.406    1.360
   4680.00 0.099     613.580       5.383    1340.000       0.000    0.0002    1.990  522.924    5.614  180.205    1.507
   4740.00 0.106     610.023       8.591    1460.000       0.000    0.0002    2.219  546.945    5.482  183.178    1.253
   4800.00 0.107     606.119       4.155    1540.000       0.000    0.0002    2.400  580.106    5.301  186.250    1.326
   4860.00 0.110     605.835       7.617    1300.000       0.000    0.0002    2.569  553.052    4.290  188.985    1.108
   4920.00 0.115     607.373       9.873    1380.000       0.000    0.0002    2.686  412.176    3.586  191.390    1.098
   4980.00 0.119     608.548       6.421    1420.000       0.000    0.0002    2.812  457.662    3.738  193.861    1.121
   5040.00 0.124     607.559       6.614    1380.000       0.000    0.0002    2.998  473.873    4.193  196.259    1.130
   5100.00 0.130     608.743       9.231    1460.000       0.000    0.0002    3.200  463.729    4.556  198.921    1.110
   5160.00 0.132     608.815       9.667    1380.000       0.000    0.0002    3.425  429.702    4.151  201.763    0.944
   5220.00 0.137     609.804       3.316    1460.000       0.000    0.0002    3.594  422.943    3.291  204.034    0.875
   5280.00 0.134     611.005       4.461    1460.000       0.000    0.0002    3.757  384.270    3.327  206.215    0.856
   5340.00 0.140     612.448       6.783    1500.000       0.000    0.0002    4.004  434.221    3.241  208.992    0.869
   5400.00 0.142     609.846       9.503    1300.000       0.000    0.0002    4.285  473.822    3.674  212.138    1.006
   5460.00 0.144     612.487       7.276    1300.000       0.000    0.0002    4.580  462.333    4.464  215.288    1.249
   5520.00 0.146     615.933       6.000    1340.000       0.000    0.0002    4.853  418.603    5.273  218.268    1.355
   5580.00 0.148     621.382       5.757    1380.000       0.000    0.0002    5.080  462.397    5.002  220.490    1.094
   5640.00 0.150     623.713       7.199    1380.000       0.000    0.0002    5.249  520.697    4.453  221.957    1.096
   5700.00 0.154     629.778      10.159    1420.000       0.000    0.0002    5.287  554.725    5.030  223.495    1.372
   5760.00 0.151     628.882       5.381    1380.000       0.000    0.0002    5.239  533.233    5.490  225.453    1.489
   5820.00 0.147     630.216       5.572    1340.000       0.000    0.0002    5.200  551.788    5.578  227.869    1.287
   5880.00 0.146     629.816       4.207    1380.000       0.000    0.0002    5.237  637.978    5.309  230.781    1.444
   5940.00 0.149     628.511       7.300    1380.000       0.000    0.0002    5.281  683.669    6.062  232.624    1.613
   6000.00 0.157     631.963       5.016    1380.000       0.000    0.0002    5.255  763.977    5.921  232.651    1.480
   6060.00 0.154     634.054      10.048    1420.000       0.000    0.0002    5.158  784.019    5.537  231.922    1.388
   6120.00 0.151     636.893       8.673    1420.000       0.000    0.0002    4.914  629.034    4.431  231.910    1.238
   6180.00 0.148     638.711       6.413    1500.000       0.000    0.0002    4.649  477.194    3.604  232.584    1.311
   6240.00 0.153     640.544       1.856    1540.000       0.000    0.0002    4.397  340.079    3.678  232.611    1.259
   6300.00 0.152     642.958      10.193    1540.000       0.000    0.0002    4.269  370.248    4.305  232.195    1.178
   6360.00 0.145     644.739      12.639    1460.000       0.000    0.0002    4.311  382.134    4.272  231.813    1.048
   6420.00 0.145     637.740       6.206    1380.000       0.000    0.0002    4.434  390.957    4.296  231.252    1.068
   6480.00 0.143     636.889       6.393    1340.000       0.000    0.0002    4.632  422.104    5.006  231.555    1.196
   6540.00 0.144     626.667       5.136    1300.000       0.000    0.0002    4.874  473.484    5.676  233.198    1.373
   6600.00 0.144     629.711       9.066    1340.000       0.000    0.0002    5.039  531.523    4.538  234.788    1.143
   6660.00 0.143     635.385       3.385    1460.000       0.000    0.0002    5.175  606.718    4.961  236.792    1.328
   6720.00 0.142     637.762      14.905    1500.000       0.000    0.0002    5.314  631.845    4.740  239.600    1.159
   6780.00 0.140     640.454       7.120    1460.000       0.000    0.0002    5.474  651.804    4.763  242.059    1.293
   6840.00 0.142     650.738       2.264    1540.000       0.000    0.0002    5.633  634.015    5.357  244.433    1.469
   6900.00 0.141     656.263      12.837    1460.000       0.000    0.0002    5.713  715.317    6.204  245.966    1.457
   6960.00 0.142     658.483      10.000    1540.000       0.000    0.0002    5.678  777.162    5.113  247.543    1.418
   7020.00 0.135     652.635       3.430    1460.000       0.000    0.0002    5.689  593.923    4.711  250.247    1.505
   7080.00 0.136     650.288      11.619    1500.000       0.000    0.0002    5.701  577.098    5.098  254.049    1.476
   7140.00 0.138     653.699       7.009    1500.000       0.000    0.0002    5.680  639.314    5.843  256.874    1.664
   7200.00 0.138     653.086       9.277    1540.000       0.000    0.0002    5.716  665.710    5.134  257.668    1.589
   7260.00 0.134     648.665       1.426    1540.000       0.000    0.0002    5.694  650.134    5.510  258.262    1.535
   7320.00 0.135     648.696       9.348    1420.000       0.000    0.0002    5.609  694.740    5.455  259.315    1.495
   7380.00 0.136     653.548       9.462    1460.000       0.000    0.0002    5.521  556.159    5.180  259.333    1.560
   7440.00 0.136     653.417      12.451    1460.000       0.000    0.0002    5.504  505.615    4.491  259.077    1.406
   7500.00 0.133     652.000       7.706    1460.000       0.000    0.0002    5.492  539.823    5.853  259.142    1.508
   7560.00 0.138     651.150      16.779    1580.000       0.000    0.0002    5.399  556.332    6.141  258.748    1.464
   7620.00 0.141     655.833      12.188    1460.000       0.000    0.0002    5.340  637.171    4.394  258.466    1.356
   7680.00 0.136     658.853       6.272    1420.000       0.000    0.0002    5.382  740.665    4.895  260.199    1.455
   7740.00 0.132     645.306       8.423    1460.000       0.000    0.0002    5.474  835.504    5.648  263.218    1.558
   7800.00 0.139     647.206       8.717    1460.000       0.000    0.0002    5.596  881.572    6.068  264.945    1.905
   7860.00 0.138     645.532       9.326    1500.000       0.000    0.0002    5.629  759.754    5.124  265.042    1.251
   7920.00 0.137     646.785       3.801    1500.000       0.000    0.0002    5.586  651.683    4.963  264.924    1.469
   7980.00 0.140     654.017      13.252    1500.000       0.000    0.0002    5.469  563.557    4.147  265.166    1.266
   8040.00 0.146     654.430      11.544    1540.000       0.000    0.0002    5.288  421.041    5.077  265.630    1.158
   8100.00 0.141     648.958      11.111    1420.000       0.000    0.0002    5.218  425.154    5.549  267.098    1.105
   8160.00 0.144     653.831       6.780    1380.000       0.000    0.0002    5.271  494.054    5.062  268.374    1.201
   8220.00 0.144     644.856       7.980    1380.000       0.000    0.0002    5.499  561.766    5.330  269.235    1.474
   8280.00 0.148     646.513      13.980    1380.000       0.000    0.0002    5.801  544.885    5.610  271.076    1.421
   8340.00 0.143     649.438       3.032    1460.000       0.000    0.0002    6.102  512.155    4.963  273.660    1.276
   8400.00 0.145     656.290       7.521    1420.000       0.000    0.0002    6.200  521.372    5.023  275.142    1.272
   8460.00 0.148     666.337       9.208    1340.000       0.000    0.0002    6.124  508.326    5.090  276.442    1.216
   8520.00 0.146     664.467       3.100    1340.000       0.000    0.0002    5.859  480.212    4.506  277.192    1.198
   8580.00 0.142     652.207       8.655    1420.000       0.000    0.0002    5.545  436.328    4.253  276.311    1.030
   8640.00 0.144     658.240      10.017    1420.000       0.000    0.0002    5.299  396.899    4.422  275.639    1.320
   8700.00 0.142     656.014       7.595    1460.000       0.000    0.0002    5.154  402.364    4.931  275.745    1.434
   8760.00 0.143     650.528      11.278    1500.000       0.000    0.0002    5.088  481.735    5.198  275.450    1.322
   8820.00 0.140     650.244       6.272    1460.000       0.000    0.0002    5.116  504.248    5.549  275.761    1.131
   8880.00 0.141     650.259       4.421    1420.000       0.000    0.0002    5.240  536.256    5.709  278.383    1.267
   8940.00 0.135     641.812       7.899    1380.000       0.000    0.0002    5.539  566.844    5.316  282.420    1.300
   9000.00 0.138     646.032       3.139    1460.000       0.000    0.0002    5.961  564.829    5.751  286.338    1.530
   9060.00 0.140     654.216      10.976    1380.000       0.000    0.0002    6.380  676.042    6.086  290.100    1.598
   9120.00 0.140     658.817       9.148    1460.000       0.000    0.0002    6.723  729.080    5.871  293.326    1.436
   9180.00 0.144     658.027       7.653    1460.000       0.000    0.0002    6.977  731.389    7.098  297.159    1.757
   9240.00 0.140     654.146       6.446    1500.000       0.000    0.0002    7.036  808.205    6.078  300.806    1.486
   9300.00 0.142     655.403       7.925    1460.000       0.000    0.0002    7.070  893.247    6.127  302.748    1.474
   9360.00 0.137     646.809       3.672    1500.000       0.000    0.0002    7.052  973.000    7.138  302.058    1.853
   9420.00 0.139     654.046       4.203    1540.000       0.000    0.0002    6.946  925.003    5.456  300.002    1.682
   9480.00 0.139     661.051       7.671    1540.000       0.000    0.0002    6.783  706.909    4.844  300.208    1.238
   9540.00 0.143     667.632       8.348    1500.000       0.000    0.0002    6.765  589.684    5.264  302.941    1.233
   9600.00 0.139     660.914       6.714    1420.000       0.000    0.0002    6.887  668.440    5.050  304.790    1.203
   9660.00 0.139     655.930       7.825    1380.000       0.000    0.0002    7.185  663.857    4.988  305.741    1.256
   9720.00 0.139     650.915      10.563    1420.000       0.000    0.0002    7.573  737.363    5.475  307.728    1.549
   9780.00 0.142     666.127       5.164    1460.000       0.000    0.0002    7.862  721.004    6.531  310.496    1.563
   9840.00 0.139     662.662       7.671    1460.000       0.000    0.0002    7.928  683.321    6.370  312.655    1.737
   9900.00 0.141     667.682      12.215    1500.000       0.000    0.0002    7.822  791.505    6.517  314.035    1.647
   9960.00 0.142     677.320      11.134    1540.000       0.000    0.0002    7.639  946.450    6.905  317.172    1.763
  10020.00 0.146     688.409       9.045    1500.000       0.000    0.0002    7.455 1026.538    7.922  321.937    2.195
  10080.00 0.141     679.136      10.708    1460.000       0.000    0.0002    7.325 1078.740    6.805  322.374    2.093
  10140.00 0.134     678.982       4.800    1460.000       0.000    0.0002    7.029 1143.409    6.537  318.938    1.852
  10200.00 0.138     686.053       5.522    1940.000       0.000    0.0002    6.448 1085.199    6.301  317.094    2.088
  10260.00 0.138     673.616       7.619    1540.000       0.000    0.0002    5.563  858.275    6.203  315.799    1.689
  10320.00 0.131     671.078       8.550    1500.000       0.000    0.0002    4.726  724.119    4.968  312.719    1.352
  10380.00 0.138     664.814       3.221    1540.000       0.000    0.0002    4.145  693.532    5.429  308.003    1.288
  10440.00 0.134     663.424       8.233    1420.000       0.000    0.0002    3.710  595.425    5.509  301.236    1.325
  10500.00 0.134     667.226       7.774    1460.000       0.000    0.0002    3.349  626.426    4.885  296.514    1.336
  10560.00 0.132     659.777       4.972    1580.000       0.000    0.0002    3.103  506.075    4.452  294.534    1.394
  10620.00 0.132     649.091       3.748    1460.000       0.000    0.0002    2.937  447.068    4.380  291.444    1.358
  10680.00 0.141     647.292       3.785    1500.000       0.000    0.0002    2.902  421.628    4.116  288.034    1.108
  10740.00 0.140     647.456       4.460    1500.000       0.000    0.0002    3.023  424.502    3.932  288.449    1.162
  10800.00 0.137     639.538       4.547    1420.000       0.000    0.0002    3.251  345.128    4.056  290.529    0.895
  10860.00 0.143     635.863      11.179    1540.000       0.000    0.0002    3.620  286.815    4.570  290.829    0.983
  10920.00 0.139     637.333       8.140    1380.000       0.000    0.0002    4.124  333.243    4.321  292.374    1.171
  10980.00 0.143     641.911       4.710    1380.000       0.000    0.0002    4.751  380.745    5.181  297.587    1.266
  11040.00 0.145     631.987       6.667    1380.000       0.000    0.0002    5.439  500.563    5.599  303.927    1.250
  11100.00 0.143     639.489      14.276    1340.000       0.000    0.0002    6.107  642.064    5.969  310.107    1.617
  11160.00 0.143     644.710       8.976    1460.000       0.000    0.0002    6.765  831.564    6.562  317.176    1.705
  11220.00 0.149     652.537      14.239    1340.000       0.000    0.0002    7.328  970.018    6.865  324.321    1.851
  11280.00 0.153     652.268      10.479    1420.000       0.000    0.0002    7.609  996.064    6.703  329.091    1.933
  11340.00 0.159     655.631       4.000    1420.000       0.000    0.0002    7.464  966.651    7.061  331.260    2.314
  11400.00 0.158     663.951       9.722    1500.000       0.000    0.0002    6.943 1025.418    5.924  332.095    1.886
  11460.00 0.147     662.591       4.352    1620.000       0.000    0.0002    6.174  934.500    5.497  331.701    1.751
  11520.00 0.147     661.997      13.278    1580.000       0.000    0.0002    5.318  768.105    5.275  328.953    1.258
  11580.00 0.146     666.555       9.498    1460.000       0.000    0.0002    4.656  558.739    4.870  323.695    1.315
  11640.00 0.149     668.656       5.016    1540.000       0.000    0.0002    4.301  674.182    5.571  318.259    1.423
  11700.00 0.146     654.094       8.691    1380.000       0.000    0.0002    4.108  771.049    5.435  314.193    1.394
  11760.00 0.151     663.042       7.346    1460.000       0.000    0.0002    3.992  809.500    5.757  311.481    1.458
  11820.00 0.150     654.081      10.407    1380.000       0.000    0.0002    3.922  755.224    6.257  309.232    1.487
  11880.00 0.150     655.765       6.156    1380.000       0.000    0.0002    3.901  658.363    5.596  308.068    1.487
  11940.00 0.150     664.091       7.565    1500.000       0.000    0.0002    3.903  564.088    4.064  307.080    1.086
  12000.00 0.150     665.065       8.571    1460.000       0.000    0.0002    3.942  432.555    4.369  306.109    1.037
  12060.00 0.149     671.046      11.373    1420.000       0.000    0.0002    3.977  316.583    3.805  305.626    0.950
  12120.00 0.148     673.947       9.046    1540.000       0.000    0.0002    4.074  328.758    4.848  306.174    1.065
  12180.00 0.150     671.876       6.558    1420.000       0.000    0.0002    4.180  358.262    5.181  307.630    1.238
  12240.00 0.145     656.437       5.378    1380.000       0.000    0.0002    4.363  417.732    5.061  309.289    1.196
  12300.00 0.138     654.113      12.695    1380.000       0.000    0.0002    4.651  466.794    5.357  310.674    1.299
  12360.00 0.141     662.917       7.500    1380.000       0.000    0.0002    5.012  631.189    5.866  312.331    1.431
  12420.00 0.143     674.632       8.547    1500.000       0.000    0.0002    5.306  733.073    6.045  315.015    1.320
  12480.00 0.144     678.912      10.680    1500.000       0.000    0.0002    5.581  735.554    6.237  318.290    1.612
  12540.00 0.146     678.523       7.383    1460.000       0.000    0.0002    5.835  772.069    5.845  322.028    1.322
  12600.00 0.148     685.461       7.039    1500.000       0.000    0.0002    6.119  783.771    5.288  325.268    1.233
  12660.00 0.148     673.114       7.249    1420.000       0.000    0.0002    6.256  704.026    4.991  326.776    1.256
  12720.00 0.146     674.448       5.017    1500.000       0.000    0.0002    6.123  535.275    5.276  327.082    1.263
  12780.00 0.153     686.326       3.834    1500.000       0.000    0.0002    5.853  410.071    5.333  327.036    1.116
  12840.00 0.146     681.208       5.537    1500.000       0.000    0.0002    5.632  476.060    4.874  326.210    1.126
  12900.00 0.151     674.281      11.470    1500.000       0.000    0.0002    5.470  499.160    5.053  324.765    1.207
  12960.00 0.151     669.305       5.590    1500.000       0.000    0.0002    5.374  447.819    5.075  323.937    1.231
  13020.00 0.148     662.314       3.967    1460.000       0.000    0.0002    5.377  530.851    5.731  324.007    1.425
  13080.00 0.147     660.993       5.464    1460.000       0.000    0.0002    5.425  635.201    6.003  324.081    1.598
  13140.00 0.142     663.511       7.642    1420.000       0.000    0.0002    5.484  765.739    6.823  324.106    1.790
  13200.00 0.143     669.608       5.451    1460.000       0.000    0.0002    5.418  822.801    5.278  322.701    1.517
  13260.00 0.144     667.755       7.653    1500.000       0.000    0.0002    5.193  728.662    4.798  319.864    1.609
  13320.00 0.143     674.521       5.651    1540.000       0.000    0.0002    4.815  650.928    4.375  318.750    1.438
  13380.00 0.142     677.732       8.832    1500.000       0.000    0.0002    4.423  457.504    4.595  319.246    1.189
  13440.00 0.139     673.919       7.100    1540.000       0.000    0.0002    4.193  381.253    4.296  318.813    1.103
  13500.00 0.138     673.050       8.830    1460.000       0.000    0.0002    4.168  407.301    4.910  317.601    1.155
  13560.00 0.134     666.874       2.413    1420.000       0.000    0.0002    4.301  411.630    5.521  317.277    1.310
  13620.00 0.141     674.931       6.979    1500.000       0.000    0.0002    4.547  449.454    5.680  318.191    1.162
  13680.00 0.134     673.600       7.927    1460.000       0.000    0.0002    4.819  530.420    5.723  319.164    1.247
  13740.00 0.135     670.975       6.029    1380.000       0.000    0.0002    4.981  610.791    5.434  320.326    1.219
  13800.00 0.135     675.279       3.748    1420.000       0.000    0.0002    5.016  617.184    5.442  322.142    1.292
  13860.00 0.139     675.915       4.930    1500.000       0.000    0.0002    4.821  535.968    5.338  322.743    1.279
  13920.00 0.140     680.663      11.937    1460.000       0.000    0.0002    4.449  589.826    4.994  322.300    1.267
  13980.00 0.144     678.847       9.390    1460.000       0.000    0.0002    4.073  559.841    4.947  321.431    1.012
  14040.00 0.140     669.284       7.714    1460.000       0.000    0.0002    3.768  502.261    4.733  321.366    1.133
  14100.00 0.141     667.737       6.356    1300.000       0.000    0.0002    3.651  486.184    5.271  321.099    1.173
  14160.00 0.142     672.000      13.759    1420.000       0.000    0.0002    3.701  413.191    4.875  320.038    1.147
  14220.00 0.140     661.536       9.215    1460.000       0.000    0.0002    3.877  349.792    4.668  319.884    1.181
  14280.00 0.139     664.974       9.282    1380.000       0.000    0.0002    4.021  312.120    4.683  321.173    1.131
  14340.00 0.142     672.350       7.513    1460.000       0.000    0.0002    4.173  338.949    4.584  323.458    1.216
  14400.00 0.148     675.197       6.349    1460.000       0.000    0.0002    4.433  365.856    5.837  326.763    1.353
  14460.00 0.146     675.585       6.522    1380.000       0.000    0.0002    4.796  435.179    5.960  331.063    1.237
  14520.00 0.145     676.566       3.199    1300.000       0.000    0.0002    5.294  477.401    5.009  335.930    1.316
  14580.00 0.150     677.357      11.452    1420.000       0.000    0.0002    5.904  506.282    5.753  341.396    1.354
  14640.00 0.158     687.057       4.653    1460.000       0.000    0.0002    6.566  585.602    5.916  347.947    1.453
  14700.00 0.151     691.341       5.848    1420.000       0.000    0.0002    7.140  763.286    6.803  355.677    1.886
  14760.00 0.157     691.402       5.950    1580.000       0.000    0.0002    7.653  894.447    8.398  363.507    2.125
  14820.00 0.157     693.593       4.759    1940.000       0.000    0.0002    7.930  969.116    6.827  369.467    1.729
  14880.00 0.160     687.439       3.811    1460.000       0.000    0.0002    7.982  989.922    7.461  374.606    1.888
  14940.00 0.166     679.292       9.263    1940.000       0.000    0.0002    7.792  897.628    7.510  380.168    2.194
  15000.00 0.165     678.963       2.993    1460.000       0.000    0.0002    7.528  776.493    7.195  382.402    1.810
  15060.00 0.167     674.423       6.540    1580.000       0.000    0.0002    7.371  667.561    7.256  381.929    1.514
  15120.00 0.161     670.379       8.589    1500.000       0.000    0.0002    7.469  810.396    7.156  383.668    1.574
  15180.00 0.168     668.488       7.616    1580.000       0.000    0.0002    7.817  797.199    7.499  386.915    1.822
  15240.00 0.170     682.037       0.947    1620.000       0.000    0.0002    8.204  648.951    6.232  390.210    1.369
  15300.00 0.177     679.669       6.906    1540.000       0.000    0.0002    8.669  576.460    6.467  396.139    1.536
  15360.00 0.176     686.704      11.247    1540.000       0.000    0.0002    9.171  617.675    6.096  401.846    1.599
  15420.00 0.178     699.890       6.749    1540.000       0.000    0.0002    9.617  700.072    6.288  407.334    1.555
  15480.00 0.182     707.507       3.861    1500.000       0.000    0.0002   10.113  784.663    6.600  416.415    1.609
  15540.00 0.185     705.079       5.397    1460.000       0.000    0.0002   10.569  890.202    7.218  425.810    1.858
  15600.00 0.183     704.427       4.320    1500.000       0.000    0.0002   10.987 1092.094    7.920  432.862    2.195
  15660.00 0.182     711.221       9.101    1940.000       0.000    0.0002   11.146  957.318    7.365  437.039    2.233
  15720.00 0.176     712.871       9.154    1940.000       0.000    0.0002   11.005  899.760    7.778  443.763    1.984
  15780.00 0.175     720.809       7.531    1940.000       0.000    0.0002   10.708 1097.108    8.689  453.015    1.840
  15840.00 0.175     716.960       8.563    1940.000       0.000    0.0002   10.577 1345.455    8.974  461.396    2.379
  15900.00 0.173     702.429       7.571    1940.000       0.000    0.0002   10.695 1284.516    9.511  463.524    2.089
  15960.00 0.164     695.224       6.358    1940.000       0.000    0.0002   10.847 1429.005    9.904  462.557    2.151
  16020.00 0.161     688.321       6.989    1940.000       0.000    0.0002   10.769 1559.978    8.706  466.994    2.283
  16080.00 0.164     692.060       9.701    1940.000       0.000    0.0002   10.309 1467.828    7.451  468.842    2.152
  16140.00 0.163     693.124      10.164    1940.000       0.000    0.0002    9.797 1204.532    6.024  467.249    1.881
  16200.00 0.161     697.579       6.536    1940.000       0.000    0.0002    9.490  799.859    8.062  470.911    1.729
  16260.00 0.170     699.885       4.374    1620.000       0.000    0.0002    9.572  948.243    8.175  476.112    1.921
  16320.00 0.162     700.783      12.259    1580.000       0.000    0.0002    9.819 1163.962    7.584  475.022    2.045
  16380.00 0.158     706.811       4.427    1940.000       0.000    0.0002   10.179 1174.359    7.513  468.295    2.355
  16440.00 0.157     715.070      10.047    1940.000       0.000    0.0002   10.436  978.820    6.468  461.684    2.357
  16500.00 0.159     733.874       8.515    1940.000       0.000    0.0002   10.543  830.303    8.039  466.352    2.154
  16560.00 0.155     733.880       9.968    1540.000       0.000    0.0002   10.573  866.217    7.602  478.853    1.669
  16620.00 0.151     740.000       8.336    1540.000       0.000    0.0002   10.642  985.191    8.622  483.018    1.991
  16680.00 0.146     736.388      11.639    1580.000       0.000    0.0002   10.635 1107.382    7.413  479.069    1.631
  16740.00 0.148     733.081       8.336    1620.000       0.000    0.0002   10.272  882.528    6.430  476.180    1.794
  16800.00 0.140     733.497       7.273    1580.000       0.000    0.0002    9.696  749.184    6.804  475.039    1.545
  16860.00 0.134     730.511       6.606    1540.000       0.000    0.0002    9.147  815.049    8.113  472.864    1.726
  16920.00 0.132     714.539       6.568    1540.000       0.000    0.0002    8.956  928.931    8.388  469.641    2.015
  16980.00 0.135     713.816       5.280    1620.000       0.000    0.0002    8.998 1114.142    9.608  466.008    2.365
  17040.00 0.136     715.899      10.755    1540.000       0.000    0.0002    8.988 1198.926    7.842  460.995    2.203
  17100.00 0.136     707.599       9.928    1940.000       0.000    0.0002    8.822  964.168    7.594  460.366    2.060
  17160.00 0.141     710.329      14.454    1940.000       0.000    0.0002    8.534  957.281    8.254  463.918    1.817
  17220.00 0.142     723.448      10.103    1580.000       0.000    0.0002    7.982  921.869    7.414  461.696    1.792
  17280.00 0.140     729.231       8.497    1580.000       0.000    0.0002    7.293  620.895    5.832  453.085    1.466
  17340.00 0.141     733.782       5.665    1620.000       0.000    0.0002    6.664  619.963    6.322  445.057    1.334
  17400.00 0.144     729.763       5.254    1500.000       0.000    0.0002    6.003  665.707    6.294  437.848    1.637
  17460.00 0.147     726.777       5.515    1700.000       0.000    0.0002    5.338  610.984    5.248  428.029    1.556
  17520.00 0.147     720.332       4.385    1620.000       0.000    0.0002    4.786  600.246    4.815  419.798    1.268
  17580.00 0.143     712.901       6.485    1540.000       0.000    0.0002    4.372  527.932    5.833  417.089    1.370
  17640.00 0.139     727.860      11.158    1540.000       0.000    0.0002    4.102  505.398    5.793  414.225    1.399
  17700.00 0.140     727.317       9.477    1580.000       0.000    0.0002    3.943  557.340    6.130  408.456    1.384
  17760.00 0.141     733.782      11.330    1540.000       0.000    0.0002    3.878  541.203    5.666  403.903    1.399
  17820.00 0.139     723.380       9.190    1580.000       0.000    0.0002    3.866  465.236    5.350  402.002    1.236
  17880.00 0.135     711.532       8.829    1460.000       0.000    0.0002    3.965  383.859    5.637  399.933    1.245
  17940.00 0.133     700.952       9.121    1460.000       0.000    0.0002    4.206  479.067    6.237  399.224    1.295
  18000.00 0.129     689.470       9.432    1420.000       0.000    0.0002    4.546  516.445    5.972  401.744    1.318
  18060.00 0.123     689.960       2.470    1540.000       0.000    0.0002    5.035  571.535    5.447  405.258    1.418
  18120.00 0.130     697.363       6.780    1460.000       0.000    0.0002    5.593  555.293    5.219  407.195    1.355
  18180.00 0.126     704.194       9.010    1500.000       0.000    0.0002    5.964  563.896    5.508  408.184    1.539
  18240.00 0.132     692.370       4.667    1420.000       0.000    0.0002    6.077  589.976    5.933  410.679    1.597
  18300.00 0.137     707.415      12.620    1620.000       0.000    0.0002    5.981  604.430    6.000  412.635    1.540
  18360.00 0.135     712.681      13.659    1540.000       0.000    0.0002    5.607  559.060    7.040  412.635    1.453
  18420.00 0.134     722.473      12.945    1500.000       0.000    0.0002    5.168  592.470    6.649  410.172    1.840
  18480.00 0.131     722.346      10.428    1460.000       0.000    0.0002    4.649  558.187    5.887  405.737    1.529
  18540.00 0.127     703.615      10.731    1500.000       0.000    0.0002    4.185  443.800    6.231  402.045    1.423
  18600.00 0.129     706.578      20.151    1540.000       0.000    0.0002    3.808  441.757    5.441  400.587    1.362
  18660.00 0.130     703.308       4.323    1500.000       0.000    0.0002    3.458  420.504    5.132  397.870    1.154
  18720.00 0.127     695.923       5.038    1500.000       0.000    0.0002    3.137  370.455    5.004  394.769    1.318
  18780.00 0.126     695.271       8.566    1500.000       0.000    0.0002    2.913  377.836    4.373  391.509    1.152
  18840.00 0.123     691.762       4.079    1500.000       0.000    0.0002    2.780  340.887    4.427  387.646    1.064
  18900.00 0.122     688.697       3.727    1460.000       0.000    0.0002    2.755  240.519    4.423  385.724    0.925
  18960.00 0.120     681.426      11.039    1500.000       0.000    0.0002    2.840  292.645    3.900  385.061    0.932
  19020.00 0.118     689.752       5.289    1460.000       0.000    0.0002    3.015  348.595    4.672  384.191    1.041
  19080.00 0.125     684.141       1.289    1500.000       0.000    0.0002    3.192  359.358    5.227  384.755    1.088
  19140.00 0.124     692.742       2.604    1420.000       0.000    0.0002    3.512  331.214    5.674  387.251    1.199
  19200.00 0.123     694.980       6.335    1460.000       0.000    0.0002    3.920  402.023    5.502  389.715    1.257
  19260.00 0.131     695.215       3.850    1540.000       0.000    0.0002    4.446  500.330    6.753  392.343    1.689
  19320.00 0.126     690.155      10.543    1420.000       0.000    0.0002    5.030  631.728    6.624  396.307    1.976
  19380.00 0.130     699.023       6.128    1540.000       0.000    0.0002    5.595  639.005    5.947  400.366    1.480
  19440.00 0.138     704.515      11.675    1460.000       0.000    0.0002    5.990  583.577    6.949  403.399    1.635
  19500.00 0.141     713.010      11.488    1620.000       0.000    0.0002    6.148  586.279    6.198  406.294    1.472
  19560.00 0.138     721.837       2.191    1580.000       0.000    0.0002    6.117  617.832    6.345  409.780    1.454
  19620.00 0.138     718.587       6.007    1660.000       0.000    0.0002    6.085  711.462    6.357  412.596    1.565
  19680.00 0.138     722.504      17.884    1500.000       0.000    0.0002    6.031  737.507    6.566  413.008    1.480
  19740.00 0.141     723.806       6.713    1540.000       0.000    0.0002    5.945  655.969    6.830  412.189    1.698
  19800.00 0.135     719.783       9.275    1580.000       0.000    0.0002    5.617  606.115    6.380  409.649    1.602
  19860.00 0.138     728.794       4.823    1580.000       0.000    0.0002    5.149  556.109    5.600  405.376    1.465
  19920.00 0.136     723.124       9.443    1540.000       0.000    0.0002    4.583  477.649    4.785  401.944    1.213
  19980.00 0.131     726.220       4.544    1580.000       0.000    0.0002    4.223  431.605    5.205  400.990    1.152
  20040.00 0.132     712.319       3.525    1540.000       0.000    0.0002    4.125  444.592    6.367  399.925    1.289
  20100.00 0.126     700.000       5.476    1500.000       0.000    0.0002    4.314  598.623    7.719  400.142    1.419
  20160.00 0.128     697.481      11.412    1420.000       0.000    0.0002    4.660  665.807    8.451  403.140    1.717
  20220.00 0.127     701.846       8.808    1420.000       0.000    0.0002    5.081  775.049    7.668  406.635    1.584
  20280.00 0.131     704.171       3.613    1460.000       0.000    0.0002    5.414  873.860    8.313  408.536    2.000
  20340.00 0.134     703.285       7.007    1940.000       0.000    0.0002    5.595  792.650    7.166  410.099    1.888
  20400.00 0.135     714.493       6.196    1940.000       0.000    0.0002    5.569  603.994    7.917  414.927    1.668
  20460.00 0.135     710.580       6.413    1460.000       0.000    0.0002    5.432  725.984    7.548  419.518    1.961
  20520.00 0.134     704.945       5.636    1580.000       0.000    0.0002    5.212  754.146    6.739  416.920    2.025
  20580.00 0.132     696.377       9.723    1580.000       0.000    0.0002    5.022  561.017    5.042  412.752    1.523
  20640.00 0.129     702.273       3.750    1580.000       0.000    0.0002    4.895  385.794    5.144  412.359    1.437
  20700.00 0.145     699.324       3.750    1700.000       0.000    0.0002    4.779  337.563    5.118  413.629    1.171
  20760.00 0.141     698.685       8.512    1620.000       0.000    0.0002    4.785  382.544    5.120  411.958    1.189
  20820.00 0.144     699.120       8.731    1380.000       0.000    0.0002    4.974  391.180    5.264  409.897    1.230
  20880.00 0.151     692.065      13.258    1420.000       0.000    0.0002    5.259  400.714    5.263  411.733    1.475
  20940.00 0.146     707.600       7.500    1460.000       0.000    0.0002    5.607  446.685    6.779  416.121    1.614
  21000.00 0.149     708.576       6.907    1500.000       0.000    0.0002    5.897  500.707    6.823  419.224    1.606
  21060.00 0.153     702.492       7.796    1500.000       0.000    0.0002    6.126  604.888    7.419  422.710    1.924
  21120.00 0.154     707.568       9.603    1500.000       0.000    0.0002    6.292  676.415    7.611  428.867    1.927
  21180.00 0.151     699.742       8.142    1540.000       0.000    0.0002    6.392  801.852    8.193  433.474    2.057
  21240.00 0.154     688.317       8.444    1460.000       0.000    0.0002    6.338  809.676    7.025  432.818    2.015
  21300.00 0.159     687.669       6.626    1940.000       0.000    0.0002    6.271  624.194    7.173  432.696    1.723
  21360.00 0.159     685.438       4.608    1540.000       0.000    0.0002    6.289  730.925    6.892  435.799    1.664
  21420.00 0.157     687.453       7.950    1580.000       0.000    0.0002    6.328  718.748    5.282  437.418    1.619
  21480.00 0.159     693.323       7.626    1580.000       0.000    0.0002    6.377  646.935    5.710  435.449    1.636
  21540.00 0.162     699.699       8.391    1660.000       0.000    0.0002    6.535  767.541    6.083  435.722    1.477
  21600.00 0.167     703.167       6.921    1540.000       0.000    0.0002    6.759  683.945    6.024  438.365    1.532
  21660.00 0.164     702.615      10.253    1500.000       0.000    0.0002    6.906  634.707    5.642  441.426    1.537
  21720.00 0.169     711.734      15.867    1500.000       0.000    0.0002    7.107  570.373    5.568  444.466    1.580
  21780.00 0.172     721.504      11.574    1580.000       0.000    0.0002    7.312  556.643    5.523  447.927    1.613
  21840.00 0.171     729.757      14.077    1540.000       0.000    0.0002    7.532  597.875    6.335  451.430    1.460
  21900.00 0.173     727.893       5.262    1620.000       0.000    0.0002    7.709  606.551    6.632  454.212    1.675
  21960.00 0.170     734.425       5.776    1620.000       0.000    0.0002    7.838  805.728    6.474  455.004    1.591
  22020.00 0.169     723.228      11.527    1660.000       0.000    0.0002    8.050  866.516    6.277  456.056    1.526
  22080.00 0.173     722.994       7.260    1620.000       0.000    0.0002    8.181  825.590    7.160  461.464    1.771
  22140.00 0.168     715.546       9.607    1580.000       0.000    0.0002    8.349  820.934    7.980  467.934    2.064
  22200.00 0.167     716.433       6.550    1500.000       0.000    0.0002    8.677  844.933    7.648  473.031    1.922
  22260.00 0.160     718.537      12.622    1580.000       0.000    0.0002    9.165  925.367    6.822  476.823    2.049
  22320.00 0.161     731.710       6.354    1940.000       0.000    0.0002    9.475  970.482    7.855  480.655    2.369
  22380.00 0.160     733.282       9.405    1940.000       0.000    0.0002    9.660  771.970    7.306  486.645    2.377
  22440.00 0.163     743.169      11.091    1940.000       0.000    0.0002    9.602  733.501    7.281  491.998    1.605
  22500.00 0.158     745.440       7.512    1540.000       0.000    0.0002    9.602  823.984    6.454  497.427    1.844
  22560.00 0.152     750.273       6.806    1940.000       0.000    0.0002    9.767  761.123    6.746  500.130    1.861
  22620.00 0.150     757.301      12.325    1940.000       0.000    0.0002    9.675  768.643    7.180  498.006    1.781
  22680.00 0.150     758.597      24.829    1580.000       0.000    0.0002    9.178  802.866    8.146  496.868    1.810
  22740.00 0.153     764.434       7.432    1620.000       0.000    0.0002    8.516  797.805    6.960  497.223    2.023
  22800.00 0.155     758.262      12.954    1940.000       0.000    0.0002    7.822  670.052    6.689  494.117    1.593
  22860.00 0.149     749.852       7.389    1620.000       0.000    0.0002    7.414  590.939    6.507  490.188    1.603
  22920.00 0.150     742.992      10.667    1580.000       0.000    0.0002    7.280  687.124    7.614  487.226    1.660
  22980.00 0.147     746.821       8.212    1540.000       0.000    0.0002    7.259  679.457    7.067  483.691    1.511
  23040.00 0.150     739.935       8.117    1620.000       0.000    0.0002    7.392  698.024    7.061  481.764    1.773
  23100.00 0.155     744.606       4.479    1540.000       0.000    0.0002    7.546  532.423    7.689  480.875    1.732
  23160.00 0.152     751.218      10.321    1620.000       0.000    0.0002    7.576  588.359    6.862  480.183    1.473
  23220.00 0.154     763.291       8.639    1620.000       0.000    0.0002    7.432  708.212    7.628  480.536    1.490
  23280.00 0.159     757.846       1.908    1580.000       0.000    0.0002    7.129  784.469    7.504  481.136    1.819
  23340.00 0.164     754.963       9.687    1580.000       0.000    0.0002    6.847  805.201    7.419  479.898    1.677
  23400.00 0.163     743.647       6.099    1580.000       0.000    0.0002    6.540  827.681    7.669  475.594    1.749
  23460.00 0.169     743.746       6.513    1580.000       0.000    0.0002    6.296  696.963    5.720  471.360    1.562
  23520.00 0.168     743.785       7.249    1500.000       0.000    0.0002    6.111  565.929    5.938  469.545    1.387
  23580.00 0.171     740.742       5.021    1540.000       0.000    0.0002    6.050  568.711    6.383  469.403    1.377
  23640.00 0.172     746.023       6.847    1540.000       0.000    0.0002    6.031  479.084    5.874  469.113    1.434
  23700.00 0.170     744.317       7.453    1580.000       0.000    0.0002    6.006  462.846    4.584  467.538    1.439
  23760.00 0.167     741.520      12.339    1580.000       0.000    0.0002    6.027  358.668    5.281  465.943    1.508
  23820.00 0.174     743.249       8.207    1540.000       0.000    0.0002    5.883  346.442    5.463  465.295    1.250
  23880.00 0.171     751.486       7.629    1540.000       0.000    0.0002    5.726  407.350    5.550  465.382    1.212
  23940.00 0.173     741.127      14.704    1540.000       0.000    0.0002    5.674  464.619    5.820  463.918    1.405
  24000.00 0.172     739.374       9.417    1500.000       0.000    0.0002    5.558  579.329    6.581  461.134    1.588
  24060.00 0.173     726.987       4.441    1540.000       0.000    0.0002    5.402  631.604    7.166  459.817    1.824
  24120.00 0.167     725.539       8.892    1460.000       0.000    0.0002    5.233  637.215    5.923  458.763    1.882
  24180.00 0.170     725.957       9.755    1500.000       0.000    0.0002    5.022  603.186    6.233  456.407    1.710
  24240.00 0.161     704.438       3.009    1460.000       0.000    0.0002    4.913  531.670    5.659  455.860    1.553
  24300.00 0.156     701.625      10.625    1540.000       0.000    0.0002    4.957  367.723    5.355  455.781    1.214
  24360.00 0.162     717.383       8.872    1580.000       0.000    0.0002    5.111  342.048    5.621  452.117    1.211
  24420.00 0.165     729.377       6.409    1460.000       0.000    0.0002    5.384  313.286    5.165  448.786    1.287
  24480.00 0.166     733.824       7.765    1420.000       0.000    0.0002    5.649  337.251    5.452  450.084    1.231
  24540.00 0.167     735.562       6.832    1420.000       0.000    0.0002    5.849  337.736    5.722  453.301    1.374
  24600.00 0.166     735.184      13.627    1460.000       0.000    0.0002    5.977  374.654    5.883  455.481    1.197
  24660.00 0.159     742.450       8.239    1460.000       0.000    0.0002    6.011  511.413    6.875  457.402    1.483
  24720.00 0.160     747.450       6.443    1460.000       0.000    0.0002    6.008  586.900    6.815  460.037    1.832
  24780.00 0.159     747.473       4.319    1420.000       0.000    0.0002    5.956  727.983    6.388  462.255    1.742
  24840.00 0.161     750.287       3.177    1500.000       0.000    0.0002    5.958  693.771    6.501  463.014    1.660
  24900.00 0.151     746.278       7.055    1540.000       0.000    0.0002    6.049  722.469    7.247  463.694    1.794
  24960.00 0.154     750.713       9.033    1580.000       0.000    0.0002    6.134  930.740    8.120  466.407    1.979
  25020.00 0.157     742.118       5.389    1940.000       0.000    0.0002    6.158 1210.995    8.877  468.799    2.340
  25080.00 0.158     729.769       7.211    1940.000       0.000    0.0002    6.025 1268.267    6.751  468.097    2.532
  25140.00 0.160     713.700       6.972    1940.000       0.000    0.0002    5.571  964.394    5.607  465.773    1.754
  25200.00 0.162     710.526       6.376    1940.000       0.000    0.0002    5.138  740.715    5.103  466.516    1.543
  25260.00 0.160     706.402       8.018    1940.000       0.000    0.0002    4.845  485.956    4.568  465.728    1.163
  25320.00 0.165     706.854       9.040    1580.000       0.000    0.0002    4.742  325.371    4.859  462.616    1.352
  25380.00 0.169     713.660       7.896    1500.000       0.000    0.0002    4.881  423.077    6.423  461.102    1.433
  25440.00 0.168     707.802       9.345    1540.000       0.000    0.0002    5.194  526.266    7.164  462.444    1.488
  25500.00 0.170     720.917       6.934    1540.000       0.000    0.0002    5.620  589.570    7.191  465.597    1.672
  25560.00 0.177     725.118       8.714    1580.000       0.000    0.0002    5.976  580.265    7.377  468.449    2.174
  25620.00 0.175     724.224      11.944    1540.000       0.000    0.0002    6.269  635.238    6.244  469.907    1.835
  25680.00 0.176     731.544      10.765    1580.000       0.000    0.0002    6.526  527.468    6.045  472.392    1.452
  25740.00 0.177     736.680      12.669    1620.000       0.000    0.0002    6.691  599.505    6.355  477.540    1.494
  25800.00 0.180     742.442       7.381    1460.000       0.000    0.0002    6.880  636.742    5.862  482.046    1.640
  25860.00 0.178     738.411       7.863    1500.000       0.000    0.0002    7.024  562.385    6.573  483.777    1.828
  25920.00 0.179     729.945      11.284    1500.000       0.000    0.0002    7.099  718.988    7.575  485.455    2.085
  25980.00 0.179     735.265       5.687    1540.000       0.000    0.0002    6.982  913.630    8.550  487.603    2.484
  26040.00 0.179     735.628      13.224    1940.000       0.000    0.0002    6.697  963.425    6.285  484.511    2.133
  26100.00 0.176     732.111      14.056    1940.000       0.000    0.0002    6.232  695.787    6.274  478.707    2.273
  26160.00 0.169     730.333      18.640    1940.000       0.000    0.0002    5.850  432.582    5.643  479.826    1.322
  26220.00 0.162     735.120       8.283    1620.000       0.000    0.0002    5.646  488.079    5.758  482.897    1.293
  26280.00 0.165     735.141       5.719    1540.000       0.000    0.0002    5.695  481.997    6.173  478.002    1.351
  26340.00 0.164     735.291      12.131    1500.000       0.000    0.0002    5.853  475.188    6.547  472.891    1.541
  26400.00 0.164     748.274       5.238    1540.000       0.000    0.0002    5.885  486.357    6.699  474.118    1.743
  26460.00 0.162     752.812       4.271    1460.000       0.000    0.0002    5.875  394.236    5.850  474.611    1.296
  26520.00 0.166     766.294       7.294    1540.000       0.000    0.0002    5.888  516.278    5.906  471.934    1.411
  26580.00 0.170     767.011      10.431    1540.000       0.000    0.0002    5.803  623.162    6.477  471.884    1.541
  26640.00 0.166     756.000       7.441    1620.000       0.000    0.0002    5.699  663.513    6.727  473.830    1.760
  26700.00 0.167     744.898      13.178    1620.000       0.000    0.0002    5.514  520.088    5.366  472.296    1.758
  26760.00 0.163     744.012       4.431    1660.000       0.000    0.0002    5.441  400.645    5.288  469.769    1.199
  26820.00 0.166     740.708      10.501    1580.000       0.000    0.0002    5.456  371.805    5.615  470.818    1.454
  26880.00 0.166     744.405       9.927    1540.000       0.000    0.0002    5.532  563.075    6.612  475.128    1.652
  26940.00 0.159     745.161       6.267    1500.000       0.000    0.0002    5.827  748.063    8.749  481.021    2.108
  27000.00 0.165     743.501       9.288    1500.000       0.000    0.0002    6.273  930.909    8.873  488.583    2.496
  27060.00 0.157     739.005       8.305    1940.000       0.000    0.0002    6.615 1054.955    9.737  494.055    2.343
  27120.00 0.162     744.090       8.902    1940.000       0.000    0.0002    6.745 1170.856   11.146  494.834    2.478
  27180.00 0.162     749.305      10.091    1940.000       0.000    0.0002    6.505 1157.706    9.193  497.449    2.345
  27240.00 0.161     739.697      10.470    1940.000       0.000    0.0002    6.211  988.209    8.464  504.730    1.762
  27300.00 0.160     747.084      10.198    1940.000       0.000    0.0002    6.084  647.375    7.792  508.761    1.672
  27360.00 0.165     744.911      10.266    1540.000       0.000    0.0002    5.851  518.940    7.956  504.001    1.572
  27420.00 0.164     730.788       8.796    1460.000       0.000    0.0002    5.714  590.063    6.363  496.662    1.652
  27480.00 0.154     735.175       7.302    1580.000       0.000    0.0002    5.596  503.423    5.916  493.985    1.472
  27540.00 0.152     736.656       9.035    1660.000       0.000    0.0002    5.512  427.553    6.535  493.935    1.406
  27600.00 0.152     748.654       6.891    1500.000       0.000    0.0002    5.587  517.744    8.011  492.787    1.698
  27660.00 0.153     745.367      10.096    1540.000       0.000    0.0002    5.896  627.515    7.128  491.398    1.611
  27720.00 0.159     748.246       7.846    1620.000       0.000    0.0002    6.311  559.324    6.916  491.503    1.535
  27780.00 0.160     750.642       9.052    1580.000       0.000    0.0002    6.872  642.767    6.496  495.427    1.647
  27840.00 0.164     758.122      12.042    1580.000       0.000    0.0002    7.480  577.986    7.199  504.118    1.756
  27900.00 0.165     746.864       8.077    1540.000       0.000    0.0002    8.115  780.407    8.409  516.278    2.331
  27960.00 0.166     752.687      10.837    1580.000       0.000    0.0002    8.509  980.440    9.329  526.505    2.548
  28020.00 0.164     772.262       7.500    1940.000       0.000    0.0002    8.677 1129.613    8.475  526.455    2.584
  28080.00 0.163     768.024      11.677    1940.000       0.000    0.0002    8.341  930.889    6.467  522.438    1.837
  28140.00 0.152     775.620       6.989    1940.000       0.000    0.0002    7.873  624.359    6.580  526.405    1.727
  28200.00 0.157     776.708       8.602    1580.000       0.000    0.0002    7.266  434.283    5.668  531.094    1.549
  28260.00 0.160     763.683      10.898    1580.000       0.000    0.0002    6.823  426.336    7.005  524.609    1.648
  28320.00 0.151     760.000       5.548    1540.000       0.000    0.0002    6.704  496.154    6.079  514.565    1.702
  28380.00 0.150     748.260       4.098    1500.000       0.000    0.0002    6.772  516.420    7.014  512.701    1.703
  28440.00 0.152     753.011      10.209    1540.000       0.000    0.0002    6.851  597.679    7.341  516.311    1.715
  28500.00 0.156     744.743      12.200    1540.000       0.000    0.0002    7.062  766.214    7.208  518.420    1.947
  28560.00 0.154     743.111      12.444    1540.000       0.000    0.0002    7.554  928.122    9.534  521.473    2.301
  28620.00 0.154     753.185       7.353    1500.000       0.000    0.0002    8.123 1117.526    8.889  526.460    2.116
  28680.00 0.152     763.060       5.926    1940.000       0.000    0.0002    8.536 1340.196    8.497  526.870    2.634
  28740.00 0.156     763.072      11.191    1940.000       0.000    0.0002    8.519 1361.429    7.532  527.165    2.455
  28800.00 0.158     759.599       2.157    1940.000       0.000    0.0002    8.287 1095.811    7.553  535.138    1.776
