#  time      cc     z_cbase    z_ctop_avg  z_ctop_max      zi         we   <<ql>>  <<ql>>_max   w_max   tke     ql_max
     60.00 0.000       0.000       0.000       0.000       0.000    0.0002    0.000    0.000    0.189  616.607    0.000
    120.00 0.000       0.000       0.000       0.000       0.000    0.0002    0.000    0.000    0.317  417.080    0.000
    180.00 0.000       0.000       0.000       0.000       0.000    0.0002    0.000    0.000    0.328  300.128    0.000
    240.00 0.000       0.000       0.000       0.000       0.000    0.0002    0.000    0.000    0.318  225.783    0.000
    300.00 0.000       0.000       0.000       0.000       0.000    0.0002    0.000    0.000    0.248  176.547    0.000
    360.00 0.000       0.000       0.000       0.000       0.000    0.0002    0.000    0.000    0.284  143.383    0.000
    420.00 0.000       0.000       0.000       0.000       0.000    0.0002    0.000    0.000    0.302  121.139    0.000
    480.00 0.000       0.000       0.000       0.000       0.000    0.0002    0.000    0.000    0.317  105.734    0.000
    540.00 0.000       0.000       0.000       0.000       0.000    0.0002    0.000    0.000    0.357   93.897    0.000
    600.00 0.000       0.000       0.000       0.000       0.000    0.0002    0.000    0.000    0.374   84.605    0.000
    660.00 0.000       0.000       0.000       0.000       0.000    0.0002    0.000    0.000    0.385   78.043    0.000
    720.00 0.000       0.000       0.000       0.000       0.000    0.0002    0.000    0.000    0.406   73.750    0.000
    780.00 0.000       0.000       0.000       0.000       0.000    0.0002    0.000    0.000    0.486   70.966    0.000
    840.00 0.000       0.000       0.000       0.000       0.000    0.0002    0.000    0.000    0.544   69.180    0.000
    900.00 0.000       0.000       0.000       0.000       0.000    0.0002    0.000    0.000    0.604   67.955    0.000
    960.00 0.000       0.000       0.000       0.000       0.000    0.0002    0.000    0.000    0.706   67.343    0.000
   1020.00 0.000       0.000       0.000       0.000       0.000    0.0002    0.000    0.000    0.746   67.827    0.000
   1080.00 0.000       0.000       0.000       0.000       0.000    0.0002    0.000    0.000    0.729   69.416    0.000
   1140.00 0.000       0.000       0.000       0.000       0.000    0.0002    0.000    0.000    0.771   71.716    0.000
   1200.00 0.000       0.000       0.000       0.000       0.000    0.0002    0.000    0.000    0.848   74.682    0.000
   1260.00 0.000     580.000       0.000     580.000       0.000    0.0002    0.000    0.713    0.882   78.508    0.016
   1320.00 0.002     557.778       0.000     580.000       0.000    0.0002    0.002    2.239    1.066   83.332    0.050
   1380.00 0.004     564.444       0.000     580.000       0.000    0.0002    0.008    3.984    1.265   89.333    0.089
   1440.00 0.012     567.451      21.961     580.000       0.000    0.0002    0.028    8.255    1.371   96.602    0.127
   1500.00 0.022     566.813      12.747     660.000       0.000    0.0002    0.068   13.214    1.297  105.018    0.192
   1560.00 0.035     569.296       0.000     660.000       0.000    0.0002    0.138   23.851    1.363  114.501    0.247
   1620.00 0.050     568.235      11.176     660.000       0.000    0.0002    0.257   40.153    1.778  125.069    0.370
   1680.00 0.068     566.857       5.929     700.000       0.000    0.0002    0.448   66.880    2.031  136.639    0.538
   1740.00 0.085     566.782       6.897     700.000       0.000    0.0002    0.733   88.253    2.078  149.043    0.599
   1800.00 0.104     568.263       2.629     780.000       0.000    0.0002    1.131  118.897    2.764  162.106    0.687
   1860.00 0.121     569.657       4.444     740.000       0.000    0.0002    1.634  149.265    3.110  175.489    0.817
   1920.00 0.138     569.771      10.653     740.000       0.000    0.0002    2.265  195.505    3.333  188.923    0.943
   1980.00 0.153     571.104       4.960     820.000       0.000    0.0002    3.007  246.146    3.889  202.124    0.896
   2040.00 0.166     573.656       8.869     860.000       0.000    0.0002    3.807  274.219    3.868  214.587    1.024
   2100.00 0.175     575.766       2.535     860.000       0.000    0.0002    4.628  347.577    4.384  225.932    1.170
   2160.00 0.184     579.417      10.570    1300.000       0.000    0.0002    5.433  362.281    4.089  235.933    1.069
   2220.00 0.188     582.494       3.766    1300.000       0.000    0.0002    6.146  380.737    4.119  244.203    1.013
   2280.00 0.192     587.665       6.345    1300.000       0.000    0.0002    6.740  402.854    4.358  250.770    1.261
   2340.00 0.196     594.464       5.262    1300.000       0.000    0.0002    7.177  415.964    4.353  255.463    1.132
   2400.00 0.200     603.374       3.130    1340.000       0.000    0.0002    7.480  456.113    4.803  257.947    1.148
   2460.00 0.196     603.970       4.120    1300.000       0.000    0.0002    7.587  446.672    4.847  258.152    1.159
   2520.00 0.193     605.588       6.397    1500.000       0.000    0.0002    7.514  439.435    4.737  256.298    1.193
   2580.00 0.197     615.727       5.739    1460.000       0.000    0.0002    7.252  456.259    5.213  252.891    1.307
   2640.00 0.189     622.791       8.579    1380.000       0.000    0.0002    6.869  473.012    5.097  248.132    1.176
   2700.00 0.178     623.676      10.343    1340.000       0.000    0.0002    6.410  471.571    4.226  242.310    1.039
   2760.00 0.174     623.488       7.932    1300.000       0.000    0.0002    5.866  419.666    4.114  236.065    1.153
   2820.00 0.167     629.738       7.580    1300.000       0.000    0.0002    5.342  364.197    4.163  229.498    1.185
   2880.00 0.157     633.665       6.025    1380.000       0.000    0.0002    4.788  380.235    3.889  222.211    1.097
   2940.00 0.147     634.527       5.340    1380.000       0.000    0.0002    4.186  397.981    4.212  214.705    1.123
   3000.00 0.143     634.881       7.133    1340.000       0.000    0.0002    3.608  384.515    4.077  207.812    1.045
   3060.00 0.139     638.840       5.659    1340.000       0.000    0.0002    3.132  315.156    3.804  201.461    0.917
   3120.00 0.132     637.333       4.741    1380.000       0.000    0.0002    2.746  277.206    3.444  195.412    0.877
   3180.00 0.128     637.676       6.590    1380.000       0.000    0.0002    2.445  302.570    3.183  189.777    0.967
   3240.00 0.126     634.806       4.961    1460.000       0.000    0.0002    2.250  324.750    3.123  184.685    0.799
   3300.00 0.115     635.847       1.229    1340.000       0.000    0.0002    2.135  403.076    3.284  180.254    0.966
   3360.00 0.111     639.207       8.722    1340.000       0.000    0.0002    2.063  460.156    4.061  176.950    1.079
   3420.00 0.104     638.923       7.728    1340.000       0.000    0.0002    2.038  454.268    4.285  174.573    1.056
   3480.00 0.105     642.593       4.769    1300.000       0.000    0.0002    2.026  357.729    4.340  172.436    1.059
   3540.00 0.105     644.722       4.306    1300.000       0.000    0.0002    2.013  425.208    4.538  170.588    1.201
   3600.00 0.105     641.488       2.884    1300.000       0.000    0.0002    2.013  443.923    5.379  169.103    1.346
   3660.00 0.110     643.875       8.463    1300.000       0.000    0.0002    1.960  448.534    4.882  167.699    1.274
   3720.00 0.103     643.791       8.294    1420.000       0.000    0.0002    1.853  320.632    3.278  166.675    1.034
   3780.00 0.098     636.958       8.329    1340.000       0.000    0.0002    1.712  245.630    3.342  166.353    0.897
   3840.00 0.104     640.561      10.607    1420.000       0.000    0.0002    1.598  262.681    3.729  166.223    1.012
   3900.00 0.093     633.298       8.391    1300.000       0.000    0.0002    1.508  284.359    3.834  165.828    0.941
   3960.00 0.097     634.472       6.231    1300.000       0.000    0.0002    1.445  264.436    3.134  165.537    0.795
   4020.00 0.095     632.205       6.359    1380.000       0.000    0.0002    1.376  217.277    2.730  165.621    0.752
   4080.00 0.096     619.593       9.771    1460.000       0.000    0.0002    1.362  171.088    3.009  166.131    0.911
   4140.00 0.094     608.675       4.831    1300.000       0.000    0.0002    1.399  158.217    3.278  166.809    0.723
   4200.00 0.109     609.238       8.520    1220.000       0.000    0.0002    1.462  167.617    3.026  167.653    0.693
   4260.00 0.104     604.528      11.792    1300.000       0.000    0.0002    1.572  239.250    3.268  168.865    0.903
   4320.00 0.107     604.237       8.018    1300.000       0.000    0.0002    1.707  309.209    3.963  170.634    1.093
   4380.00 0.107     602.700       2.059    1300.000       0.000    0.0002    1.879  361.764    4.070  172.841    1.076
   4440.00 0.110     602.628       9.844    1300.000       0.000    0.0002    2.101  372.780    3.394  175.182    1.005
   4500.00 0.116     604.906       9.937    1300.000       0.000    0.0002    2.359  349.858    4.521  177.528    1.291
   4560.00 0.120     605.825       9.084    1300.000       0.000    0.0002    2.595  405.408    4.925  179.891    1.209
   4620.00 0.123     609.901       8.429    1420.000       0.000    0.0002    2.810  403.167    4.177  182.578    1.003
   4680.00 0.125     609.063       8.672    1340.000       0.000    0.0002    3.049  356.590    3.856  185.518    1.191
   4740.00 0.131     610.672      10.187    1300.000       0.000    0.0002    3.273  355.207    3.921  188.572    0.988
   4800.00 0.132     615.696      14.471    1380.000       0.000    0.0002    3.480  435.987    4.315  191.675    1.087
   4860.00 0.133     618.679       8.477    1340.000       0.000    0.0002    3.758  478.800    4.454  194.970    1.099
   4920.00 0.138     615.979       7.795    1300.000       0.000    0.0002    4.060  513.950    5.031  198.442    1.496
   4980.00 0.139     615.070       6.620    1340.000       0.000    0.0002    4.398  534.287    6.042  202.160    1.606
   5040.00 0.135     610.669      13.599    1340.000       0.000    0.0002    4.744  502.608    5.678  205.624    1.390
   5100.00 0.136     621.007      12.158    1340.000       0.000    0.0002    4.967  447.233    4.803  208.305    1.439
   5160.00 0.137     630.838      10.374    1380.000       0.000    0.0002    5.011  611.438    5.747  210.710    1.646
   5220.00 0.139     633.895       4.842    1540.000       0.000    0.0002    4.916  707.538    5.755  213.223    1.462
   5280.00 0.140     628.112       6.049    1420.000       0.000    0.0002    4.760  700.590    5.411  214.845    1.567
   5340.00 0.139     627.311       8.541    1500.000       0.000    0.0002    4.511  637.878    5.382  215.585    1.541
   5400.00 0.139     627.789      11.368    1620.000       0.000    0.0002    4.219  692.591    5.483  216.270    1.460
   5460.00 0.141     627.708       9.722    1420.000       0.000    0.0002    3.976  743.048    5.327  217.005    1.681
   5520.00 0.140     630.017       8.870    1500.000       0.000    0.0002    3.718  556.574    4.570  216.160    1.033
   5580.00 0.143     625.392       7.543    1460.000       0.000    0.0002    3.422  385.484    4.223  214.858    1.347
   5640.00 0.142     625.793      13.034    1460.000       0.000    0.0002    3.096  384.573    4.326  214.003    1.263
   5700.00 0.136     630.179       8.566    1420.000       0.000    0.0002    2.865  302.155    4.549  213.180    1.123
   5760.00 0.136     626.043       7.554    1420.000       0.000    0.0002    2.742  320.951    4.913  212.572    1.164
   5820.00 0.140     633.822       4.328    1380.000       0.000    0.0002    2.689  289.401    4.237  212.224    1.020
   5880.00 0.135     628.288       8.973    1300.000       0.000    0.0002    2.749  320.182    4.206  211.566    1.113
   5940.00 0.134     634.936       3.133    1300.000       0.000    0.0002    2.872  365.418    4.948  210.873    1.173
   6000.00 0.132     630.815       4.481    1340.000       0.000    0.0002    3.004  322.186    4.489  210.832    0.837
   6060.00 0.133     631.795       2.161    1300.000       0.000    0.0002    3.137  318.782    3.140  211.414    0.938
   6120.00 0.130     627.655      12.345    1460.000       0.000    0.0002    3.329  374.740    3.711  212.730    0.960
   6180.00 0.135     628.520       8.412    1300.000       0.000    0.0002    3.574  428.293    3.956  215.240    1.131
   6240.00 0.135     631.159       6.558    1340.000       0.000    0.0002    3.856  404.356    4.775  218.198    1.215
   6300.00 0.137     627.415       8.734    1420.000       0.000    0.0002    4.205  393.355    4.701  220.781    1.179
   6360.00 0.136     633.477       9.892    1340.000       0.000    0.0002    4.545  469.232    5.262  223.047    1.414
   6420.00 0.132     634.296       6.222    1380.000       0.000    0.0002    4.798  553.592    4.915  224.889    1.409
   6480.00 0.139     636.392       7.110    1420.000       0.000    0.0002    4.935  560.490    4.014  226.438    1.167
   6540.00 0.145     640.773       3.328    1500.000       0.000    0.0002    4.976  497.754    4.305  228.337    1.254
   6600.00 0.144     639.019       7.242    1380.000       0.000    0.0002    4.901  446.308    4.110  230.407    1.220
   6660.00 0.149     642.069       7.586    1340.000       0.000    0.0002    4.750  358.669    4.680  231.451    1.049
   6720.00 0.146     639.933       8.700    1380.000       0.000    0.0002    4.604  352.490    4.278  232.278    1.226
   6780.00 0.148     641.686      11.240    1300.000       0.000    0.0002    4.498  395.417    4.475  233.376    1.174
   6840.00 0.150     647.166       6.156    1380.000       0.000    0.0002    4.431  470.832    4.837  234.346    1.286
   6900.00 0.145     640.811       4.324    1380.000       0.000    0.0002    4.458  559.234    4.366  235.933    1.071
   6960.00 0.141     640.625       4.722    1300.000       0.000    0.0002    4.632  660.385    4.476  238.818    1.163
   7020.00 0.142     635.052       4.364    1420.000       0.000    0.0002    5.020  723.648    4.495  242.637    1.237
   7080.00 0.140     630.471       8.133    1500.000       0.000    0.0002    5.553  739.509    4.859  247.294    1.230
   7140.00 0.138     638.445       5.442    1380.000       0.000    0.0002    6.130  696.555    6.006  253.008    1.502
   7200.00 0.139     644.140       7.614    1420.000       0.000    0.0002    6.726  770.610    6.346  259.524    1.492
   7260.00 0.146     651.304       5.920    1380.000       0.000    0.0002    7.259  960.836    6.279  266.255    1.512
   7320.00 0.146     660.801       7.212    1420.000       0.000    0.0002    7.717 1030.849    7.012  274.912    1.860
   7380.00 0.142     666.048       8.316    1460.000       0.000    0.0002    8.142 1176.388    7.512  284.898    2.249
   7440.00 0.143     668.109      13.663    1940.000       0.000    0.0002    8.315 1459.810    6.421  290.048    2.240
   7500.00 0.143     667.043       8.581    1940.000       0.000    0.0002    8.301 1454.613    5.913  292.350    2.041
   7560.00 0.141     658.960       7.279    1940.000       0.000    0.0002    8.164 1318.094    5.886  296.626    1.736
   7620.00 0.145     666.206       5.396    1940.000       0.000    0.0002    7.901 1146.843    7.362  303.681    2.379
   7680.00 0.144     664.211       9.168    1500.000       0.000    0.0002    7.653  915.167    5.270  307.743    1.812
   7740.00 0.141     657.370      10.242    1660.000       0.000    0.0002    7.418  846.378    5.744  306.449    1.580
   7800.00 0.141     658.336       7.764    1620.000       0.000    0.0002    6.983  773.169    5.581  303.204    1.472
   7860.00 0.142     655.052       0.928    1540.000       0.000    0.0002    6.467  543.417    4.576  301.034    1.213
   7920.00 0.143     654.393      10.598    1500.000       0.000    0.0002    6.333  573.502    5.680  298.915    1.384
   7980.00 0.147     656.473       7.321    1460.000       0.000    0.0002    6.346  628.042    5.420  296.189    1.347
   8040.00 0.145     656.358       9.545    1460.000       0.000    0.0002    6.440  692.252    5.302  294.133    1.511
   8100.00 0.149     662.353      10.850    1580.000       0.000    0.0002    6.608  713.460    5.478  293.713    1.449
   8160.00 0.146     657.793      12.074    1540.000       0.000    0.0002    6.743  764.913    5.602  293.945    1.407
   8220.00 0.144     647.007       7.313    1580.000       0.000    0.0002    6.849  766.441    5.630  294.057    1.511
   8280.00 0.146     646.511       8.881    1540.000       0.000    0.0002    6.822  818.521    5.357  293.964    1.524
   8340.00 0.150     656.813       6.797    1620.000       0.000    0.0002    6.537  749.330    6.239  294.708    1.416
   8400.00 0.153     660.192      11.424    1540.000       0.000    0.0002    6.290  685.114    6.850  296.532    1.345
   8460.00 0.153     652.930       4.236    1420.000       0.000    0.0002    6.082  694.300    6.334  296.297    1.596
   8520.00 0.153     656.874       6.794    1380.000       0.000    0.0002    5.974  663.515    5.439  294.283    1.601
   8580.00 0.151     657.032       8.548    1620.000       0.000    0.0002    5.943  715.027    5.638  293.929    1.601
   8640.00 0.151     656.434       8.947    1540.000       0.000    0.0002    5.879  632.645    5.116  293.258    1.457
   8700.00 0.152     667.074       6.945    1540.000       0.000    0.0002    5.604  533.412    4.637  290.554    1.265
   8760.00 0.150     667.296      11.140    1540.000       0.000    0.0002    5.217  439.290    4.576  288.768    1.198
   8820.00 0.153     668.230       7.496    1500.000       0.000    0.0002    4.872  436.813    4.574  288.304    1.181
   8880.00 0.151     667.066       6.256    1420.000       0.000    0.0002    4.574  489.070    5.211  286.418    1.268
   8940.00 0.145     668.311       3.547    1460.000       0.000    0.0002    4.316  528.753    4.363  284.194    1.168
   9000.00 0.147     664.725      11.514    1420.000       0.000    0.0002    4.266  582.867    4.538  282.847    1.161
   9060.00 0.143     650.222       9.504    1380.000       0.000    0.0002    4.241  624.762    5.154  281.988    1.262
   9120.00 0.145     651.892       6.622    1420.000       0.000    0.0002    4.278  697.793    5.323  281.664    1.242
   9180.00 0.142     660.823       7.033    1500.000       0.000    0.0002    4.378  660.339    4.359  281.351    1.161
   9240.00 0.142     657.801       5.979    1380.000       0.000    0.0002    4.447  552.416    4.372  280.466    1.260
   9300.00 0.141     656.806      10.556    1500.000       0.000    0.0002    4.441  526.804    4.964  279.988    1.223
   9360.00 0.139     651.142       4.956    1540.000       0.000    0.0002    4.382  532.391    4.971  279.855    1.213
   9420.00 0.135     652.464       4.710    1580.000       0.000    0.0002    4.294  420.660    4.991  279.299    1.105
   9480.00 0.140     657.557       1.885    1460.000       0.000    0.0002    4.267  413.810    5.168  278.805    1.031
   9540.00 0.135     656.449       9.493    1460.000       0.000    0.0002    4.288  403.337    4.367  278.815    1.372
   9600.00 0.132     643.586       6.433    1420.000       0.000    0.0002    4.309  438.852    4.584  279.080    1.333
   9660.00 0.131     652.551       3.687    1500.000       0.000    0.0002    4.341  417.429    4.451  279.922    1.263
   9720.00 0.127     646.871       8.676    1420.000       0.000    0.0002    4.435  518.305    5.190  282.130    1.527
   9780.00 0.129     652.755       9.774    1420.000       0.000    0.0002    4.603  642.504    6.081  284.527    1.865
   9840.00 0.129     652.879       6.515    1460.000       0.000    0.0002    4.786  806.444    6.519  285.027    1.757
   9900.00 0.130     657.062      10.395    1500.000       0.000    0.0002    4.842  958.050    6.261  284.383    2.161
   9960.00 0.128     658.324       5.105    1500.000       0.000    0.0002    4.842  834.571    5.438  284.642    1.685
  10020.00 0.126     659.458       7.892    1380.000       0.000    0.0002    4.782  626.830    5.027  287.060    1.297
  10080.00 0.131     656.785       9.084    1340.000       0.000    0.0002    4.722  544.384    5.095  289.170    1.165
  10140.00 0.128     651.543       5.181    1380.000       0.000    0.0002    4.659  573.976    5.366  288.806    1.261
  10200.00 0.134     652.495      14.098    1420.000       0.000    0.0002    4.684  642.828    6.155  288.530    1.407
  10260.00 0.138     653.546       3.582    1460.000       0.000    0.0002    4.743  640.267    5.585  288.435    1.423
  10320.00 0.134     657.527       3.164    1460.000       0.000    0.0002    4.819  657.039    5.116  288.774    1.383
  10380.00 0.136     660.644       9.839    1460.000       0.000    0.0002    4.908  683.543    6.203  291.155    1.687
  10440.00 0.135     651.063       5.117    1460.000       0.000    0.0002    5.087  700.057    5.810  294.280    1.229
  10500.00 0.135     659.566       6.401    1580.000       0.000    0.0002    5.196  670.433    6.384  295.571    1.453
  10560.00 0.139     657.821       3.234    1500.000       0.000    0.0002    5.215  707.293    5.914  296.753    1.483
  10620.00 0.140     666.492       1.431    1420.000       0.000    0.0002    5.279  629.188    4.743  298.240    1.222
  10680.00 0.139     661.831      10.317    1380.000       0.000    0.0002    5.430  436.058    5.252  300.115    1.294
  10740.00 0.144     659.186       7.559    1420.000       0.000    0.0002    5.693  568.564    5.730  303.510    1.277
  10800.00 0.146     662.345       2.982    1420.000       0.000    0.0002    5.960  701.734    6.044  307.456    1.566
  10860.00 0.151     662.853       8.720    1420.000       0.000    0.0002    6.229  813.242    6.532  310.385    1.573
  10920.00 0.152     656.148       6.132    1420.000       0.000    0.0002    6.358  887.607    6.462  312.452    1.800
  10980.00 0.153     654.888       2.556    1420.000       0.000    0.0002    6.361  934.740    5.967  313.818    1.732
  11040.00 0.154     653.217       7.892    1460.000       0.000    0.0002    6.263  858.906    5.839  315.143    1.614
  11100.00 0.157     659.876      15.466    1420.000       0.000    0.0002    6.200  760.548    6.208  317.835    1.636
  11160.00 0.153     652.320      12.128    1500.000       0.000    0.0002    6.135  639.388    5.668  318.396    1.352
  11220.00 0.155     653.943       7.666    1500.000       0.000    0.0002    6.093  613.192    5.059  317.445    1.262
  11280.00 0.157     656.885       4.673    1620.000       0.000    0.0002    6.088  528.800    5.398  318.067    1.174
  11340.00 0.153     660.448       4.608    1420.000       0.000    0.0002    6.151  536.899    5.806  319.849    1.217
  11400.00 0.156     666.072       6.917    1580.000       0.000    0.0002    6.258  713.576    6.004  321.595    1.509
  11460.00 0.152     666.218      14.167    1540.000       0.000    0.0002    6.388  877.841    6.276  323.667    1.399
  11520.00 0.150     664.423      11.252    1500.000       0.000    0.0002    6.404  870.442    6.887  324.613    1.718
  11580.00 0.153     680.575       9.329    1460.000       0.000    0.0002    6.184  921.770    6.404  324.043    1.563
  11640.00 0.154     689.444       8.140    1460.000       0.000    0.0002    5.830  894.140    5.498  324.312    1.546
  11700.00 0.150     680.943       6.374    1460.000       0.000    0.0002    5.386  690.791    5.313  325.071    1.546
  11760.00 0.148     664.620      14.323    1500.000       0.000    0.0002    5.051  797.193    5.805  325.441    1.472
  11820.00 0.143     668.177       4.361    1500.000       0.000    0.0002    4.833  777.461    6.722  324.256    1.475
  11880.00 0.143     658.637      12.743    1420.000       0.000    0.0002    4.838  709.442    6.101  323.209    1.576
  11940.00 0.140     660.350      10.175    1460.000       0.000    0.0002    5.012  704.179    6.083  323.682    1.454
  12000.00 0.145     655.750       5.126    1540.000       0.000    0.0002    5.305  751.870    6.557  325.830    1.473
  12060.00 0.147     652.318      14.106    1540.000       0.000    0.0002    5.569  760.643    7.547  328.668    1.702
  12120.00 0.153     654.121      10.927    1500.000       0.000    0.0002    5.799  927.938    8.217  331.195    1.758
  12180.00 0.153     649.760      13.856    1500.000       0.000    0.0002    6.095 1114.786    6.636  334.334    1.622
  12240.00 0.156     651.648       6.217    1460.000       0.000    0.0002    6.480 1161.716    6.976  338.741    2.147
  12300.00 0.160     659.267      12.275    1940.000       0.000    0.0002    6.713 1151.119    6.229  342.393    1.789
  12360.00 0.167     662.933      14.663    1540.000       0.000    0.0002    6.807 1054.685    7.910  345.243    2.070
  12420.00 0.169     661.908      11.358    1940.000       0.000    0.0002    6.790  945.462    7.757  346.520    2.167
  12480.00 0.171     657.375      13.723    2020.000       0.000    0.0002    6.766  621.853    5.685  347.215    1.549
  12540.00 0.171     670.243       7.468    1500.000       0.000    0.0002    6.926  613.436    5.908  351.161    1.832
  12600.00 0.168     667.267       8.227    1580.000       0.000    0.0002    7.229  671.966    6.684  355.114    1.593
  12660.00 0.167     669.605       5.681    1500.000       0.000    0.0002    7.677  787.126    7.600  357.536    1.661
  12720.00 0.167     665.773       5.131    1460.000       0.000    0.0002    8.212  861.997    6.749  360.538    1.646
  12780.00 0.168     677.881       6.038    1540.000       0.000    0.0002    8.696  799.551    6.685  364.938    1.626
  12840.00 0.173     684.328       7.044    1540.000       0.000    0.0002    9.121  751.706    6.520  370.133    1.836
  12900.00 0.170     688.448       7.500    1580.000       0.000    0.0002    9.393  799.533    7.089  375.270    1.401
  12960.00 0.167     699.883       3.567    1580.000       0.000    0.0002    9.654  919.897    7.297  381.888    1.739
  13020.00 0.166     705.756      11.924    1580.000       0.000    0.0002   10.003 1027.748    8.096  387.243    1.940
  13080.00 0.167     712.434       8.328    1540.000       0.000    0.0002   10.187 1106.159    6.306  386.866    1.666
  13140.00 0.170     709.195       5.977    1500.000       0.000    0.0002   10.089  892.708    6.645  386.206    1.720
  13200.00 0.167     703.860       6.491    1500.000       0.000    0.0002    9.737  771.972    5.978  391.065    1.782
  13260.00 0.163     704.798       9.985    1500.000       0.000    0.0002    9.293  845.592    6.067  394.572    1.553
  13320.00 0.159     697.795       7.504    1500.000       0.000    0.0002    8.817  900.845    6.072  393.810    1.766
  13380.00 0.163     695.082       4.918    1460.000       0.000    0.0002    8.325  972.685    5.663  389.076    1.890
  13440.00 0.159     698.585       1.785    1940.000       0.000    0.0002    7.866  924.171    5.595  381.158    2.055
  13500.00 0.158     697.461       6.409    1940.000       0.000    0.0002    7.285  737.309    4.694  376.025    1.472
  13560.00 0.155     698.231      10.174    1620.000       0.000    0.0002    6.710  612.393    4.932  378.189    1.319
  13620.00 0.150     696.618      10.081    1500.000       0.000    0.0002    6.410  633.126    5.131  378.415    1.242
  13680.00 0.144     690.915       7.051    1540.000       0.000    0.0002    6.432  631.692    5.454  371.479    1.394
  13740.00 0.147     683.416      10.050    1580.000       0.000    0.0002    6.685  589.965    5.403  368.501    1.420
  13800.00 0.141     683.917       2.426    1540.000       0.000    0.0002    7.253  841.823    5.900  374.161    1.381
  13860.00 0.139     679.718      12.042    1500.000       0.000    0.0002    8.281 1080.786    8.586  386.747    2.068
  13920.00 0.137     680.712       5.623    1500.000       0.000    0.0002    9.727 1325.907    7.771  405.712    2.365
  13980.00 0.132     681.220       9.945    1940.000       0.000    0.0002   11.213 1556.500    9.992  425.620    2.726
  14040.00 0.131     690.879       3.327    1940.000       0.000    0.0002   12.452 1735.476    9.062  441.150    3.070
  14100.00 0.135     701.013      11.646    1940.000       0.000    0.0002   12.773 1739.575    9.950  455.667    2.934
  14160.00 0.134     713.745      14.836    1940.000       0.000    0.0002   11.907 1873.546    9.057  465.025    3.359
  14220.00 0.135     721.372      10.072    1980.000       0.000    0.0002   10.415 1392.813    8.898  464.587    3.052
  14280.00 0.136     713.501       7.469    1940.000       0.000    0.0002    8.694  915.887    7.254  457.841    1.881
  14340.00 0.135     709.855       9.167    1940.000       0.000    0.0002    7.366  729.945    5.896  456.612    1.555
  14400.00 0.132     706.580      13.900    1580.000       0.000    0.0002    6.540  740.914    6.063  449.616    1.388
  14460.00 0.135     707.477       5.735    1540.000       0.000    0.0002    6.105  714.131    7.315  433.823    1.413
  14520.00 0.137     707.260      10.036    1580.000       0.000    0.0002    5.994  676.549    6.795  422.144    1.530
  14580.00 0.138     703.180       7.527    1540.000       0.000    0.0002    6.100  863.883    7.234  413.787    1.442
  14640.00 0.142     702.276      13.379    1540.000       0.000    0.0002    6.270 1024.788    6.362  406.157    1.397
  14700.00 0.141     709.879       9.775    1940.000       0.000    0.0002    6.325  944.871    5.448  403.371    1.725
  14760.00 0.139     721.786       8.581    1540.000       0.000    0.0002    6.167  914.346    6.040  402.444    1.739
  14820.00 0.145     730.068       6.757    1620.000       0.000    0.0002    5.826  817.869    5.692  396.762    1.384
  14880.00 0.141     721.485      10.639    1660.000       0.000    0.0002    5.201  642.643    5.151  391.859    1.647
  14940.00 0.140     708.307      12.949    1580.000       0.000    0.0002    4.431  635.622    4.789  389.785    1.571
  15000.00 0.142     707.448       7.172    1500.000       0.000    0.0002    3.816  482.265    4.526  384.350    1.168
  15060.00 0.142     705.577       7.642    1540.000       0.000    0.0002    3.402  326.115    4.714  374.819    1.058
  15120.00 0.142     692.552       4.000    1660.000       0.000    0.0002    3.247  398.629    4.980  368.409    1.156
  15180.00 0.144     689.577       7.580    1460.000       0.000    0.0002    3.200  493.767    5.246  367.685    1.294
  15240.00 0.134     687.810       9.161    1540.000       0.000    0.0002    3.230  501.609    5.093  367.484    1.413
  15300.00 0.133     678.382      10.074    1460.000       0.000    0.0002    3.302  508.362    5.591  365.052    1.305
  15360.00 0.127     677.154      10.115    1580.000       0.000    0.0002    3.344  527.403    5.317  362.854    1.402
  15420.00 0.125     677.276       5.875    1580.000       0.000    0.0002    3.368  414.853    5.244  362.879    1.222
  15480.00 0.128     675.741       4.943    1500.000       0.000    0.0002    3.437  440.574    5.703  363.925    1.339
  15540.00 0.135     680.109      10.417    1540.000       0.000    0.0002    3.660  493.640    5.689  364.399    1.177
  15600.00 0.131     661.341       7.039    1500.000       0.000    0.0002    4.079  506.597    4.913  366.010    1.206
  15660.00 0.134     663.144       5.887    1540.000       0.000    0.0002    4.697  505.639    6.111  372.396    1.461
  15720.00 0.134     665.182       9.818    1540.000       0.000    0.0002    5.389  520.106    6.572  381.150    1.534
  15780.00 0.131     657.907       6.393    1540.000       0.000    0.0002    6.127  655.351    7.758  388.073    1.576
  15840.00 0.133     661.101       5.505    1420.000       0.000    0.0002    6.889  878.006    7.054  394.415    1.730
  15900.00 0.136     671.020       6.333    1500.000       0.000    0.0002    7.622 1103.777    8.020  401.841    2.561
  15960.00 0.141     680.656       4.560    1460.000       0.000    0.0002    8.082 1030.989    8.152  406.555    2.068
  16020.00 0.142     679.277       9.811    1940.000       0.000    0.0002    8.210  987.941    5.762  410.200    1.877
  16080.00 0.138     672.226       3.357    1940.000       0.000    0.0002    8.045  573.444    5.984  415.730    1.582
  16140.00 0.136     683.184       4.508    1580.000       0.000    0.0002    7.741  533.313    6.103  420.928    1.403
  16200.00 0.138     693.074       9.258    1500.000       0.000    0.0002    7.458  498.726    6.379  421.218    1.400
  16260.00 0.142     701.715       5.935    1460.000       0.000    0.0002    7.220  609.172    6.367  419.519    1.694
  16320.00 0.142     688.797       9.141    1540.000       0.000    0.0002    7.262  799.705    7.034  419.996    1.536
  16380.00 0.140     688.392       9.580    1540.000       0.000    0.0002    7.609  909.729    6.641  421.671    1.707
  16440.00 0.143     695.959      10.000    1500.000       0.000    0.0002    7.996  917.645    6.814  424.943    1.946
  16500.00 0.142     696.690      17.655    1460.000       0.000    0.0002    8.314  798.867    6.952  428.781    1.628
  16560.00 0.145     692.941      11.798    1500.000       0.000    0.0002    8.708  683.036    6.425  434.220    1.675
  16620.00 0.150     708.925      13.355    1460.000       0.000    0.0002    9.086  657.954    6.713  439.669    1.786
  16680.00 0.152     710.306       3.156    1580.000       0.000    0.0002    9.180  674.520    6.434  441.637    1.724
  16740.00 0.155     705.849      11.289    1540.000       0.000    0.0002    9.056  777.301    6.743  441.805    1.764
  16800.00 0.159     711.367       6.298    1540.000       0.000    0.0002    8.766  814.312    6.518  441.877    1.512
  16860.00 0.155     712.390       4.969    1540.000       0.000    0.0002    8.357  686.168    5.972  440.075    1.528
  16920.00 0.151     712.065      15.000    1620.000       0.000    0.0002    7.945  689.628    5.884  436.475    1.533
  16980.00 0.146     707.667       4.433    1620.000       0.000    0.0002    7.590  736.529    5.661  433.992    1.603
  17040.00 0.146     694.314       5.385    1500.000       0.000    0.0002    7.405  706.526    5.703  435.278    1.307
  17100.00 0.146     698.995      12.194    1580.000       0.000    0.0002    7.361  808.923    5.793  435.584    1.490
  17160.00 0.148     689.223       8.496    1500.000       0.000    0.0002    7.303  780.983    5.923  432.316    1.248
  17220.00 0.147     696.944       8.106    1540.000       0.000    0.0002    7.303  685.539    5.760  429.297    1.247
  17280.00 0.146     691.853      10.217    1460.000       0.000    0.0002    7.237  637.190    6.219  430.882    1.426
  17340.00 0.146     705.000      16.467    1500.000       0.000    0.0002    7.214  551.992    6.459  432.622    1.512
  17400.00 0.150     700.196       9.984    1540.000       0.000    0.0002    7.226  486.570    5.426  430.980    1.339
  17460.00 0.150     694.797       5.854    1540.000       0.000    0.0002    7.283  511.066    6.528  432.260    1.368
  17520.00 0.155     693.681       4.771    1500.000       0.000    0.0002    7.566  589.656    6.609  438.073    1.473
  17580.00 0.152     687.500      14.263    1460.000       0.000    0.0002    7.900  670.675    7.120  441.607    1.783
  17640.00 0.158     699.690       4.954    1620.000       0.000    0.0002    8.226  723.856    7.614  441.029    1.669
  17700.00 0.160     710.654       7.032    1540.000       0.000    0.0002    8.307  803.199    6.571  441.483    1.837
  17760.00 0.158     704.830      10.062    1460.000       0.000    0.0002    8.132  842.063    6.668  445.000    1.843
  17820.00 0.157     713.416       7.298    1540.000       0.000    0.0002    7.661  775.536    5.653  447.409    1.448
  17880.00 0.155     714.092       8.847    1540.000       0.000    0.0002    7.090  725.259    6.252  446.982    1.609
  17940.00 0.155     719.147       5.877    1580.000       0.000    0.0002    6.672  486.836    6.986  443.493    1.447
  18000.00 0.149     713.224       8.478    1620.000       0.000    0.0002    6.521  529.306    6.373  441.846    1.455
  18060.00 0.144     718.540       6.520    1540.000       0.000    0.0002    6.643  600.907    7.320  442.596    1.566
  18120.00 0.149     721.508      13.246    1500.000       0.000    0.0002    6.752  647.139    5.878  442.898    1.609
  18180.00 0.148     720.132       7.459    1500.000       0.000    0.0002    6.892  720.166    6.915  444.878    1.801
  18240.00 0.146     718.358      14.439    1580.000       0.000    0.0002    6.935  774.866    8.210  447.766    1.883
  18300.00 0.144     717.619      11.259    1500.000       0.000    0.0002    7.051  917.249    7.313  449.279    1.930
  18360.00 0.135     704.501      12.922    1540.000       0.000    0.0002    7.226 1036.962    6.947  449.372    1.823
  18420.00 0.133     696.397       7.794    1940.000       0.000    0.0002    7.320  864.239    6.799  449.815    1.965
  18480.00 0.134     694.589       9.141    1540.000       0.000    0.0002    7.260  721.070    6.721  450.413    2.210
  18540.00 0.135     695.243       6.739    1940.000       0.000    0.0002    7.035  621.194    7.414  452.500    1.513
  18600.00 0.137     697.929      13.321    1620.000       0.000    0.0002    6.802  553.611    6.202  454.275    1.673
  18660.00 0.136     705.036       6.655    1540.000       0.000    0.0002    6.495  554.931    6.809  451.427    1.626
  18720.00 0.140     706.911       9.005    1540.000       0.000    0.0002    6.337  596.899    6.382  447.205    1.577
  18780.00 0.143     701.370       5.445    1540.000       0.000    0.0002    6.198  606.571    6.905  443.465    1.531
  18840.00 0.141     696.609      10.900    1540.000       0.000    0.0002    6.135  623.556    6.757  437.771    1.533
  18900.00 0.139     713.544       3.684    1540.000       0.000    0.0002    5.938  607.101    5.858  431.537    1.274
  18960.00 0.140     728.482       8.901    1460.000       0.000    0.0002    5.606  543.809    5.799  427.771    1.426
  19020.00 0.136     720.608      10.483    1540.000       0.000    0.0002    5.191  413.499    5.433  424.415    1.303
  19080.00 0.128     728.757      10.593    1540.000       0.000    0.0002    4.575  368.556    5.467  419.789    1.160
  19140.00 0.125     736.712      16.595    1580.000       0.000    0.0002    3.893  367.557    4.950  415.795    1.236
  19200.00 0.126     732.495      10.832    1540.000       0.000    0.0002    3.359  443.735    5.389  411.397    1.313
  19260.00 0.124     722.249       8.994    1540.000       0.000    0.0002    3.118  525.499    5.504  405.957    1.207
  19320.00 0.118     713.361       6.062    1460.000       0.000    0.0002    3.109  586.197    5.916  402.178    1.372
  19380.00 0.119     706.160       7.762    1500.000       0.000    0.0002    3.118  676.580    6.124  400.319    1.734
  19440.00 0.116     699.665       4.864    1500.000       0.000    0.0002    3.010  635.852    5.791  397.992    1.593
  19500.00 0.109     681.566      10.738    1620.000       0.000    0.0002    2.814  504.705    5.031  395.218    1.294
  19560.00 0.110     692.873       5.212    1660.000       0.000    0.0002    2.574  392.125    4.849  393.547    1.203
  19620.00 0.112     688.297      10.262    1620.000       0.000    0.0002    2.388  378.426    4.410  393.341    1.124
  19680.00 0.117     682.786       7.027    1580.000       0.000    0.0002    2.225  318.904    3.946  392.071    0.990
  19740.00 0.117     674.895       5.439    1500.000       0.000    0.0002    2.146  210.343    3.969  389.359    1.077
  19800.00 0.117     678.455       5.344    1580.000       0.000    0.0002    2.216  247.179    4.347  387.427    1.054
  19860.00 0.116     677.275       9.350    1500.000       0.000    0.0002    2.382  269.655    4.261  386.546    1.051
  19920.00 0.117     669.064       5.489    1420.000       0.000    0.0002    2.547  294.721    4.774  386.370    1.053
  19980.00 0.125     669.669       8.187    1460.000       0.000    0.0002    2.655  320.411    5.306  387.539    1.084
  20040.00 0.125     664.522       8.694    1460.000       0.000    0.0002    2.787  383.633    5.845  389.073    1.147
  20100.00 0.122     679.002       7.745    1500.000       0.000    0.0002    2.895  483.544    5.602  388.839    1.210
  20160.00 0.121     679.113       6.895    1500.000       0.000    0.0002    3.058  493.359    4.659  388.212    1.033
  20220.00 0.122     687.711       1.647    1580.000       0.000    0.0002    3.243  356.879    4.815  389.166    1.056
  20280.00 0.126     675.830       9.189    1380.000       0.000    0.0002    3.426  355.092    4.616  390.268    1.064
  20340.00 0.125     690.196       8.000    1500.000       0.000    0.0002    3.585  448.059    4.682  389.727    1.156
  20400.00 0.127     686.821       7.091    1420.000       0.000    0.0002    3.748  485.653    4.885  389.936    1.250
  20460.00 0.128     690.494       9.202    1460.000       0.000    0.0002    3.904  484.687    5.366  392.749    1.274
  20520.00 0.129     695.455       8.939    1540.000       0.000    0.0002    3.951  501.611    5.346  395.161    1.179
  20580.00 0.126     702.175       7.262    1380.000       0.000    0.0002    3.915  478.762    6.606  394.867    1.353
  20640.00 0.128     699.086       4.762    1420.000       0.000    0.0002    3.857  505.908    6.288  394.509    1.256
  20700.00 0.127     700.000       8.385    1460.000       0.000    0.0002    3.781  457.943    5.612  395.435    1.532
  20760.00 0.117     700.915       8.649    1460.000       0.000    0.0002    3.787  428.512    5.013  395.798    1.218
  20820.00 0.122     698.557      13.828    1420.000       0.000    0.0002    3.803  547.132    5.729  395.074    1.378
  20880.00 0.123     706.099      10.891    1460.000       0.000    0.0002    3.908  612.975    6.744  396.279    1.617
  20940.00 0.120     700.243       8.803    1420.000       0.000    0.0002    4.083  707.675    7.326  400.126    1.651
  21000.00 0.118     697.842      10.498    1460.000       0.000    0.0002    4.324  792.392    7.653  403.237    1.929
  21060.00 0.120     705.528      14.146    1660.000       0.000    0.0002    4.373  872.232    8.219  403.595    2.094
  21120.00 0.116     707.074       5.642    1700.000       0.000    0.0002    4.179  824.775    6.947  402.507    1.960
  21180.00 0.113     702.684       5.974    1940.000       0.000    0.0002    3.912  678.511    7.261  401.884    1.654
  21240.00 0.111     703.267       8.300    1580.000       0.000    0.0002    3.521  524.215    5.694  400.710    1.325
  21300.00 0.111     694.286      10.505    1500.000       0.000    0.0002    3.251  359.966    4.726  398.634    1.211
  21360.00 0.119     702.053      12.936    1500.000       0.000    0.0002    3.090  326.388    5.117  395.882    1.244
  21420.00 0.126     688.194       6.485    1540.000       0.000    0.0002    3.024  356.534    5.016  393.744    1.148
  21480.00 0.128     686.489       5.878    1460.000       0.000    0.0002    3.039  391.623    5.666  393.267    1.199
  21540.00 0.128     684.857       8.107    1460.000       0.000    0.0002    3.131  429.610    6.060  392.121    1.234
  21600.00 0.134     685.766       7.190    1660.000       0.000    0.0002    3.243  491.112    6.375  390.557    1.357
  21660.00 0.137     684.227       8.099    1500.000       0.000    0.0002    3.329  516.672    5.972  390.721    1.327
  21720.00 0.142     684.372       8.434    1540.000       0.000    0.0002    3.427  408.780    4.572  392.186    1.117
  21780.00 0.137     676.643      10.750    1540.000       0.000    0.0002    3.644  281.795    4.961  394.130    1.202
  21840.00 0.143     676.986       3.527    1500.000       0.000    0.0002    3.984  379.153    5.324  396.750    1.291
  21900.00 0.146     683.533       6.033    1460.000       0.000    0.0002    4.490  407.058    5.657  401.601    1.332
  21960.00 0.149     678.689       7.246    1420.000       0.000    0.0002    5.148  402.074    5.762  408.557    1.260
  22020.00 0.149     684.433       9.327    1420.000       0.000    0.0002    5.856  489.631    5.752  416.065    1.399
  22080.00 0.152     693.269       7.372    1380.000       0.000    0.0002    6.682  599.961    6.666  425.164    1.654
  22140.00 0.157     695.342      11.398    1500.000       0.000    0.0002    7.692  794.602    7.689  438.546    2.001
  22200.00 0.164     709.180       6.647    1500.000       0.000    0.0002    8.779 1034.230    8.627  453.789    2.309
  22260.00 0.162     712.205       7.915    1940.000       0.000    0.0002    9.824 1153.212    8.395  464.946    2.453
  22320.00 0.165     711.302      11.006    1940.000       0.000    0.0002   10.624 1160.458    9.699  473.614    2.333
  22380.00 0.166     716.106      10.885    1940.000       0.000    0.0002   11.107 1147.420    7.360  487.190    2.370
  22440.00 0.162     714.857      12.120    2020.000       0.000    0.0002   11.296  896.916    7.691  504.642    2.171
  22500.00 0.162     716.858      10.483    1940.000       0.000    0.0002   11.374  753.464    7.985  518.491    1.867
  22560.00 0.163     721.769       7.526    1620.000       0.000    0.0002   11.432  867.596    8.155  526.149    1.925
  22620.00 0.163     726.487      10.703    1620.000       0.000    0.0002   11.444 1068.066    8.712  530.849    2.369
  22680.00 0.165     722.018      13.294    1940.000       0.000    0.0002   11.301 1281.770    8.121  531.344    2.495
  22740.00 0.167     720.204      14.745    1940.000       0.000    0.0002   10.759 1164.937    7.541  529.108    2.210
  22800.00 0.166     722.673      12.570    1940.000       0.000    0.0002   10.197 1069.278    6.877  528.917    1.910
  22860.00 0.171     729.672       8.131    1940.000       0.000    0.0002    9.562  949.570    6.979  526.809    1.857
  22920.00 0.175     736.983       7.682    1940.000       0.000    0.0002    8.981  771.202    6.935  523.528    1.857
  22980.00 0.177     737.300       5.317    1500.000       0.000    0.0002    8.620  729.711    7.717  522.661    2.033
  23040.00 0.170     733.669       7.022    1540.000       0.000    0.0002    8.272  724.985    6.828  522.532    2.337
  23100.00 0.168     730.189       6.560    1580.000       0.000    0.0002    7.943  885.885    7.594  518.694    1.692
  23160.00 0.166     724.235       6.706    1580.000       0.000    0.0002    7.781  846.112    6.822  512.391    1.736
  23220.00 0.166     724.435      11.278    1940.000       0.000    0.0002    7.859  533.359    5.822  509.171    1.549
  23280.00 0.163     731.138       9.042    1540.000       0.000    0.0002    7.913  513.088    5.956  509.860    1.559
  23340.00 0.168     735.704      11.872    1540.000       0.000    0.0002    8.058  514.064    6.314  509.665    1.497
  23400.00 0.170     737.421       8.940    1500.000       0.000    0.0002    8.217  533.847    6.356  510.292    1.533
  23460.00 0.173     744.288       9.676    1580.000       0.000    0.0002    8.613  609.055    6.697  517.694    1.759
  23520.00 0.174     746.798       3.764    1660.000       0.000    0.0002    9.107  754.906    7.633  526.549    1.834
  23580.00 0.171     745.714       3.771    1620.000       0.000    0.0002    9.672  922.047    8.939  532.162    1.995
  23640.00 0.168     756.769      16.419    1940.000       0.000    0.0002   10.080 1025.239    8.148  535.478    2.199
  23700.00 0.171     754.993       9.471    1940.000       0.000    0.0002   10.099  953.836    7.782  538.392    2.131
  23760.00 0.167     754.927       7.784    1940.000       0.000    0.0002   10.028  866.387    7.168  543.859    2.034
  23820.00 0.161     755.357       7.678    1940.000       0.000    0.0002    9.907  599.197    7.127  549.404    1.605
  23880.00 0.162     760.964       6.084    1540.000       0.000    0.0002    9.832  625.040    7.247  554.888    1.698
  23940.00 0.166     754.860      13.333    1620.000       0.000    0.0002    9.792  789.134    7.989  560.765    1.738
  24000.00 0.164     757.771       7.489    1620.000       0.000    0.0002    9.991  903.575    7.530  564.960    1.750
  24060.00 0.161     749.743       6.203    1660.000       0.000    0.0002   10.366  866.312    6.680  565.161    1.810
  24120.00 0.158     753.849      10.757    1940.000       0.000    0.0002   10.523  725.976    7.646  569.647    1.832
  24180.00 0.158     748.854       6.161    1660.000       0.000    0.0002   10.595  706.723    7.871  579.938    1.860
  24240.00 0.152     752.238       4.090    1620.000       0.000    0.0002   10.549  756.305    8.078  584.178    1.869
  24300.00 0.153     749.393       9.425    1540.000       0.000    0.0002   10.415  693.882    7.911  583.420    1.850
  24360.00 0.148     763.036       9.868    1580.000       0.000    0.0002   10.273  625.373    7.426  583.454    1.757
  24420.00 0.145     750.118       7.015    1620.000       0.000    0.0002   10.057  754.909    8.300  583.570    1.977
  24480.00 0.146     771.505      16.054    1580.000       0.000    0.0002   10.013  870.828    9.176  585.175    1.947
  24540.00 0.144     759.966      12.971    1620.000       0.000    0.0002   10.039  844.567    8.795  589.343    2.164
  24600.00 0.139     731.620       5.669    1940.000       0.000    0.0002   10.225  941.903    8.204  590.932    1.889
  24660.00 0.141     738.819      12.639    1700.000       0.000    0.0002   10.618  938.331    8.490  596.644    1.971
  24720.00 0.138     741.340       6.878    1660.000       0.000    0.0002   11.210 1251.463    8.466  606.044    2.448
  24780.00 0.143     744.096       3.106    1940.000       0.000    0.0002   11.852 1486.955    8.833  608.933    2.516
  24840.00 0.141     732.222       5.799    1940.000       0.000    0.0002   12.402 1365.192    7.670  608.525    2.635
  24900.00 0.142     741.856       8.454    1940.000       0.000    0.0002   12.788  955.078    6.932  612.565    2.292
  24960.00 0.136     743.519       1.185    1940.000       0.000    0.0002   13.059  919.843    7.793  629.192    2.143
  25020.00 0.140     748.904       8.035    1580.000       0.000    0.0002   13.598 1329.796    9.739  650.705    2.383
  25080.00 0.142     749.586      11.310    1940.000       0.000    0.0002   14.306 1708.305   10.363  662.036    2.763
  25140.00 0.140     740.559       9.231    1940.000       0.000    0.0002   14.443 2225.501   10.618  659.965    2.987
  25200.00 0.140     758.713      14.852    1980.000       0.000    0.0002   13.415 2214.101   10.067  654.853    2.986
  25260.00 0.143     749.625       7.440    2020.000       0.000    0.0002   11.532 1680.572   10.054  654.161    2.526
  25320.00 0.143     752.397       9.589    1940.000       0.000    0.0002    9.202 1128.724    8.459  652.178    2.316
  25380.00 0.136     748.515      11.234    1940.000       0.000    0.0002    7.144  968.230    6.276  635.888    2.016
  25440.00 0.131     730.260      18.327    1940.000       0.000    0.0002    5.830  786.122    6.087  608.635    1.519
  25500.00 0.133     730.441      10.846    1580.000       0.000    0.0002    4.935  588.985    7.444  588.690    1.603
  25560.00 0.137     714.875       6.085    1660.000       0.000    0.0002    4.528  602.154    8.706  579.679    1.669
  25620.00 0.128     712.190       9.867    1660.000       0.000    0.0002    4.761  802.020    6.993  566.773    1.660
  25680.00 0.129     725.076       5.682    1940.000       0.000    0.0002    5.248 1003.490    6.902  553.246    1.746
  25740.00 0.129     738.189       5.321    1940.000       0.000    0.0002    5.574  897.594    7.247  549.925    1.766
  25800.00 0.125     749.141       9.414    1940.000       0.000    0.0002    5.669  808.537    7.127  551.048    1.600
  25860.00 0.125     751.663       5.166    1660.000       0.000    0.0002    5.476  652.568    6.883  544.231    1.469
  25920.00 0.122     767.280       8.440    1700.000       0.000    0.0002    5.035  574.484    7.043  533.204    1.419
  25980.00 0.118     770.393       4.182    1620.000       0.000    0.0002    4.673  516.254    6.547  524.938    1.525
  26040.00 0.115     791.247       9.091    1620.000       0.000    0.0002    4.286  497.763    7.407  520.143    1.660
  26100.00 0.111     781.501      13.819    1580.000       0.000    0.0002    3.833  472.938    6.331  514.891    1.237
  26160.00 0.108     793.634       4.921    1540.000       0.000    0.0002    3.368  336.073    5.363  508.165    1.458
  26220.00 0.103     794.157       8.409    1540.000       0.000    0.0002    3.065  357.533    5.314  503.470    1.344
  26280.00 0.107     773.818       5.591    1580.000       0.000    0.0002    2.770  304.001    5.725  499.069    1.326
  26340.00 0.103     750.591       8.652    1540.000       0.000    0.0002    2.502  305.498    5.211  492.873    1.403
  26400.00 0.103     725.810       4.524    1500.000       0.000    0.0002    2.244  245.710    4.395  486.718    1.111
  26460.00 0.103     719.242       5.782    1500.000       0.000    0.0002    1.950  214.815    3.762  482.658    0.951
  26520.00 0.099     712.475       9.208    1460.000       0.000    0.0002    1.724  172.800    4.270  479.305    0.968
  26580.00 0.093     700.526      10.105    1420.000       0.000    0.0002    1.625  178.044    4.484  474.985    0.932
  26640.00 0.098     684.677      13.035    1580.000       0.000    0.0002    1.651  176.204    4.051  472.210    0.905
  26700.00 0.103     691.238       6.571    1500.000       0.000    0.0002    1.765  222.518    3.944  471.054    1.054
  26760.00 0.103     700.851       3.404    1540.000       0.000    0.0002    1.902  233.364    5.592  469.118    1.298
  26820.00 0.108     693.560       6.032    1460.000       0.000    0.0002    2.092  262.247    5.867  468.065    1.154
  26880.00 0.111     698.855       6.608    1500.000       0.000    0.0002    2.373  277.754    5.171  469.131    1.131
  26940.00 0.111     702.719       8.596    1500.000       0.000    0.0002    2.650  232.778    4.807  468.691    1.153
  27000.00 0.116     703.882       6.835    1580.000       0.000    0.0002    2.925  233.933    5.186  467.095    1.328
  27060.00 0.124     704.558      10.688    1460.000       0.000    0.0002    3.134  305.810    5.505  467.849    1.117
  27120.00 0.122     713.600       7.160    1500.000       0.000    0.0002    3.269  299.558    4.438  469.298    1.209
  27180.00 0.123     706.680       5.328    1500.000       0.000    0.0002    3.327  317.108    4.545  470.129    1.139
  27240.00 0.126     717.087      16.466    1540.000       0.000    0.0002    3.356  464.697    4.983  471.837    1.233
  27300.00 0.127     708.092      14.952    1460.000       0.000    0.0002    3.425  467.662    6.161  474.559    1.279
  27360.00 0.125     710.547      13.555    1580.000       0.000    0.0002    3.628  506.047    5.935  476.666    1.424
  27420.00 0.122     703.614       5.141    1580.000       0.000    0.0002    3.950  624.243    6.346  477.638    1.456
  27480.00 0.123     701.032       7.897    1460.000       0.000    0.0002    4.301  671.724    6.272  479.842    1.533
  27540.00 0.120     710.754      13.360    1460.000       0.000    0.0002    4.542  706.751    6.430  482.686    1.600
  27600.00 0.127     714.587       5.067    1540.000       0.000    0.0002    4.642  733.258    6.788  484.182    1.734
  27660.00 0.123     717.256      10.298    1540.000       0.000    0.0002    4.651  647.925    7.081  486.193    1.722
  27720.00 0.119     716.475       6.926    1620.000       0.000    0.0002    4.699  541.118    6.455  488.548    1.637
  27780.00 0.129     718.038       4.038    1660.000       0.000    0.0002    4.630  492.550    5.830  490.048    1.268
  27840.00 0.136     722.334       2.370    1540.000       0.000    0.0002    4.583  402.371    6.186  491.989    1.567
  27900.00 0.137     723.387       9.804    1500.000       0.000    0.0002    4.559  511.966    6.648  493.125    1.859
  27960.00 0.142     725.955       8.571    1540.000       0.000    0.0002    4.532  524.608    6.512  492.382    1.592
  28020.00 0.144     716.678       4.475    1500.000       0.000    0.0002    4.517  375.606    6.015  491.169    1.589
  28080.00 0.146     721.307       9.179    1540.000       0.000    0.0002    4.387  370.156    5.471  491.418    1.412
  28140.00 0.147     729.983       3.250    1620.000       0.000    0.0002    4.206  278.109    4.074  490.779    1.164
  28200.00 0.149     722.397      12.874    1660.000       0.000    0.0002    4.097  314.389    5.482  488.861    1.243
  28260.00 0.150     726.429       3.864    1580.000       0.000    0.0002    4.077  354.453    5.862  488.881    1.336
  28320.00 0.143     726.007       8.225    1500.000       0.000    0.0002    4.267  369.663    7.784  489.457    1.441
  28380.00 0.143     727.192       9.247    1580.000       0.000    0.0002    4.428  380.333    6.901  488.418    1.536
  28440.00 0.145     722.230      11.926    1460.000       0.000    0.0002    4.573  355.336    6.307  487.593    1.450
  28500.00 0.149     733.103       6.634    1460.000       0.000    0.0002    4.553  340.995    5.804  488.059    1.202
  28560.00 0.153     731.083       9.968    1500.000       0.000    0.0002    4.418  500.414    5.734  488.271    1.293
  28620.00 0.154     737.524       7.968    1460.000       0.000    0.0002    4.257  514.450    5.114  487.332    1.209
  28680.00 0.150     737.199       5.472    1460.000       0.000    0.0002    4.217  492.014    5.207  485.740    1.527
  28740.00 0.147     731.126       7.848    1460.000       0.000    0.0002    4.212  355.222    4.977  485.080    1.312
  28800.00 0.149     730.376       8.085    1500.000       0.000    0.0002    4.171  371.211    5.094  485.210    1.528
