#  time      cc     z_cbase    z_ctop_avg  z_ctop_max      zi         we   <<ql>>  <<ql>>_max   w_max   tke     ql_max
     60.00 0.000       0.000       0.000       0.000       0.000    0.0002    0.000    0.000    0.180  616.611    0.000
    120.00 0.000       0.000       0.000       0.000       0.000    0.0002    0.000    0.000    0.285  417.080    0.000
    180.00 0.000       0.000       0.000       0.000       0.000    0.0002    0.000    0.000    0.376  300.132    0.000
    240.00 0.000       0.000       0.000       0.000       0.000    0.0002    0.000    0.000    0.302  225.791    0.000
    300.00 0.000       0.000       0.000       0.000       0.000    0.0002    0.000    0.000    0.259  176.547    0.000
    360.00 0.000       0.000       0.000       0.000       0.000    0.0002    0.000    0.000    0.272  143.365    0.000
    420.00 0.000       0.000       0.000       0.000       0.000    0.0002    0.000    0.000    0.285  121.102    0.000
    480.00 0.000       0.000       0.000       0.000       0.000    0.0002    0.000    0.000    0.349  105.696    0.000
    540.00 0.000       0.000       0.000       0.000       0.000    0.0002    0.000    0.000    0.393   93.867    0.000
    600.00 0.000       0.000       0.000       0.000       0.000    0.0002    0.000    0.000    0.415   84.572    0.000
    660.00 0.000       0.000       0.000       0.000       0.000    0.0002    0.000    0.000    0.451   77.985    0.000
    720.00 0.000       0.000       0.000       0.000       0.000    0.0002    0.000    0.000    0.507   73.659    0.000
    780.00 0.000       0.000       0.000       0.000       0.000    0.0002    0.000    0.000    0.511   70.868    0.000
    840.00 0.000       0.000       0.000       0.000       0.000    0.0002    0.000    0.000    0.528   69.097    0.000
    900.00 0.000       0.000       0.000       0.000       0.000    0.0002    0.000    0.000    0.613   67.874    0.000
    960.00 0.000       0.000       0.000       0.000       0.000    0.0002    0.000    0.000    0.643   67.245    0.000
   1020.00 0.000       0.000       0.000       0.000       0.000    0.0002    0.000    0.000    0.686   67.705    0.000
   1080.00 0.000       0.000       0.000       0.000       0.000    0.0002    0.000    0.000    0.724   69.264    0.000
   1140.00 0.000       0.000       0.000       0.000       0.000    0.0002    0.000    0.000    0.766   71.553    0.000
   1200.00 0.000     580.000       0.000     580.000       0.000    0.0002    0.000    1.165    0.834   74.520    0.026
   1260.00 0.001     580.000       0.000     580.000       0.000    0.0002    0.001    1.918    0.892   78.313    0.043
   1320.00 0.002     572.000       0.000     580.000       0.000    0.0002    0.002    2.182    0.993   83.085    0.049
   1380.00 0.007     562.222       0.000     580.000       0.000    0.0002    0.009    4.628    1.075   89.063    0.104
   1440.00 0.015     562.581       0.000     580.000       0.000    0.0002    0.029    9.620    1.159   96.323    0.124
   1500.00 0.024     564.800       0.000     660.000       0.000    0.0002    0.071   13.532    1.267  104.724    0.191
   1560.00 0.039     565.316       3.671     660.000       0.000    0.0002    0.148   22.316    1.391  114.215    0.241
   1620.00 0.056     566.435       0.000     660.000       0.000    0.0002    0.273   36.271    1.587  124.818    0.343
   1680.00 0.072     567.703       1.824     660.000       0.000    0.0002    0.475   53.461    1.974  136.479    0.449
   1740.00 0.096     565.714       4.847     700.000       0.000    0.0002    0.773   78.994    2.416  149.099    0.589
   1800.00 0.114     566.409       8.473     700.000       0.000    0.0002    1.196  120.637    2.752  162.511    0.744
   1860.00 0.127     568.177       5.797     780.000       0.000    0.0002    1.753  162.938    2.891  176.423    0.801
   1920.00 0.144     569.728       9.422     820.000       0.000    0.0002    2.443  188.039    3.715  190.585    0.900
   1980.00 0.155     571.244       5.795     860.000       0.000    0.0002    3.251  225.393    4.119  204.733    0.958
   2040.00 0.170     573.612       7.309     940.000       0.000    0.0002    4.136  288.706    4.210  218.432    1.072
   2100.00 0.177     579.229       5.069    1060.000       0.000    0.0002    5.040  341.037    4.261  231.375    1.210
   2160.00 0.190     581.643       4.031    1300.000       0.000    0.0002    5.908  392.678    4.791  243.079    1.307
   2220.00 0.194     585.347       7.011    1340.000       0.000    0.0002    6.708  407.088    4.444  252.995    1.167
   2280.00 0.197     588.845       5.391    1420.000       0.000    0.0002    7.373  426.074    4.432  261.030    1.230
   2340.00 0.204     595.120       7.847    1340.000       0.000    0.0002    7.908  439.311    4.412  267.142    1.249
   2400.00 0.198     596.049       8.716    1300.000       0.000    0.0002    8.229  480.349    4.668  271.046    1.324
   2460.00 0.200     600.439       6.902    1340.000       0.000    0.0002    8.425  528.364    4.702  272.778    1.269
   2520.00 0.192     606.429       5.464    1340.000       0.000    0.0002    8.444  549.519    4.562  272.405    1.284
   2580.00 0.188     612.562       9.311    1340.000       0.000    0.0002    8.354  489.073    4.300  270.345    1.093
   2640.00 0.180     622.609       6.793    1500.000       0.000    0.0002    8.194  498.435    4.394  268.141    1.202
   2700.00 0.170     623.668       7.908    1420.000       0.000    0.0002    8.113  505.208    5.128  266.156    1.453
   2760.00 0.165     631.285       2.806    1420.000       0.000    0.0002    8.121  593.474    5.533  264.515    1.634
   2820.00 0.157     634.534       7.547    1380.000       0.000    0.0002    8.244  755.071    6.174  263.045    1.714
   2880.00 0.153     640.351       9.187    1340.000       0.000    0.0002    8.289  932.704    7.427  260.384    1.996
   2940.00 0.149     640.327       7.876    1420.000       0.000    0.0002    8.092 1158.278    7.451  256.909    2.123
   3000.00 0.145     649.477      12.648    1380.000       0.000    0.0002    7.660 1319.750    6.972  253.168    2.029
   3060.00 0.142     651.670       3.064    1940.000       0.000    0.0002    6.878 1210.136    5.659  246.639    1.883
   3120.00 0.137     650.429       8.107    1940.000       0.000    0.0002    5.900  938.479    5.587  240.437    1.636
   3180.00 0.132     646.765       2.218    1460.000       0.000    0.0002    4.911  688.576    4.478  234.314    1.387
   3240.00 0.135     649.493       6.667    1540.000       0.000    0.0002    3.892  541.650    4.106  224.675    1.241
   3300.00 0.129     650.113       4.830    1540.000       0.000    0.0002    3.061  448.484    3.807  214.694    1.241
   3360.00 0.121     645.616       4.242    1500.000       0.000    0.0002    2.454  387.348    3.610  207.188    1.031
   3420.00 0.110     641.511       4.222    1540.000       0.000    0.0002    2.100  296.165    3.733  201.468    1.014
   3480.00 0.105     628.000       4.233    1300.000       0.000    0.0002    1.932  274.659    3.530  196.634    0.910
   3540.00 0.106     627.706       6.743    1380.000       0.000    0.0002    1.885  341.166    3.383  192.705    1.187
   3600.00 0.103     630.190      10.143    1580.000       0.000    0.0002    1.898  413.330    4.648  189.585    1.383
   3660.00 0.097     627.940      10.302    1300.000       0.000    0.0002    1.946  535.539    5.951  187.446    1.618
   3720.00 0.097     632.997      10.277    1340.000       0.000    0.0002    1.981  688.618    6.393  186.422    1.653
   3780.00 0.095     638.763       9.433    1300.000       0.000    0.0002    1.967  648.428    4.756  185.463    1.473
   3840.00 0.091     629.626       6.417    1500.000       0.000    0.0002    1.910  450.730    5.507  184.027    1.180
   3900.00 0.091     623.342       1.779    1500.000       0.000    0.0002    1.836  386.629    4.832  183.495    0.941
   3960.00 0.095     632.174      11.407    1380.000       0.000    0.0002    1.744  269.212    3.322  183.016    0.878
   4020.00 0.099     632.049       5.630    1380.000       0.000    0.0002    1.590  238.483    2.998  181.966    0.743
   4080.00 0.100     634.216       4.167    1380.000       0.000    0.0002    1.391  263.483    3.148  181.731    0.780
   4140.00 0.100     630.784       5.147    1300.000       0.000    0.0002    1.272  262.459    2.856  182.089    0.900
   4200.00 0.094     623.411      10.233    1300.000       0.000    0.0002    1.210  256.367    3.147  182.013    0.942
   4260.00 0.095     614.987       4.246    1300.000       0.000    0.0002    1.168  266.945    3.357  182.049    0.900
   4320.00 0.098     616.808       6.883    1300.000       0.000    0.0002    1.157  262.204    3.190  182.740    0.849
   4380.00 0.103     620.000       3.238    1220.000       0.000    0.0002    1.163  217.534    3.166  183.719    0.750
   4440.00 0.106     607.373      10.461    1300.000       0.000    0.0002    1.237  164.114    3.122  185.096    0.751
   4500.00 0.108     608.172      13.995    1300.000       0.000    0.0002    1.384  175.915    2.735  186.939    0.721
   4560.00 0.108     606.576       2.902     980.000       0.000    0.0002    1.614  206.298    3.166  188.820    0.841
   4620.00 0.105     603.721      10.372    1060.000       0.000    0.0002    1.881  282.001    4.185  190.896    0.987
   4680.00 0.110     605.188       9.978    1220.000       0.000    0.0002    2.199  359.601    4.561  193.578    1.127
   4740.00 0.110     606.962       8.603    1300.000       0.000    0.0002    2.547  446.170    4.554  196.731    1.259
   4800.00 0.116     612.321       6.624    1300.000       0.000    0.0002    2.900  536.534    4.492  200.063    1.225
   4860.00 0.121     612.274       7.284    1300.000       0.000    0.0002    3.220  590.823    4.142  203.287    1.081
   4920.00 0.122     608.353      12.088    1300.000       0.000    0.0002    3.517  619.243    4.780  206.374    1.260
   4980.00 0.130     611.278       5.038    1420.000       0.000    0.0002    3.786  637.361    5.266  209.540    1.422
   5040.00 0.129     611.423       6.186    1460.000       0.000    0.0002    4.006  609.222    5.361  212.976    1.313
   5100.00 0.129     617.273       6.629    1500.000       0.000    0.0002    4.134  595.456    4.753  216.143    1.660
   5160.00 0.129     620.152       4.896    1300.000       0.000    0.0002    4.209  549.162    4.430  218.784    1.111
   5220.00 0.130     621.128      11.090    1340.000       0.000    0.0002    4.199  535.530    4.903  221.757    1.197
   5280.00 0.129     617.807       9.565    1380.000       0.000    0.0002    4.203  639.548    4.820  224.189    1.207
   5340.00 0.132     617.180      11.577    1380.000       0.000    0.0002    4.194  687.696    4.794  225.430    1.331
   5400.00 0.131     623.643       6.654    1500.000       0.000    0.0002    4.237  659.021    5.182  226.492    1.349
   5460.00 0.132     620.297      10.575    1460.000       0.000    0.0002    4.360  558.058    4.915  227.179    1.233
   5520.00 0.141     620.276      16.373    1380.000       0.000    0.0002    4.452  397.870    3.822  227.215    1.025
   5580.00 0.138     619.858       6.738    1340.000       0.000    0.0002    4.538  377.471    4.660  227.514    1.149
   5640.00 0.142     617.728       4.337    1420.000       0.000    0.0002    4.569  444.550    4.773  227.982    1.113
   5700.00 0.144     621.015       6.227    1340.000       0.000    0.0002    4.613  484.846    4.227  228.363    1.152
   5760.00 0.144     619.729       5.932    1420.000       0.000    0.0002    4.741  431.788    3.790  229.258    0.953
   5820.00 0.143     622.393      12.137    1380.000       0.000    0.0002    4.918  427.133    3.971  230.805    1.077
   5880.00 0.146     623.490       6.980    1460.000       0.000    0.0002    5.150  524.060    4.650  232.690    1.215
   5940.00 0.150     626.786       9.168    1380.000       0.000    0.0002    5.340  601.972    4.867  234.689    1.281
   6000.00 0.146     629.067      10.467    1380.000       0.000    0.0002    5.497  669.439    5.480  236.970    1.396
   6060.00 0.148     629.555      10.016    1300.000       0.000    0.0002    5.542  691.904    6.098  239.404    1.515
   6120.00 0.150     637.662       8.766    1340.000       0.000    0.0002    5.538  794.774    5.798  241.147    1.540
   6180.00 0.145     629.257       9.662    1500.000       0.000    0.0002    5.351  782.143    3.941  241.553    1.334
   6240.00 0.148     632.850       6.722    1540.000       0.000    0.0002    5.068  523.924    3.834  241.202    1.133
   6300.00 0.146     631.993       9.112    1500.000       0.000    0.0002    4.781  440.923    3.923  240.486    1.120
   6360.00 0.146     638.054       5.872    1420.000       0.000    0.0002    4.544  359.024    4.066  238.725    1.023
   6420.00 0.140     634.261       8.870    1500.000       0.000    0.0002    4.388  316.930    3.820  237.099    0.992
   6480.00 0.140     631.049      15.280    1420.000       0.000    0.0002    4.355  313.931    4.152  235.993    0.924
   6540.00 0.134     632.628       1.058    1380.000       0.000    0.0002    4.412  360.476    4.130  235.622    0.907
   6600.00 0.141     641.522       2.561    1340.000       0.000    0.0002    4.527  391.847    5.024  236.690    1.103
   6660.00 0.139     639.684       6.573    1420.000       0.000    0.0002    4.781  504.352    5.169  238.704    1.047
   6720.00 0.142     642.024       5.489    1340.000       0.000    0.0002    5.201  677.002    4.973  241.384    1.314
   6780.00 0.140     642.191       5.739    1420.000       0.000    0.0002    5.706  826.563    5.010  245.554    1.382
   6840.00 0.133     643.162       4.154    1500.000       0.000    0.0002    6.147  889.387    5.166  250.833    1.605
   6900.00 0.129     648.053      11.380    1420.000       0.000    0.0002    6.449  860.755    5.237  255.984    1.467
   6960.00 0.130     652.270       6.341    1540.000       0.000    0.0002    6.741  764.398    5.271  261.041    1.401
   7020.00 0.129     650.606       6.856    1460.000       0.000    0.0002    7.105  785.919    5.758  265.651    1.705
   7080.00 0.131     657.542       8.268    1420.000       0.000    0.0002    7.353  824.093    5.852  269.019    1.576
   7140.00 0.128     659.238       6.438    1580.000       0.000    0.0002    7.374  797.954    5.816  270.821    1.411
   7200.00 0.128     659.465       9.293    1500.000       0.000    0.0002    7.122  665.713    5.110  272.099    1.187
   7260.00 0.127     664.990       6.948    1580.000       0.000    0.0002    6.785  610.197    4.983  273.627    1.322
   7320.00 0.124     665.613       7.549    1540.000       0.000    0.0002    6.394  664.455    6.046  275.105    1.496
   7380.00 0.123     667.873      10.895    1460.000       0.000    0.0002    6.052  796.966    6.339  275.141    1.410
   7440.00 0.123     658.966       6.203    1460.000       0.000    0.0002    5.849  859.732    5.504  274.253    1.552
   7500.00 0.121     663.871       7.782    1420.000       0.000    0.0002    5.774 1024.423    5.377  273.752    1.392
   7560.00 0.119     657.043       9.569    1420.000       0.000    0.0002    5.879 1158.150    6.090  276.032    1.753
   7620.00 0.119     657.942       1.358    1940.000       0.000    0.0002    6.001 1090.660    6.480  280.268    2.029
   7680.00 0.115     651.356       6.822    1420.000       0.000    0.0002    6.202  867.129    6.061  284.460    2.444
   7740.00 0.120     655.275       9.654    1940.000       0.000    0.0002    6.408  780.562    5.308  286.928    2.048
   7800.00 0.121     661.134       9.069    1500.000       0.000    0.0002    6.533  706.271    5.718  288.428    1.765
   7860.00 0.123     667.683      10.614    1660.000       0.000    0.0002    6.452  796.602    5.647  289.857    1.677
   7920.00 0.124     660.236      12.495    1540.000       0.000    0.0002    6.318  946.721    6.513  291.680    1.707
   7980.00 0.128     662.205       9.392    1500.000       0.000    0.0002    6.337 1153.135    6.761  294.262    1.857
   8040.00 0.129     650.397      11.304    1500.000       0.000    0.0002    6.521 1262.380    5.678  293.651    1.862
   8100.00 0.132     634.842       4.972    1940.000       0.000    0.0002    6.669 1219.128    5.576  290.773    2.039
   8160.00 0.129     636.742       4.394    1940.000       0.000    0.0002    6.383 1045.043    5.129  290.933    1.822
   8220.00 0.130     632.731       6.064    1940.000       0.000    0.0002    5.951  839.486    4.828  295.226    1.431
   8280.00 0.133     634.191       7.721    1500.000       0.000    0.0002    5.544  692.576    4.711  296.916    1.210
   8340.00 0.138     642.827       4.311    1420.000       0.000    0.0002    5.197  573.893    5.127  293.172    1.473
   8400.00 0.141     652.124       7.047    1500.000       0.000    0.0002    5.062  551.671    5.250  289.777    1.285
   8460.00 0.140     657.983       5.183    1460.000       0.000    0.0002    5.055  626.541    5.903  289.065    1.373
   8520.00 0.137     658.786       9.286    1540.000       0.000    0.0002    5.146  666.871    7.162  289.538    1.744
   8580.00 0.138     650.922       6.383    1380.000       0.000    0.0002    5.231  783.720    6.796  288.678    1.849
   8640.00 0.142     643.890       7.745    1460.000       0.000    0.0002    5.312  647.248    5.018  288.074    1.285
   8700.00 0.145     644.283       4.182    1460.000       0.000    0.0002    5.458  555.982    5.243  289.774    1.539
   8760.00 0.142     645.111       3.259    1540.000       0.000    0.0002    5.583  591.450    5.813  291.204    1.533
   8820.00 0.138     648.642       4.903    1500.000       0.000    0.0002    5.745  746.654    6.701  292.299    1.569
   8880.00 0.142     654.010      11.807    1500.000       0.000    0.0002    6.012  813.136    6.967  294.344    1.799
   8940.00 0.142     651.286      10.017    1460.000       0.000    0.0002    6.261  911.867    5.914  296.824    1.737
   9000.00 0.138     651.661       3.498    1460.000       0.000    0.0002    6.482  899.645    5.663  300.127    1.921
   9060.00 0.144     646.350      11.749    1620.000       0.000    0.0002    6.613  945.313    5.746  304.059    1.795
   9120.00 0.143     657.397       8.733    1940.000       0.000    0.0002    6.599  800.234    5.480  305.210    1.835
   9180.00 0.137     653.440       9.875    1540.000       0.000    0.0002    6.466  674.495    4.993  305.205    1.502
   9240.00 0.135     665.477       6.631    1700.000       0.000    0.0002    6.380  696.815    5.092  306.589    1.300
   9300.00 0.130     661.356       7.345    1460.000       0.000    0.0002    6.370  680.022    5.281  307.731    1.420
   9360.00 0.128     660.535       2.294    1420.000       0.000    0.0002    6.519  667.042    6.423  309.902    1.411
   9420.00 0.125     657.573       3.483    1420.000       0.000    0.0002    6.915  661.789    6.457  312.814    1.543
   9480.00 0.124     661.024       7.874    1500.000       0.000    0.0002    7.392  785.722    6.927  315.570    1.870
   9540.00 0.121     658.384       5.253    1540.000       0.000    0.0002    7.822  874.998    6.869  318.480    1.589
   9600.00 0.113     665.948      12.026    1580.000       0.000    0.0002    8.139 1023.245    7.646  323.136    1.658
   9660.00 0.110     667.911       1.733    1580.000       0.000    0.0002    8.259 1033.402    7.144  329.036    1.913
   9720.00 0.111     678.421      12.456    1940.000       0.000    0.0002    8.168  983.037    6.713  335.370    1.847
   9780.00 0.109     673.781      12.931    1540.000       0.000    0.0002    8.109  956.436    7.505  340.655    2.033
   9840.00 0.109     677.079       7.011    1940.000       0.000    0.0002    8.169 1190.590    6.285  343.246    1.952
   9900.00 0.109     677.438       7.281    1940.000       0.000    0.0002    8.054 1332.120    6.378  345.361    2.889
   9960.00 0.111     673.921       8.678    1940.000       0.000    0.0002    7.800 1346.048    6.887  345.592    2.125
  10020.00 0.112     671.790       5.546    1940.000       0.000    0.0002    7.577 1040.360    6.334  342.634    1.475
  10080.00 0.113     664.848       9.870    1940.000       0.000    0.0002    7.560 1011.473    5.927  342.263    1.532
  10140.00 0.112     667.826      12.000    1940.000       0.000    0.0002    7.526 1167.883    6.158  342.928    1.871
  10200.00 0.112     654.223       7.221    1580.000       0.000    0.0002    7.548 1202.551    7.016  343.865    1.970
  10260.00 0.115     652.458       4.025    1940.000       0.000    0.0002    7.235 1242.615    6.275  344.375    1.697
  10320.00 0.118     648.986       8.861    1940.000       0.000    0.0002    6.750 1104.533    6.919  345.369    1.800
  10380.00 0.120     651.886       7.586    1580.000       0.000    0.0002    6.376 1204.675    6.616  345.445    1.734
  10440.00 0.122     650.000      13.280    1660.000       0.000    0.0002    5.940 1142.508    5.685  341.960    1.992
  10500.00 0.131     657.467       8.082    1940.000       0.000    0.0002    5.582 1005.307    5.443  337.522    1.535
  10560.00 0.133     659.411       8.582    1580.000       0.000    0.0002    5.458  931.352    5.267  335.651    1.540
  10620.00 0.134     646.325       8.300    1620.000       0.000    0.0002    5.338  849.268    4.975  333.791    1.394
  10680.00 0.135     639.310       5.771    1500.000       0.000    0.0002    5.211  742.830    5.517  332.931    1.204
  10740.00 0.135     645.389       5.967    1460.000       0.000    0.0002    5.220  635.197    5.234  331.655    1.402
  10800.00 0.137     643.416       3.594    1460.000       0.000    0.0002    5.303  570.740    5.079  328.536    1.321
  10860.00 0.141     642.453       6.736    1460.000       0.000    0.0002    5.448  508.797    4.836  326.913    1.155
  10920.00 0.138     654.134       6.042    1580.000       0.000    0.0002    5.701  406.778    4.739  327.979    1.200
  10980.00 0.140     656.713      12.972    1380.000       0.000    0.0002    6.047  464.119    5.321  330.049    1.213
  11040.00 0.141     666.644       4.775    1460.000       0.000    0.0002    6.454  496.259    5.380  332.952    1.217
  11100.00 0.143     683.493       6.267    1580.000       0.000    0.0002    6.967  589.626    5.715  337.678    1.484
  11160.00 0.143     683.219       6.438    1500.000       0.000    0.0002    7.615  741.071    6.458  345.258    1.564
  11220.00 0.144     680.914       6.633    1500.000       0.000    0.0002    8.492  891.103    6.608  355.602    1.687
  11280.00 0.143     688.630       5.308    1500.000       0.000    0.0002    9.426 1024.517    7.743  369.882    1.967
  11340.00 0.140     677.972       6.084    1540.000       0.000    0.0002   10.455 1311.395    8.154  385.586    2.196
  11400.00 0.136     687.266       4.101    1940.000       0.000    0.0002   10.904 1767.328    9.545  395.175    2.818
  11460.00 0.136     689.731       7.253    1940.000       0.000    0.0002   10.517 1978.678    8.554  396.240    2.702
  11520.00 0.137     678.786       8.464    1940.000       0.000    0.0002    9.401 1850.399    7.601  397.589    2.465
  11580.00 0.140     681.571       8.551    1940.000       0.000    0.0002    7.971 1634.029    6.544  403.726    2.106
  11640.00 0.137     673.333       7.344    1940.000       0.000    0.0002    6.650 1327.162    7.234  401.794    1.650
  11700.00 0.132     652.727       1.818    1940.000       0.000    0.0002    5.601  848.021    5.521  386.275    1.467
  11760.00 0.128     651.985      10.153    1620.000       0.000    0.0002    4.805  540.635    5.009  371.842    1.162
  11820.00 0.123     645.100       8.526    1580.000       0.000    0.0002    4.505  505.922    4.516  365.562    1.220
  11880.00 0.123     662.789       6.255    1460.000       0.000    0.0002    4.703  706.982    6.022  363.422    1.467
  11940.00 0.121     667.838       7.798    1420.000       0.000    0.0002    5.222  883.391    6.083  361.492    1.541
  12000.00 0.119     670.864       8.025    1700.000       0.000    0.0002    6.085  917.929    6.063  361.677    2.004
  12060.00 0.122     678.400       5.360    1660.000       0.000    0.0002    7.006  898.581    6.271  366.673    2.544
  12120.00 0.126     682.791       7.442    1940.000       0.000    0.0002    7.639  936.028    5.301  371.820    1.930
  12180.00 0.126     680.386      12.510    1620.000       0.000    0.0002    7.931 1053.313    5.684  378.145    2.024
  12240.00 0.130     685.768      13.258    1620.000       0.000    0.0002    8.004 1084.670    5.476  386.515    1.591
  12300.00 0.125     676.517       2.348    1540.000       0.000    0.0002    7.951  986.698    5.600  388.500    2.215
  12360.00 0.121     667.838      11.313    1540.000       0.000    0.0002    7.724 1080.877    5.112  385.547    1.883
  12420.00 0.120     667.755       6.571    1940.000       0.000    0.0002    7.147 1048.838    5.072  384.811    2.215
  12480.00 0.113     672.294       8.355    1940.000       0.000    0.0002    6.512  821.699    4.535  383.906    1.747
  12540.00 0.119     676.442      14.192    1540.000       0.000    0.0002    5.942  646.777    4.085  381.892    1.286
  12600.00 0.121     671.336       9.960    1660.000       0.000    0.0002    5.518  540.624    5.042  380.273    1.202
  12660.00 0.129     679.735       7.448    1580.000       0.000    0.0002    5.332  544.515    5.637  376.685    1.278
  12720.00 0.131     672.090       7.649    1500.000       0.000    0.0002    5.254  705.494    5.419  372.957    1.403
  12780.00 0.131     670.448       4.851    1540.000       0.000    0.0002    5.262  770.021    7.113  371.478    1.596
  12840.00 0.133     671.860       3.425    1500.000       0.000    0.0002    5.494  764.413    7.036  372.376    1.349
  12900.00 0.136     663.741       6.655    1380.000       0.000    0.0002    5.908  749.007    6.701  374.247    1.880
  12960.00 0.133     658.600      10.460    1460.000       0.000    0.0002    6.399  830.867    8.043  377.573    2.027
  13020.00 0.127     654.702       3.148    1460.000       0.000    0.0002    6.806  894.774    6.318  380.630    1.723
  13080.00 0.134     664.891       9.672    1460.000       0.000    0.0002    7.003  938.911    7.271  380.731    2.073
  13140.00 0.138     676.809       3.298    1940.000       0.000    0.0002    7.033  884.025    6.092  380.902    1.814
  13200.00 0.138     668.834       8.693    1700.000       0.000    0.0002    6.894  877.762    5.917  385.233    1.534
  13260.00 0.132     675.288       6.865    1580.000       0.000    0.0002    6.774  720.873    6.751  389.381    1.790
  13320.00 0.133     683.824      10.882    1460.000       0.000    0.0002    6.690  730.231    6.075  387.280    1.680
  13380.00 0.134     682.255       8.800    1540.000       0.000    0.0002    6.748  727.204    6.896  383.214    1.701
  13440.00 0.134     669.141       6.837    1540.000       0.000    0.0002    6.650  741.709    5.907  383.106    1.746
  13500.00 0.131     675.940       8.417    1540.000       0.000    0.0002    6.456  778.470    5.287  385.245    1.470
  13560.00 0.130     678.154      10.358    1620.000       0.000    0.0002    6.291  706.877    5.666  383.946    1.609
  13620.00 0.130     674.614       6.290    1500.000       0.000    0.0002    6.143  637.622    6.980  380.170    1.490
  13680.00 0.130     678.947       9.361    1700.000       0.000    0.0002    5.909  633.638    6.513  377.680    1.548
  13740.00 0.136     685.971       5.288    1620.000       0.000    0.0002    5.525  670.339    6.690  375.771    1.356
  13800.00 0.130     687.341       2.509    1580.000       0.000    0.0002    5.285  721.851    6.107  373.487    1.342
  13860.00 0.128     681.262       5.813    1500.000       0.000    0.0002    5.104  739.653    6.012  371.703    1.428
  13920.00 0.127     678.467       6.897    1540.000       0.000    0.0002    4.924  713.816    7.376  371.620    1.519
  13980.00 0.127     674.559      10.690    1460.000       0.000    0.0002    4.718  723.497    7.150  369.745    1.558
  14040.00 0.123     668.127      10.000    1420.000       0.000    0.0002    4.411  681.092    5.778  365.144    1.342
  14100.00 0.121     669.616       2.343    1460.000       0.000    0.0002    4.086  540.515    5.769  361.798    1.299
  14160.00 0.123     674.524       4.603    1580.000       0.000    0.0002    3.983  542.957    5.089  362.825    1.248
  14220.00 0.124     669.745       8.212    1500.000       0.000    0.0002    4.080  568.718    6.229  364.076    1.511
  14280.00 0.127     670.038       5.479    1540.000       0.000    0.0002    4.119  631.349    5.989  363.054    1.448
  14340.00 0.129     665.671       3.365    1540.000       0.000    0.0002    4.108  682.117    6.310  363.146    1.625
  14400.00 0.128     662.290       7.405    1500.000       0.000    0.0002    4.080  785.753    5.907  364.699    1.741
  14460.00 0.125     658.288       8.794    1460.000       0.000    0.0002    4.033  784.827    5.633  363.017    1.716
  14520.00 0.128     665.790      10.552    1580.000       0.000    0.0002    3.811  564.445    4.643  358.171    1.637
  14580.00 0.123     667.619       2.540    1620.000       0.000    0.0002    3.493  417.439    3.874  356.298    1.461
  14640.00 0.129     668.197      14.421    1540.000       0.000    0.0002    3.263  256.316    4.287  357.298    1.141
  14700.00 0.128     666.095      12.457    1540.000       0.000    0.0002    3.164  264.200    4.265  357.077    1.110
  14760.00 0.127     655.453       8.671    1420.000       0.000    0.0002    3.281  303.693    4.561  355.274    1.103
  14820.00 0.128     654.753       7.186    1340.000       0.000    0.0002    3.516  331.412    4.857  353.250    1.241
  14880.00 0.135     661.949       7.365    1500.000       0.000    0.0002    3.729  472.191    5.718  353.424    1.437
  14940.00 0.134     671.782       7.673    1420.000       0.000    0.0002    3.896  546.019    6.286  355.356    1.303
  15000.00 0.134     678.428      11.152    1460.000       0.000    0.0002    3.989  589.172    7.048  356.875    1.535
  15060.00 0.136     687.289       5.709    1420.000       0.000    0.0002    3.960  755.703    7.860  357.576    1.757
  15120.00 0.136     681.720       7.849    1460.000       0.000    0.0002    3.842  908.648    7.248  357.147    1.799
  15180.00 0.132     680.074       7.593    1460.000       0.000    0.0002    3.549  697.922    4.930  354.646    1.318
  15240.00 0.130     673.910       7.444    1580.000       0.000    0.0002    3.276  526.028    5.409  352.883    1.299
  15300.00 0.128     665.779       8.745    1540.000       0.000    0.0002    2.990  400.064    4.910  351.598    0.994
  15360.00 0.130     666.079       7.430    1460.000       0.000    0.0002    2.793  409.440    4.796  349.857    1.221
  15420.00 0.130     662.852       9.006    1460.000       0.000    0.0002    2.790  373.397    5.089  348.410    1.197
  15480.00 0.125     651.406       3.789    1380.000       0.000    0.0002    2.910  402.119    4.505  347.891    1.200
  15540.00 0.129     659.774       5.509    1460.000       0.000    0.0002    3.051  355.480    4.743  348.317    1.168
  15600.00 0.126     663.559       4.797    1380.000       0.000    0.0002    3.259  282.211    4.004  349.467    1.138
  15660.00 0.129     657.951       7.287    1420.000       0.000    0.0002    3.518  302.578    4.368  350.566    1.054
  15720.00 0.133     662.578       7.587    1380.000       0.000    0.0002    3.792  317.303    4.925  351.837    1.046
  15780.00 0.135     668.494       8.203    1540.000       0.000    0.0002    4.092  337.741    4.839  354.033    1.125
  15840.00 0.137     674.118       5.205    1380.000       0.000    0.0002    4.434  352.954    4.752  357.006    1.196
  15900.00 0.139     668.858       4.148    1380.000       0.000    0.0002    4.728  415.049    5.547  359.916    1.352
  15960.00 0.135     665.953       5.009    1500.000       0.000    0.0002    4.979  479.245    6.365  363.344    1.394
  16020.00 0.135     665.126       8.700    1460.000       0.000    0.0002    5.186  480.580    5.836  368.082    1.460
  16080.00 0.145     670.455       5.464    1460.000       0.000    0.0002    5.400  457.638    5.915  371.780    1.400
  16140.00 0.143     666.007       4.846    1460.000       0.000    0.0002    5.487  547.830    6.692  374.142    1.554
  16200.00 0.148     662.777       9.289    1500.000       0.000    0.0002    5.466  629.324    6.363  375.478    1.579
  16260.00 0.146     665.209       4.407    1460.000       0.000    0.0002    5.358  685.385    5.816  375.510    1.649
  16320.00 0.150     675.610       8.293    1500.000       0.000    0.0002    5.171  572.463    5.234  374.938    1.387
  16380.00 0.152     660.579      10.193    1460.000       0.000    0.0002    4.976  451.040    4.447  374.761    1.346
  16440.00 0.150     660.521       5.440    1420.000       0.000    0.0002    4.795  355.867    4.182  374.082    1.188
  16500.00 0.152     668.631       4.122    1460.000       0.000    0.0002    4.615  336.013    4.278  374.018    1.160
  16560.00 0.149     661.379       8.046    1380.000       0.000    0.0002    4.573  330.383    4.351  374.625    1.040
  16620.00 0.155     654.818       7.362    1380.000       0.000    0.0002    4.646  374.210    5.028  374.174    1.073
  16680.00 0.150     649.642      13.062    1540.000       0.000    0.0002    4.822  351.933    5.139  373.188    1.219
  16740.00 0.156     660.440       6.719    1380.000       0.000    0.0002    5.033  389.035    5.118  374.175    1.128
  16800.00 0.157     669.364       7.349    1420.000       0.000    0.0002    5.343  406.044    5.027  377.168    1.106
  16860.00 0.162     662.356       7.674    1340.000       0.000    0.0002    5.927  465.827    4.915  381.449    1.245
  16920.00 0.156     663.432       7.551    1420.000       0.000    0.0002    6.753  620.823    6.490  389.740    1.521
  16980.00 0.155     671.321       9.088    1460.000       0.000    0.0002    7.887  937.468    7.403  403.127    1.874
  17040.00 0.158     683.591       5.666    1380.000       0.000    0.0002    9.128 1092.372    9.110  419.041    1.983
  17100.00 0.154     685.119       9.921    1540.000       0.000    0.0002   10.299 1320.530    8.332  432.686    2.103
  17160.00 0.153     682.229       5.764    1940.000       0.000    0.0002   11.293 1216.054    7.952  441.106    2.524
  17220.00 0.155     686.205       6.047    1940.000       0.000    0.0002   12.067 1079.283    7.748  449.643    2.253
  17280.00 0.157     685.545       9.657    2060.000       0.000    0.0002   12.736  935.316    7.628  465.481    1.874
  17340.00 0.162     693.958       7.100    1740.000       0.000    0.0002   13.156  885.538    8.398  485.268    2.093
  17400.00 0.162     699.398       3.614    1940.000       0.000    0.0002   13.442 1323.993    8.519  502.044    2.247
  17460.00 0.164     689.075      11.403    1940.000       0.000    0.0002   13.616 1502.552    9.351  511.294    2.635
  17520.00 0.160     689.878       7.561    1940.000       0.000    0.0002   13.553 1721.658    8.357  511.606    2.560
  17580.00 0.163     707.796       5.337    1940.000       0.000    0.0002   12.788 1957.268    8.121  502.342    2.572
  17640.00 0.154     691.224       5.787    1980.000       0.000    0.0002   11.407 1560.020    7.275  498.518    2.498
  17700.00 0.157     690.822      12.992    1700.000       0.000    0.0002    9.567 1007.975    6.655  504.094    1.638
  17760.00 0.158     693.333       6.420    1940.000       0.000    0.0002    8.129  846.863    6.884  500.039    1.710
  17820.00 0.159     705.583      13.528    1540.000       0.000    0.0002    7.201  632.997    7.003  477.716    1.508
  17880.00 0.156     697.934       9.077    1540.000       0.000    0.0002    6.767  657.896    6.794  462.570    1.703
  17940.00 0.149     702.492      11.639    1660.000       0.000    0.0002    6.729  702.825    7.210  461.756    1.921
  18000.00 0.149     699.737       4.926    1940.000       0.000    0.0002    6.838  725.776    7.439  457.459    1.955
  18060.00 0.149     699.149       6.579    1540.000       0.000    0.0002    6.944  735.294    6.025  449.136    1.803
  18120.00 0.158     705.511       5.697    1940.000       0.000    0.0002    6.903  778.330    5.781  446.797    1.660
  18180.00 0.158     716.718       9.381    1940.000       0.000    0.0002    6.709  627.955    6.103  447.585    1.544
  18240.00 0.160     728.624       8.165    1620.000       0.000    0.0002    6.491  655.293    7.045  445.384    1.500
  18300.00 0.158     730.836       8.390    1580.000       0.000    0.0002    6.281  829.668    7.655  442.163    1.475
  18360.00 0.152     721.380       8.283    1540.000       0.000    0.0002    6.270  897.604    8.059  442.640    1.778
  18420.00 0.151     727.099      10.827    1540.000       0.000    0.0002    6.467 1078.264    8.315  443.921    1.820
  18480.00 0.143     714.514       9.881    1500.000       0.000    0.0002    6.608 1240.831    8.053  444.410    2.130
  18540.00 0.133     715.294       4.485    1940.000       0.000    0.0002    6.363 1363.796    7.924  442.322    2.293
  18600.00 0.127     717.351      10.058    1940.000       0.000    0.0002    5.834 1425.201    7.297  437.044    2.535
  18660.00 0.134     711.314       2.117    1940.000       0.000    0.0002    4.968 1039.216    5.020  433.098    2.121
  18720.00 0.132     707.011       8.524    1940.000       0.000    0.0002    4.178  642.776    6.219  435.031    1.562
  18780.00 0.133     708.766      11.676    1580.000       0.000    0.0002    3.692  582.746    6.801  435.072    1.443
  18840.00 0.127     700.000       6.564    1620.000       0.000    0.0002    3.582  703.693    6.942  428.052    1.620
  18900.00 0.123     691.984       6.706    1540.000       0.000    0.0002    3.685  819.488    7.401  422.006    1.703
  18960.00 0.122     678.635       6.305    1540.000       0.000    0.0002    3.742  881.263    5.857  421.377    1.603
  19020.00 0.125     675.984       6.004    1540.000       0.000    0.0002    3.693  753.319    4.673  422.047    1.416
  19080.00 0.130     680.716       5.537    1460.000       0.000    0.0002    3.617  418.632    4.892  421.302    1.266
  19140.00 0.131     691.567       4.925    1500.000       0.000    0.0002    3.715  417.531    5.203  421.810    1.183
  19200.00 0.136     674.794       9.408    1580.000       0.000    0.0002    4.062  540.254    6.310  424.540    1.390
  19260.00 0.134     677.299      12.628    1500.000       0.000    0.0002    4.604  638.114    7.691  428.358    1.638
  19320.00 0.135     669.458      17.401    1500.000       0.000    0.0002    5.147  878.436    8.645  433.258    1.950
  19380.00 0.134     660.731       6.289    1500.000       0.000    0.0002    5.659 1014.566    7.731  438.953    1.851
  19440.00 0.140     658.951      13.986    1940.000       0.000    0.0002    5.984 1057.213    7.945  443.491    2.207
  19500.00 0.137     666.833       8.078    1940.000       0.000    0.0002    5.997  813.138    6.138  445.679    2.006
  19560.00 0.138     677.527       6.855    1940.000       0.000    0.0002    5.745  595.492    5.904  447.515    1.376
  19620.00 0.140     677.522      10.052    1620.000       0.000    0.0002    5.492  478.518    5.380  450.606    1.502
  19680.00 0.143     683.441      11.141    1580.000       0.000    0.0002    5.430  402.817    6.248  450.921    1.350
  19740.00 0.149     688.656       6.164    1540.000       0.000    0.0002    5.526  538.245    6.071  453.009    1.383
  19800.00 0.138     682.837      13.546    1500.000       0.000    0.0002    6.098  684.966    7.441  460.935    1.576
  19860.00 0.141     676.291       7.071    1500.000       0.000    0.0002    7.058  885.846    8.067  469.601    1.796
  19920.00 0.135     671.315      12.757    1500.000       0.000    0.0002    8.087  966.621    8.234  476.800    2.051
  19980.00 0.134     680.401       9.508    1940.000       0.000    0.0002    8.960 1033.532    7.648  484.070    1.867
  20040.00 0.137     676.838       9.023    1940.000       0.000    0.0002    9.480 1011.333    8.507  489.894    2.213
  20100.00 0.146     686.244       3.639    1940.000       0.000    0.0002    9.372 1178.948    7.697  490.315    2.237
  20160.00 0.142     700.207       3.270    1940.000       0.000    0.0002    8.996  996.007    7.343  490.645    1.930
  20220.00 0.143     708.493      10.342    2020.000       0.000    0.0002    8.424  881.287    6.821  493.592    1.709
  20280.00 0.151     703.306       9.303    1580.000       0.000    0.0002    7.807  676.738    6.278  493.000    1.522
  20340.00 0.152     713.011      11.240    1540.000       0.000    0.0002    7.195  679.574    6.133  483.564    1.519
  20400.00 0.152     719.743       3.987    1580.000       0.000    0.0002    6.850  482.801    5.849  473.594    1.248
  20460.00 0.151     719.935       9.320    1580.000       0.000    0.0002    6.748  526.399    5.987  470.024    1.409
  20520.00 0.147     713.090       2.326    1460.000       0.000    0.0002    6.790  576.802    6.265  468.960    1.353
  20580.00 0.147     707.947       7.980    1500.000       0.000    0.0002    6.767  557.180    5.833  466.302    1.458
  20640.00 0.143     714.452       6.096    1580.000       0.000    0.0002    6.838  620.739    5.668  464.578    1.520
  20700.00 0.141     718.333      19.757    1580.000       0.000    0.0002    6.810  665.071    6.272  464.342    1.493
  20760.00 0.139     706.935       6.795    1540.000       0.000    0.0002    6.655  621.478    5.902  463.987    1.481
  20820.00 0.137     718.899       2.558    1460.000       0.000    0.0002    6.357  644.951    7.143  462.962    1.689
  20880.00 0.134     723.345       7.600    1660.000       0.000    0.0002    5.932  651.216    6.498  461.151    1.668
  20940.00 0.133     742.210       7.772    1500.000       0.000    0.0002    5.542  628.693    6.133  457.753    1.711
  21000.00 0.133     735.956       4.007    1500.000       0.000    0.0002    5.175  481.197    6.219  455.279    1.503
  21060.00 0.128     738.244      12.901    1580.000       0.000    0.0002    4.918  497.697    6.243  453.674    1.507
  21120.00 0.125     726.745       7.641    1580.000       0.000    0.0002    4.653  579.659    6.582  450.067    1.392
  21180.00 0.123     717.030       2.455    1540.000       0.000    0.0002    4.543  552.070    5.512  445.852    1.388
  21240.00 0.126     705.825       5.359    1620.000       0.000    0.0002    4.559  473.299    6.029  445.814    1.578
  21300.00 0.124     705.850       4.980    1580.000       0.000    0.0002    4.762  527.872    6.400  449.278    1.511
  21360.00 0.132     711.354       4.193    1500.000       0.000    0.0002    5.021  622.903    6.691  451.381    1.331
  21420.00 0.134     706.691       4.327    1460.000       0.000    0.0002    5.292  600.668    5.997  452.019    1.527
  21480.00 0.136     711.306      12.379    1580.000       0.000    0.0002    5.462  480.085    6.236  452.727    1.473
  21540.00 0.139     711.479       6.972    1540.000       0.000    0.0002    5.571  545.475    7.180  454.072    1.506
  21600.00 0.138     710.973      14.159    1540.000       0.000    0.0002    5.743  578.765    6.400  458.101    1.492
  21660.00 0.145     698.114       8.956    1460.000       0.000    0.0002    6.063  674.218    6.681  464.389    1.718
  21720.00 0.145     697.244       4.235    1460.000       0.000    0.0002    6.483  707.436    7.363  469.083    1.760
  21780.00 0.148     698.878      12.541    1460.000       0.000    0.0002    6.870  846.526    6.868  473.020    1.716
  21840.00 0.152     698.971       8.617    1580.000       0.000    0.0002    7.287  752.675    6.987  478.871    1.793
  21900.00 0.150     701.694       9.707    1700.000       0.000    0.0002    7.528  653.797    7.331  485.659    1.905
  21960.00 0.154     702.476       7.365    1580.000       0.000    0.0002    7.617  703.086    7.109  490.588    1.917
  22020.00 0.151     699.741      11.683    1460.000       0.000    0.0002    7.612  808.734    6.632  492.490    1.721
  22080.00 0.152     700.129       5.829    1460.000       0.000    0.0002    7.454  699.162    7.068  492.974    1.628
  22140.00 0.147     698.605       7.774    1460.000       0.000    0.0002    7.326  689.457    7.677  494.476    1.914
  22200.00 0.148     704.686      14.422    1580.000       0.000    0.0002    7.217  768.167    6.595  494.049    1.763
  22260.00 0.149     711.082      13.311    1940.000       0.000    0.0002    7.010  669.371    6.402  493.926    1.640
  22320.00 0.146     716.683       6.801    1580.000       0.000    0.0002    6.753  600.287    5.794  496.293    1.543
  22380.00 0.141     720.139      13.403    1740.000       0.000    0.0002    6.513  564.942    5.903  496.909    1.486
  22440.00 0.143     721.160       4.266    1460.000       0.000    0.0002    6.290  510.529    5.606  492.948    1.472
  22500.00 0.152     727.588       8.971    1500.000       0.000    0.0002    6.138  430.804    5.642  489.002    1.703
  22560.00 0.148     723.328       9.423    1420.000       0.000    0.0002    5.996  517.556    6.392  489.511    1.527
  22620.00 0.149     716.393       7.410    1500.000       0.000    0.0002    5.994  544.647    6.257  489.480    1.499
  22680.00 0.154     713.100      12.051    1420.000       0.000    0.0002    6.047  585.511    7.281  485.847    1.627
  22740.00 0.158     710.494       8.796    1660.000       0.000    0.0002    6.056  596.332    5.817  483.429    1.478
  22800.00 0.157     709.054       7.907    1540.000       0.000    0.0002    5.970  403.707    5.769  484.067    1.438
  22860.00 0.163     703.784       6.697    1540.000       0.000    0.0002    5.912  513.346    6.694  485.862    1.509
  22920.00 0.159     708.025       8.484    1500.000       0.000    0.0002    5.930  612.475    7.009  486.391    1.638
  22980.00 0.157     694.143       4.891    1500.000       0.000    0.0002    6.049  731.604    6.502  485.111    1.625
  23040.00 0.158     698.395       4.321    1500.000       0.000    0.0002    6.197  710.379    6.021  481.985    1.575
  23100.00 0.160     700.122       6.107    1540.000       0.000    0.0002    6.195  566.237    6.052  480.650    1.666
  23160.00 0.158     705.485      12.419    1540.000       0.000    0.0002    6.004  505.780    6.683  482.555    1.590
  23220.00 0.161     718.116       4.255    1580.000       0.000    0.0002    5.883  556.401    5.657  484.459    1.398
  23280.00 0.157     726.357       9.736    1500.000       0.000    0.0002    5.826  558.664    6.299  484.130    1.747
  23340.00 0.157     722.547       9.907    1540.000       0.000    0.0002    5.848  578.861    6.336  483.437    1.805
  23400.00 0.153     723.872       6.368    1500.000       0.000    0.0002    5.851  509.080    6.669  481.353    1.546
  23460.00 0.151     728.323       5.129    1620.000       0.000    0.0002    5.644  473.288    6.699  478.222    1.489
  23520.00 0.151     742.774       8.129    1620.000       0.000    0.0002    5.381  444.293    6.761  476.416    1.346
  23580.00 0.143     734.208      11.925    1500.000       0.000    0.0002    5.065  466.812    5.883  474.656    1.563
  23640.00 0.146     733.032       6.834    1540.000       0.000    0.0002    4.637  452.214    5.581  471.562    1.363
  23700.00 0.143     719.898      12.334    1460.000       0.000    0.0002    4.158  350.057    4.913  467.673    1.151
  23760.00 0.144     720.985      11.239    1500.000       0.000    0.0002    3.747  295.450    4.794  463.305    0.939
  23820.00 0.143     714.496       8.342    1580.000       0.000    0.0002    3.552  299.475    4.660  458.076    1.021
  23880.00 0.144     706.373      13.458    1580.000       0.000    0.0002    3.512  285.576    5.280  454.430    1.244
  23940.00 0.144     711.525       9.525    1500.000       0.000    0.0002    3.647  392.238    5.954  455.254    1.433
  24000.00 0.137     704.121       9.272    1380.000       0.000    0.0002    3.947  576.376    6.261  458.240    1.839
  24060.00 0.141     708.028       7.197    1420.000       0.000    0.0002    4.182  647.030    6.338  459.580    1.457
  24120.00 0.130     704.211      11.053    1500.000       0.000    0.0002    4.477  591.348    6.347  460.099    1.729
  24180.00 0.133     709.028      13.835    1580.000       0.000    0.0002    4.705  763.609    7.151  461.871    1.705
  24240.00 0.137     706.039       7.993    1620.000       0.000    0.0002    4.839  671.703    7.253  464.778    1.651
  24300.00 0.136     708.043       6.463    1620.000       0.000    0.0002    4.972  703.132    7.374  469.335    1.711
  24360.00 0.135     698.623      13.225    1460.000       0.000    0.0002    5.325  953.469    9.222  474.946    2.076
  24420.00 0.133     698.529       5.294    1500.000       0.000    0.0002    5.684  975.537    8.204  480.085    2.012
  24480.00 0.134     701.097       5.850    1940.000       0.000    0.0002    5.957  919.864    9.110  484.311    2.057
  24540.00 0.134     701.821       7.905    1940.000       0.000    0.0002    6.130  953.679    9.178  489.316    1.913
  24600.00 0.135     705.372       8.530    1940.000       0.000    0.0002    6.286 1002.173    8.901  494.398    1.958
  24660.00 0.131     712.639       8.030    1940.000       0.000    0.0002    6.217  844.639   10.174  497.508    2.208
  24720.00 0.138     709.770       7.009    1940.000       0.000    0.0002    6.015  759.234    7.677  497.543    1.894
  24780.00 0.136     711.511       4.281    1940.000       0.000    0.0002    5.883  927.995    7.418  497.752    1.833
  24840.00 0.135     720.613       9.550    1620.000       0.000    0.0002    5.899  882.763    6.896  498.955    1.699
  24900.00 0.137     713.000       8.536    1540.000       0.000    0.0002    6.223  906.742    5.836  499.096    1.710
  24960.00 0.134     718.467      11.898    1660.000       0.000    0.0002    6.569  733.418    5.943  498.303    1.724
  25020.00 0.142     722.818       8.316    1580.000       0.000    0.0002    6.767  635.943    5.865  500.272    1.470
  25080.00 0.143     728.396       8.942    1540.000       0.000    0.0002    7.046  624.785    5.553  502.556    1.492
  25140.00 0.146     729.867      14.600    1500.000       0.000    0.0002    7.331  520.392    6.137  504.905    1.509
  25200.00 0.150     736.818      18.929    1620.000       0.000    0.0002    7.652  575.055    6.299  508.685    1.420
  25260.00 0.152     734.029      10.690    1540.000       0.000    0.0002    8.128  690.737    7.624  514.723    1.673
  25320.00 0.156     733.740       8.388    1540.000       0.000    0.0002    8.699  841.390    8.758  520.744    2.210
  25380.00 0.156     739.498       7.868    1620.000       0.000    0.0002    9.275  947.622    9.525  527.143    2.300
  25440.00 0.159     740.860      10.661    1940.000       0.000    0.0002    9.460 1024.880    7.737  529.415    2.078
  25500.00 0.161     748.450       5.957    1940.000       0.000    0.0002    9.184  774.297    7.065  528.981    1.830
  25560.00 0.159     752.677      10.062    1940.000       0.000    0.0002    8.590  593.993    5.027  530.124    1.444
  25620.00 0.159     755.706       5.859    1700.000       0.000    0.0002    7.959  481.690    5.731  529.796    1.317
  25680.00 0.155     752.013       8.962    1540.000       0.000    0.0002    7.613  420.792    6.076  525.215    1.371
  25740.00 0.156     763.188       9.250    1500.000       0.000    0.0002    7.500  371.294    5.514  521.126    1.560
  25800.00 0.157     759.688       9.564    1500.000       0.000    0.0002    7.514  395.231    6.150  522.148    1.452
  25860.00 0.153     734.048       6.048    1500.000       0.000    0.0002    7.699  383.521    6.258  524.733    1.404
  25920.00 0.157     741.736      10.853    1580.000       0.000    0.0002    8.060  476.282    6.398  526.719    1.617
  25980.00 0.159     748.000       5.292    1620.000       0.000    0.0002    8.533  503.825    6.763  529.967    1.517
  26040.00 0.160     753.069       6.168    1660.000       0.000    0.0002    8.935  502.746    6.799  534.495    1.391
  26100.00 0.166     762.091       6.745    1620.000       0.000    0.0002    9.249  453.374    6.208  538.713    1.461
  26160.00 0.166     765.803       2.975    1540.000       0.000    0.0002    9.449  444.881    5.775  541.686    1.362
  26220.00 0.170     768.144       6.935    1540.000       0.000    0.0002    9.513  412.629    5.377  544.188    1.569
  26280.00 0.175     764.168       8.699    1540.000       0.000    0.0002    9.510  414.998    6.197  546.057    1.386
  26340.00 0.175     776.653       7.531    1580.000       0.000    0.0002    9.401  517.471    7.343  548.053    1.482
  26400.00 0.171     788.126       2.661    1540.000       0.000    0.0002    9.493  515.142    6.069  550.444    1.642
  26460.00 0.167     777.953       4.766    1660.000       0.000    0.0002    9.817  494.985    6.530  555.244    1.684
  26520.00 0.166     776.353       8.618    1540.000       0.000    0.0002   10.224  655.909    7.202  562.883    1.804
  26580.00 0.164     781.548      11.875    1580.000       0.000    0.0002   10.384  926.672    9.218  571.813    2.407
  26640.00 0.156     775.172       6.583    1940.000       0.000    0.0002   10.321  995.312    9.333  578.753    2.287
  26700.00 0.154     775.294       5.087    1940.000       0.000    0.0002    9.767 1056.218   10.337  580.438    2.682
  26760.00 0.150     783.719       7.439    1940.000       0.000    0.0002    8.972  999.035    9.215  574.993    2.337
  26820.00 0.148     772.685       9.423    1940.000       0.000    0.0002    8.033  863.695    8.027  569.285    2.065
  26880.00 0.142     774.158      10.241    1940.000       0.000    0.0002    7.225  754.655    5.724  566.801    1.612
  26940.00 0.145     773.997       9.444    1620.000       0.000    0.0002    6.526  523.960    6.180  559.531    1.495
  27000.00 0.143     768.143       9.710    1580.000       0.000    0.0002    5.924  436.588    7.381  547.026    1.515
  27060.00 0.138     761.799       4.198    1540.000       0.000    0.0002    5.424  456.442    7.921  538.398    1.514
  27120.00 0.136     765.832      13.166    1620.000       0.000    0.0002    4.977  506.893    7.442  532.716    1.703
  27180.00 0.134     760.256       8.812    1660.000       0.000    0.0002    4.375  521.424    6.663  523.717    1.652
  27240.00 0.135     766.449       8.152    1620.000       0.000    0.0002    3.693  431.999    5.610  513.225    1.350
  27300.00 0.137     757.184       2.353    1660.000       0.000    0.0002    3.114  276.865    3.553  506.281    1.052
  27360.00 0.138     753.710       4.276    1500.000       0.000    0.0002    2.701  185.767    3.853  501.484    0.867
  27420.00 0.133     741.835       6.202    1620.000       0.000    0.0002    2.462  192.278    3.749  494.368    0.979
  27480.00 0.124     712.387       7.140    1460.000       0.000    0.0002    2.419  200.457    3.828  486.822    1.042
  27540.00 0.124     715.306       4.379    1580.000       0.000    0.0002    2.463  285.859    4.362  482.245    1.103
  27600.00 0.126     706.950       8.764    1500.000       0.000    0.0002    2.581  374.615    5.831  480.048    1.350
  27660.00 0.130     701.648       3.408    1500.000       0.000    0.0002    2.822  437.286    6.916  479.450    1.373
  27720.00 0.132     695.424       9.041    1460.000       0.000    0.0002    3.197  536.176    7.026  479.737    1.544
  27780.00 0.126     689.421       6.525    1620.000       0.000    0.0002    3.658  653.094    7.969  479.488    1.648
  27840.00 0.127     689.904      10.250    1540.000       0.000    0.0002    4.087  749.095    7.138  480.790    1.704
  27900.00 0.124     699.134       4.724    1500.000       0.000    0.0002    4.511  784.565    7.293  484.037    1.743
  27960.00 0.130     708.588      13.559    1940.000       0.000    0.0002    4.798  765.987    7.800  487.659    1.867
  28020.00 0.120     719.593       7.276    1940.000       0.000    0.0002    5.021  566.997    6.955  491.293    1.489
  28080.00 0.122     728.297       9.018    1580.000       0.000    0.0002    5.369  614.152    7.327  495.601    1.727
  28140.00 0.126     740.927       3.398    1540.000       0.000    0.0002    5.624  549.722    5.928  500.191    1.563
  28200.00 0.119     748.460       8.419    1540.000       0.000    0.0002    5.934  623.887    7.114  508.046    1.657
  28260.00 0.125     757.354       7.938    1540.000       0.000    0.0002    6.305  770.540    8.503  517.013    2.034
  28320.00 0.125     753.176       4.039    1540.000       0.000    0.0002    6.620  926.297    9.049  523.335    2.318
  28380.00 0.124     749.902       2.593    1940.000       0.000    0.0002    6.729  967.119    8.619  521.825    2.198
  28440.00 0.124     744.734       3.748    1940.000       0.000    0.0002    6.365  854.348    7.753  515.075    2.095
  28500.00 0.122     738.164      15.569    1940.000       0.000    0.0002    5.526  811.883    6.123  510.075    1.674
  28560.00 0.122     733.012       5.863    1660.000       0.000    0.0002    4.754  628.379    5.504  509.609    1.735
  28620.00 0.116     729.137       5.011    1660.000       0.000    0.0002    4.173  507.916    5.865  504.801    1.494
  28680.00 0.118     721.240       6.818    1580.000       0.000    0.0002    4.065  423.966    5.908  498.640    1.473
  28740.00 0.119     709.610       7.762    1540.000       0.000    0.0002    4.331  421.100    5.390  497.480    1.386
  28800.00 0.126     709.690       3.953    1460.000       0.000    0.0002    4.835  413.446    5.150  497.229    1.497
