#  time      cc     z_cbase    z_ctop_avg  z_ctop_max      zi         we   <<ql>>  <<ql>>_max   w_max   tke     ql_max
     60.00 0.000       0.000       0.000       0.000       0.000    0.0002    0.000    0.000    0.189  616.613    0.000
    120.00 0.000       0.000       0.000       0.000       0.000    0.0002    0.000    0.000    0.317  417.102    0.000
    180.00 0.000       0.000       0.000       0.000       0.000    0.0002    0.000    0.000    0.339  300.163    0.000
    240.00 0.000       0.000       0.000       0.000       0.000    0.0002    0.000    0.000    0.294  225.823    0.000
    300.00 0.000       0.000       0.000       0.000       0.000    0.0002    0.000    0.000    0.262  176.590    0.000
    360.00 0.000       0.000       0.000       0.000       0.000    0.0002    0.000    0.000    0.304  143.436    0.000
    420.00 0.000       0.000       0.000       0.000       0.000    0.0002    0.000    0.000    0.312  121.204    0.000
    480.00 0.000       0.000       0.000       0.000       0.000    0.0002    0.000    0.000    0.326  105.813    0.000
    540.00 0.000       0.000       0.000       0.000       0.000    0.0002    0.000    0.000    0.356   93.990    0.000
    600.00 0.000       0.000       0.000       0.000       0.000    0.0002    0.000    0.000    0.372   84.715    0.000
    660.00 0.000       0.000       0.000       0.000       0.000    0.0002    0.000    0.000    0.381   78.178    0.000
    720.00 0.000       0.000       0.000       0.000       0.000    0.0002    0.000    0.000    0.417   73.915    0.000
    780.00 0.000       0.000       0.000       0.000       0.000    0.0002    0.000    0.000    0.472   71.164    0.000
    840.00 0.000       0.000       0.000       0.000       0.000    0.0002    0.000    0.000    0.527   69.410    0.000
    900.00 0.000       0.000       0.000       0.000       0.000    0.0002    0.000    0.000    0.575   68.221    0.000
    960.00 0.000       0.000       0.000       0.000       0.000    0.0002    0.000    0.000    0.667   67.647    0.000
   1020.00 0.000       0.000       0.000       0.000       0.000    0.0002    0.000    0.000    0.714   68.178    0.000
   1080.00 0.000       0.000       0.000       0.000       0.000    0.0002    0.000    0.000    0.725   69.817    0.000
   1140.00 0.000       0.000       0.000       0.000       0.000    0.0002    0.000    0.000    0.770   72.169    0.000
   1200.00 0.000       0.000       0.000       0.000       0.000    0.0002    0.000    0.000    0.845   75.194    0.000
   1260.00 0.000       0.000       0.000       0.000       0.000    0.0002    0.000    0.000    0.878   79.084    0.000
   1320.00 0.002     560.000       0.000     580.000       0.000    0.0002    0.001    1.868    1.072   83.967    0.042
   1380.00 0.005     561.053       0.000     580.000       0.000    0.0002    0.007    4.404    1.270   90.031    0.089
   1440.00 0.013     563.273       9.818     580.000       0.000    0.0002    0.023    6.921    1.379   97.366    0.127
   1500.00 0.026     564.815       0.000     660.000       0.000    0.0002    0.067   11.734    1.317  105.833    0.180
   1560.00 0.038     568.280       7.134     660.000       0.000    0.0002    0.138   18.702    1.400  115.358    0.233
   1620.00 0.054     568.054      12.941     660.000       0.000    0.0002    0.257   29.382    1.719  125.970    0.342
   1680.00 0.067     569.420       4.058     700.000       0.000    0.0002    0.434   48.247    1.885  137.555    0.415
   1740.00 0.083     569.145       6.962     700.000       0.000    0.0002    0.697   78.842    2.603  149.908    0.631
   1800.00 0.101     569.301       5.880     780.000       0.000    0.0002    1.053  108.011    2.976  162.808    0.715
   1860.00 0.120     568.595       8.350     820.000       0.000    0.0002    1.521  126.540    2.704  175.924    0.747
   1920.00 0.138     568.622       7.527     740.000       0.000    0.0002    2.117  139.511    3.242  188.952    0.749
   1980.00 0.152     570.947      10.369     780.000       0.000    0.0002    2.835  173.477    3.347  201.723    0.840
   2040.00 0.166     574.109       4.624     820.000       0.000    0.0002    3.634  178.145    3.866  213.856    0.893
   2100.00 0.176     575.160       7.371     900.000       0.000    0.0002    4.488  251.464    3.858  224.893    0.991
   2160.00 0.185     578.682       8.590    1060.000       0.000    0.0002    5.349  289.362    4.088  234.709    1.087
   2220.00 0.190     584.942       3.732    1300.000       0.000    0.0002    6.151  344.068    4.033  242.934    1.106
   2280.00 0.192     589.086       4.772    1300.000       0.000    0.0002    6.846  357.331    3.989  249.483    1.123
   2340.00 0.196     596.230       3.970    1340.000       0.000    0.0002    7.421  359.203    3.812  254.329    1.152
   2400.00 0.198     605.105       7.990    1340.000       0.000    0.0002    7.779  353.004    4.027  257.117    1.066
   2460.00 0.198     607.046       3.980    1300.000       0.000    0.0002    7.902  398.057    4.410  257.772    1.191
   2520.00 0.199     611.334       3.892    1380.000       0.000    0.0002    7.799  463.030    4.577  256.597    1.202
   2580.00 0.197     619.406       7.970    1460.000       0.000    0.0002    7.501  493.102    4.008  253.777    1.103
   2640.00 0.193     625.729       5.450    1380.000       0.000    0.0002    6.991  466.834    4.496  249.517    1.181
   2700.00 0.186     634.646       8.346    1340.000       0.000    0.0002    6.318  492.996    4.714  244.143    1.267
   2760.00 0.180     642.300       6.306    1380.000       0.000    0.0002    5.521  509.555    4.492  237.908    1.328
   2820.00 0.171     646.400       6.714    1540.000       0.000    0.0002    4.818  428.830    4.084  230.868    1.542
   2880.00 0.160     645.344       8.824    1460.000       0.000    0.0002    4.155  283.693    4.250  222.998    1.161
   2940.00 0.151     637.476       6.149    1580.000       0.000    0.0002    3.635  373.549    4.721  215.497    1.319
   3000.00 0.142     631.379       4.207    1300.000       0.000    0.0002    3.322  396.646    4.947  208.147    1.254
   3060.00 0.135     640.468       7.495    1380.000       0.000    0.0002    3.068  326.496    4.033  200.610    0.923
   3120.00 0.133     636.850       5.714    1420.000       0.000    0.0002    2.828  341.027    3.394  194.352    0.949
   3180.00 0.131     635.701       4.561    1540.000       0.000    0.0002    2.603  350.418    3.636  189.439    1.024
   3240.00 0.120     637.026       8.391    1300.000       0.000    0.0002    2.417  353.964    3.672  184.882    0.965
   3300.00 0.116     649.305       1.305    1300.000       0.000    0.0002    2.183  348.093    3.330  180.585    0.850
   3360.00 0.116     653.795       1.216    1380.000       0.000    0.0002    2.000  310.900    3.009  177.028    0.843
   3420.00 0.106     647.982       6.697    1300.000       0.000    0.0002    1.881  235.969    3.718  174.147    1.000
   3480.00 0.101     641.449       4.783    1420.000       0.000    0.0002    1.829  276.871    4.177  171.818    0.957
   3540.00 0.103     645.938       1.568    1340.000       0.000    0.0002    1.773  280.877    3.837  169.799    0.849
   3600.00 0.102     635.502       7.703    1340.000       0.000    0.0002    1.675  258.832    2.998  167.812    0.899
   3660.00 0.099     635.961      10.099    1420.000       0.000    0.0002    1.569  217.378    2.753  166.098    0.746
   3720.00 0.102     636.268       6.794    1460.000       0.000    0.0002    1.462  154.690    2.500  164.910    0.754
   3780.00 0.107     632.273      11.909    1300.000       0.000    0.0002    1.344  153.915    2.786  164.138    0.715
   3840.00 0.105     633.893       4.802    1340.000       0.000    0.0002    1.247  159.395    2.747  163.671    0.723
   3900.00 0.097     623.636       8.131    1340.000       0.000    0.0002    1.193  161.495    2.530  163.568    0.715
   3960.00 0.099     610.815       2.765    1300.000       0.000    0.0002    1.207  165.604    2.867  163.780    0.811
   4020.00 0.100     608.725       6.373    1100.000       0.000    0.0002    1.260  175.929    3.077  164.205    0.763
   4080.00 0.097     607.168      10.877    1140.000       0.000    0.0002    1.342  208.690    3.182  164.903    0.728
   4140.00 0.097     602.010       4.774    1100.000       0.000    0.0002    1.443  238.327    2.919  166.047    0.705
   4200.00 0.100     602.647       7.696    1300.000       0.000    0.0002    1.593  270.934    3.362  167.657    0.863
   4260.00 0.106     602.661      10.046    1300.000       0.000    0.0002    1.752  304.678    4.016  169.721    0.929
   4320.00 0.109     604.933       2.601    1100.000       0.000    0.0002    1.916  321.310    4.135  172.037    0.989
   4380.00 0.111     606.755       8.521    1300.000       0.000    0.0002    2.132  326.207    3.749  174.421    0.875
   4440.00 0.109     611.910      11.596    1380.000       0.000    0.0002    2.368  349.529    3.081  176.965    1.012
   4500.00 0.112     610.635      11.991    1460.000       0.000    0.0002    2.592  364.761    3.492  180.035    1.050
   4560.00 0.109     606.696      10.402    1300.000       0.000    0.0002    2.831  355.105    3.975  183.647    1.050
   4620.00 0.115     604.915      12.331    1380.000       0.000    0.0002    3.109  368.192    3.970  187.460    0.937
   4680.00 0.118     613.209      10.849    1420.000       0.000    0.0002    3.375  401.763    3.978  191.271    1.041
   4740.00 0.122     609.440      14.200    1420.000       0.000    0.0002    3.638  447.117    3.854  194.994    1.022
   4800.00 0.126     609.865       8.549    1460.000       0.000    0.0002    3.902  484.810    4.150  198.500    1.083
   4860.00 0.128     612.457       4.914    1420.000       0.000    0.0002    4.143  561.588    4.252  201.742    1.087
   4920.00 0.131     617.458       9.121    1300.000       0.000    0.0002    4.330  618.551    4.549  204.924    1.021
   4980.00 0.132     618.889      15.407    1340.000       0.000    0.0002    4.510  659.436    4.801  208.326    1.202
   5040.00 0.134     620.219       4.899    1300.000       0.000    0.0002    4.685  699.266    4.597  211.547    1.304
   5100.00 0.134     622.691      10.036    1340.000       0.000    0.0002    4.845  744.879    4.323  213.751    1.242
   5160.00 0.136     614.820       4.604    1340.000       0.000    0.0002    4.942  646.762    4.105  215.355    1.159
   5220.00 0.140     624.042      11.080    1460.000       0.000    0.0002    5.066  515.680    4.465  217.251    1.137
   5280.00 0.139     620.915      18.239    1460.000       0.000    0.0002    5.270  549.871    4.316  219.950    1.081
   5340.00 0.147     619.536       9.718    1380.000       0.000    0.0002    5.545  592.965    4.554  223.360    1.270
   5400.00 0.146     624.533       9.767    1420.000       0.000    0.0002    5.873  576.928    5.132  226.948    1.286
   5460.00 0.145     626.936       8.451    1460.000       0.000    0.0002    6.155  690.588    5.457  230.215    1.471
   5520.00 0.151     629.628       5.202    1420.000       0.000    0.0002    6.322  657.546    5.291  233.209    1.463
   5580.00 0.151     626.796       6.149    1540.000       0.000    0.0002    6.446  710.717    6.088  235.448    1.577
   5640.00 0.153     627.134       6.338    1500.000       0.000    0.0002    6.462  715.608    5.513  236.637    1.446
   5700.00 0.153     634.290       7.687    1460.000       0.000    0.0002    6.367  729.957    5.251  237.437    1.520
   5760.00 0.152     645.056       6.860    1500.000       0.000    0.0002    6.159  697.321    6.005  237.781    1.647
   5820.00 0.149     641.895      11.078    1460.000       0.000    0.0002    5.760  533.542    5.546  237.017    1.368
   5880.00 0.148     645.461       1.974    1580.000       0.000    0.0002    5.263  414.321    3.751  236.041    1.268
   5940.00 0.150     645.325       5.097    1460.000       0.000    0.0002    4.818  269.775    3.972  235.836    1.012
   6000.00 0.143     643.795       4.308    1460.000       0.000    0.0002    4.617  323.103    3.964  236.058    1.038
   6060.00 0.143     637.474      12.253    1500.000       0.000    0.0002    4.706  367.107    4.215  235.758    1.033
   6120.00 0.145     645.430       8.364    1420.000       0.000    0.0002    4.991  398.845    4.465  236.056    1.184
   6180.00 0.140     642.408      10.541    1460.000       0.000    0.0002    5.314  466.934    4.021  237.948    1.273
   6240.00 0.138     646.832       6.442    1420.000       0.000    0.0002    5.556  520.773    4.300  240.598    1.304
   6300.00 0.138     657.456       6.996    1460.000       0.000    0.0002    5.746  564.097    4.641  243.366    1.308
   6360.00 0.143     660.959      16.884    1420.000       0.000    0.0002    5.915  533.897    4.730  246.380    1.348
   6420.00 0.144     656.667       5.442    1380.000       0.000    0.0002    6.079  522.989    4.828  249.232    1.492
   6480.00 0.146     660.533       6.433    1340.000       0.000    0.0002    6.167  572.959    5.046  252.095    1.355
   6540.00 0.150     664.870       6.883    1500.000       0.000    0.0002    6.249  662.315    5.518  256.338    1.699
   6600.00 0.147     663.113       4.437    1460.000       0.000    0.0002    6.371  743.752    6.588  262.345    1.927
   6660.00 0.144     655.330       9.272    1580.000       0.000    0.0002    6.675  836.607    7.073  268.207    2.335
   6720.00 0.144     648.900       4.501    1500.000       0.000    0.0002    6.988  885.603    5.873  270.809    1.937
   6780.00 0.143     640.479       9.726    1620.000       0.000    0.0002    7.237  842.125    5.274  272.615    1.931
   6840.00 0.139     631.419       5.919    1940.000       0.000    0.0002    7.345  673.137    5.162  277.056    1.749
   6900.00 0.138     635.957       9.929    1540.000       0.000    0.0002    7.384  663.780    5.255  282.140    1.691
   6960.00 0.138     642.726       6.973    1460.000       0.000    0.0002    7.301  723.581    6.075  283.938    1.538
   7020.00 0.137     643.730       9.663    1620.000       0.000    0.0002    7.132  705.612    6.055  284.159    1.687
   7080.00 0.139     636.520       7.346    1540.000       0.000    0.0002    6.947  724.824    6.669  283.566    1.932
   7140.00 0.140     639.510       9.126    1460.000       0.000    0.0002    6.775  624.274    4.759  281.929    1.655
   7200.00 0.137     647.857       3.321    1460.000       0.000    0.0002    6.357  541.209    4.344  279.998    1.633
   7260.00 0.135     649.477       5.225    1540.000       0.000    0.0002    5.947  515.122    4.643  280.048    1.172
   7320.00 0.140     660.908      11.902    1500.000       0.000    0.0002    5.783  547.772    5.418  280.437    1.378
   7380.00 0.142     655.129       7.479    1580.000       0.000    0.0002    5.937  619.089    5.296  279.670    1.394
   7440.00 0.141     650.035      13.737    1580.000       0.000    0.0002    6.307  620.466    4.745  278.304    1.333
   7500.00 0.144     646.689       6.418    1460.000       0.000    0.0002    6.602  599.800    4.883  277.619    1.293
   7560.00 0.147     651.481       7.121    1460.000       0.000    0.0002    6.796  737.434    5.451  278.793    1.325
   7620.00 0.145     656.020       7.825    1500.000       0.000    0.0002    6.927  795.054    5.256  281.472    1.559
   7680.00 0.140     656.998       5.550    1380.000       0.000    0.0002    6.949  677.701    5.704  283.925    1.642
   7740.00 0.139     666.386       7.649    1500.000       0.000    0.0002    6.835  586.892    5.284  285.318    1.509
   7800.00 0.139     684.956       7.557    1540.000       0.000    0.0002    6.611  706.418    4.748  285.821    1.244
   7860.00 0.136     675.313      10.805    1540.000       0.000    0.0002    6.362  658.761    4.351  286.405    1.312
   7920.00 0.129     680.265      10.132    1420.000       0.000    0.0002    6.248  570.496    4.583  286.692    1.168
   7980.00 0.128     678.203      10.287    1500.000       0.000    0.0002    6.211  687.045    4.827  286.486    1.211
   8040.00 0.129     689.283       9.698    1420.000       0.000    0.0002    6.226  750.481    4.926  287.292    1.547
   8100.00 0.121     675.000       9.476    1460.000       0.000    0.0002    6.192  835.102    5.509  288.493    1.643
   8160.00 0.124     671.575       6.772    1460.000       0.000    0.0002    6.180  882.429    4.870  289.504    1.675
   8220.00 0.123     676.096       7.131    1460.000       0.000    0.0002    5.989  769.385    5.168  288.511    1.386
   8280.00 0.125     680.000       9.258    1500.000       0.000    0.0002    5.553  687.188    4.741  286.021    1.573
   8340.00 0.129     661.366       7.514    1500.000       0.000    0.0002    4.962  548.415    4.337  284.153    1.267
   8400.00 0.128     651.162       3.962    1500.000       0.000    0.0002    4.408  450.435    4.937  282.497    1.184
   8460.00 0.126     647.930      10.522    1460.000       0.000    0.0002    3.996  504.906    4.560  279.574    1.135
   8520.00 0.126     634.291       7.223    1460.000       0.000    0.0002    3.705  600.935    5.061  276.361    1.517
   8580.00 0.122     642.960       7.160    1380.000       0.000    0.0002    3.540  642.212    4.688  273.377    1.140
   8640.00 0.121     642.052       2.414    1460.000       0.000    0.0002    3.526  572.132    4.600  271.223    1.304
   8700.00 0.124     635.306       7.219    1500.000       0.000    0.0002    3.642  514.463    4.555  271.260    1.083
   8760.00 0.122     624.320       8.320    1380.000       0.000    0.0002    3.863  424.176    4.424  271.905    1.238
   8820.00 0.128     640.380      12.738    1460.000       0.000    0.0002    4.062  480.512    5.070  272.325    1.290
   8880.00 0.131     644.748       9.383    1500.000       0.000    0.0002    4.285  534.657    5.331  273.624    1.265
   8940.00 0.129     637.609       8.311    1420.000       0.000    0.0002    4.561  600.220    5.781  276.005    1.462
   9000.00 0.134     645.620       8.650    1460.000       0.000    0.0002    4.923  645.191    5.653  278.889    1.604
   9060.00 0.133     630.128       9.284    1380.000       0.000    0.0002    5.329  640.575    5.141  282.285    1.303
   9120.00 0.137     637.611       5.954    1300.000       0.000    0.0002    5.725  573.569    5.767  286.504    1.421
   9180.00 0.137     643.857      10.000    1460.000       0.000    0.0002    6.132  669.619    5.705  291.195    1.398
   9240.00 0.139     652.337      14.692    1460.000       0.000    0.0002    6.459  710.522    5.803  295.208    1.365
   9300.00 0.138     661.975       9.242    1500.000       0.000    0.0002    6.747  641.009    7.011  299.414    1.616
   9360.00 0.138     664.594       8.127    1420.000       0.000    0.0002    7.065  860.618    7.318  305.793    1.752
   9420.00 0.136     655.404       6.858    1500.000       0.000    0.0002    7.496 1134.354    7.867  313.635    1.894
   9480.00 0.139     664.553      10.613    1500.000       0.000    0.0002    7.885 1346.191    9.434  319.616    2.369
   9540.00 0.135     666.775       7.063    1940.000       0.000    0.0002    8.151 1335.900    6.346  323.728    2.464
   9600.00 0.137     673.929       9.786    1940.000       0.000    0.0002    8.172 1115.337    7.129  328.704    1.937
   9660.00 0.136     670.161       3.470    1940.000       0.000    0.0002    7.912 1108.034    6.490  334.594    1.760
   9720.00 0.135     666.461       9.982    1940.000       0.000    0.0002    7.648 1110.930    5.983  339.317    1.704
   9780.00 0.130     677.627       8.023    1580.000       0.000    0.0002    7.489 1083.765    6.061  340.929    1.709
   9840.00 0.130     669.944       1.770    1540.000       0.000    0.0002    7.386 1105.011    6.286  341.795    1.772
   9900.00 0.129     658.415       7.283    1940.000       0.000    0.0002    7.153 1139.899    6.779  338.785    1.896
   9960.00 0.130     656.761      10.471    1940.000       0.000    0.0002    6.837  991.873    5.516  335.528    1.583
  10020.00 0.132     649.446       3.358    1740.000       0.000    0.0002    6.442  774.603    6.256  335.138    1.594
  10080.00 0.137     643.957       5.169    1580.000       0.000    0.0002    6.102  816.390    5.578  334.211    1.689
  10140.00 0.144     649.864       5.034    1620.000       0.000    0.0002    5.550  667.307    5.315  327.386    1.722
  10200.00 0.145     662.968       3.069    1620.000       0.000    0.0002    4.879  574.739    4.896  321.250    1.520
  10260.00 0.143     661.090       7.019    1580.000       0.000    0.0002    4.305  510.262    4.088  319.270    1.126
  10320.00 0.143     651.945       9.590    1540.000       0.000    0.0002    3.942  481.926    4.053  315.836    0.932
  10380.00 0.144     653.627       8.237    1540.000       0.000    0.0002    3.770  464.472    4.562  310.769    1.029
  10440.00 0.142     651.241       5.552    1500.000       0.000    0.0002    3.735  414.739    3.817  308.048    0.872
  10500.00 0.134     648.905       8.978    1460.000       0.000    0.0002    3.741  358.373    3.794  307.131    0.977
  10560.00 0.137     648.663       3.815    1580.000       0.000    0.0002    3.777  296.822    3.989  305.570    0.947
  10620.00 0.138     650.970       5.785    1580.000       0.000    0.0002    3.839  309.946    3.790  304.292    0.992
  10680.00 0.140     656.446       8.850    1540.000       0.000    0.0002    3.979  298.886    4.066  304.108    1.163
  10740.00 0.141     664.298       7.660    1460.000       0.000    0.0002    4.179  311.755    4.079  304.352    1.144
  10800.00 0.142     661.034       4.621    1420.000       0.000    0.0002    4.351  343.756    4.408  305.816    1.065
  10860.00 0.138     661.274      14.796    1500.000       0.000    0.0002    4.611  363.399    4.993  308.695    1.080
  10920.00 0.139     661.828       4.921    1380.000       0.000    0.0002    5.063  415.154    4.862  312.721    1.166
  10980.00 0.136     662.719       6.047    1380.000       0.000    0.0002    5.647  523.793    6.324  318.740    1.486
  11040.00 0.131     657.159       8.075    1420.000       0.000    0.0002    6.397  736.633    7.145  326.360    1.520
  11100.00 0.131     654.201       6.803    1460.000       0.000    0.0002    7.190  945.364    7.326  334.245    1.700
  11160.00 0.128     672.519       3.626    1420.000       0.000    0.0002    7.938 1102.389    8.814  342.604    2.381
  11220.00 0.126     662.085       5.598    1460.000       0.000    0.0002    8.427 1259.202    7.101  350.079    2.069
  11280.00 0.128     663.289      10.325    1940.000       0.000    0.0002    8.586 1256.219    6.521  354.859    2.148
  11340.00 0.125     672.008       7.641    1940.000       0.000    0.0002    8.522 1271.365    6.637  360.986    1.961
  11400.00 0.121     665.081      15.444    1940.000       0.000    0.0002    8.125 1029.022    6.753  365.231    1.680
  11460.00 0.124     658.893       6.838    1940.000       0.000    0.0002    7.652  837.161    6.375  364.469    1.461
  11520.00 0.119     663.926      13.456    1700.000       0.000    0.0002    7.469  814.225    7.951  362.335    1.595
  11580.00 0.120     673.714      19.878    1460.000       0.000    0.0002    7.351 1080.064    7.949  360.982    1.836
  11640.00 0.122     678.597       6.373    1580.000       0.000    0.0002    7.248 1130.053    9.790  359.764    2.363
  11700.00 0.123     673.598       5.765    1940.000       0.000    0.0002    7.214 1150.290    7.407  358.541    1.861
  11760.00 0.126     685.659       8.372    1500.000       0.000    0.0002    7.229  968.942    6.981  360.234    1.703
  11820.00 0.121     682.591       4.696    1500.000       0.000    0.0002    7.437  886.227    6.678  365.478    1.783
  11880.00 0.117     684.333       6.375    1620.000       0.000    0.0002    7.612 1044.158    8.042  370.141    2.138
  11940.00 0.114     694.764      10.558    1620.000       0.000    0.0002    7.550 1173.232    7.933  372.093    2.507
  12000.00 0.113     696.883       6.926    1940.000       0.000    0.0002    7.479 1142.714    7.456  370.336    3.127
  12060.00 0.112     686.580       7.887    1940.000       0.000    0.0002    7.404 1220.384    6.184  367.161    3.178
  12120.00 0.113     678.793       5.776    2020.000       0.000    0.0002    7.247  983.624    6.996  369.947    1.742
  12180.00 0.116     671.561      11.266    1940.000       0.000    0.0002    6.999 1110.726    7.034  377.473    1.890
  12240.00 0.120     666.694      12.571    1540.000       0.000    0.0002    6.776 1148.202    6.911  378.128    2.203
  12300.00 0.116     660.168       8.884    1460.000       0.000    0.0002    6.649 1194.402    6.402  372.478    2.250
  12360.00 0.117     665.177       2.505    1940.000       0.000    0.0002    6.426 1118.304    6.695  370.831    1.612
  12420.00 0.124     659.368      10.672    1940.000       0.000    0.0002    6.165 1143.219    6.293  374.554    1.644
  12480.00 0.126     648.494       9.768    1940.000       0.000    0.0002    6.158 1150.501    6.819  374.654    2.066
  12540.00 0.130     652.285       6.929    1940.000       0.000    0.0002    6.066 1153.414    7.522  368.393    2.155
  12600.00 0.136     655.921      10.197    1940.000       0.000    0.0002    5.905 1092.063    5.857  366.710    1.758
  12660.00 0.133     646.618       9.706    1940.000       0.000    0.0002    5.751  995.669    5.183  368.516    1.930
  12720.00 0.134     653.358       9.015    1940.000       0.000    0.0002    5.443  865.346    5.811  366.828    1.554
  12780.00 0.135     668.276       2.105    1820.000       0.000    0.0002    5.019  789.047    5.411  364.036    1.600
  12840.00 0.138     664.656       7.196    1460.000       0.000    0.0002    4.673  671.353    5.222  362.374    1.533
  12900.00 0.137     667.487       8.164    1540.000       0.000    0.0002    4.364  520.406    5.634  359.140    1.435
  12960.00 0.137     672.384       7.972    1540.000       0.000    0.0002    4.116  475.263    4.978  353.648    1.112
  13020.00 0.144     675.051       2.237    1620.000       0.000    0.0002    3.982  452.464    4.376  347.930    1.086
  13080.00 0.140     676.475      10.890    1420.000       0.000    0.0002    3.930  501.966    4.171  343.613    1.220
  13140.00 0.135     668.664       7.220    1380.000       0.000    0.0002    3.941  459.770    3.945  341.182    1.092
  13200.00 0.137     675.374       8.007    1380.000       0.000    0.0002    3.946  387.239    4.540  340.353    1.099
  13260.00 0.132     676.384       8.044    1380.000       0.000    0.0002    3.967  285.564    4.624  340.620    1.028
  13320.00 0.136     678.318       3.506    1420.000       0.000    0.0002    4.069  352.686    5.217  340.584    1.165
  13380.00 0.134     684.291      12.182    1420.000       0.000    0.0002    4.275  497.495    6.261  341.269    1.308
  13440.00 0.135     681.266       6.655    1500.000       0.000    0.0002    4.565  597.626    7.340  344.210    1.485
  13500.00 0.135     668.696       2.536    1460.000       0.000    0.0002    4.877  726.982    6.645  347.510    1.962
  13560.00 0.137     671.246       7.473    1420.000       0.000    0.0002    5.167  865.704    6.651  348.859    1.820
  13620.00 0.136     670.647       5.935    1540.000       0.000    0.0002    5.276 1005.310    6.984  349.911    2.024
  13680.00 0.132     661.107       5.867    1940.000       0.000    0.0002    5.235  831.295    5.604  351.535    1.802
  13740.00 0.132     668.089       9.017    1540.000       0.000    0.0002    5.112  657.658    6.131  353.276    1.633
  13800.00 0.136     662.370      13.573    1540.000       0.000    0.0002    5.050  515.018    6.014  354.945    1.545
  13860.00 0.135     654.918      12.632    1580.000       0.000    0.0002    5.086  661.330    6.910  356.393    1.390
  13920.00 0.140     656.859       5.236    1500.000       0.000    0.0002    5.197  643.840    5.919  356.940    1.565
  13980.00 0.144     664.686       6.146    1460.000       0.000    0.0002    5.300  536.688    5.460  356.125    1.668
  14040.00 0.139     664.930      10.000    1460.000       0.000    0.0002    5.325  548.591    5.138  354.767    1.809
  14100.00 0.135     662.888       7.112    1540.000       0.000    0.0002    5.254  580.101    4.478  353.717    1.409
  14160.00 0.137     671.929      13.964    1540.000       0.000    0.0002    5.103  478.800    4.355  353.862    1.366
  14220.00 0.140     680.979       2.028    1500.000       0.000    0.0002    5.033  394.666    4.555  355.332    1.289
  14280.00 0.141     682.808       6.586    1620.000       0.000    0.0002    5.100  369.261    4.666  355.610    1.301
  14340.00 0.135     674.801       8.159    1460.000       0.000    0.0002    5.158  413.560    5.465  355.911    1.325
  14400.00 0.137     681.961       3.601    1540.000       0.000    0.0002    5.223  510.103    6.619  357.749    1.383
  14460.00 0.132     677.565       4.576    1420.000       0.000    0.0002    5.181  597.404    6.670  358.125    1.546
  14520.00 0.134     676.685       8.488    1420.000       0.000    0.0002    4.941  689.467    5.856  355.790    1.391
  14580.00 0.138     675.901       5.972    1460.000       0.000    0.0002    4.573  663.930    5.672  353.570    1.367
  14640.00 0.132     678.081       2.214    1420.000       0.000    0.0002    4.235  535.468    5.099  352.255    1.154
  14700.00 0.126     667.674       6.705    1420.000       0.000    0.0002    4.002  500.514    4.881  351.346    1.259
  14760.00 0.127     686.795       6.180    1460.000       0.000    0.0002    3.876  471.648    4.896  349.762    1.272
  14820.00 0.129     678.636       9.773    1460.000       0.000    0.0002    3.752  433.726    4.686  347.721    1.150
  14880.00 0.129     677.306       4.820    1380.000       0.000    0.0002    3.670  351.230    4.798  346.667    1.204
  14940.00 0.131     687.985       7.799    1500.000       0.000    0.0002    3.656  379.548    4.374  346.737    1.122
  15000.00 0.136     671.418       6.715    1380.000       0.000    0.0002    3.705  367.579    4.530  346.872    1.156
  15060.00 0.136     668.058       4.676    1460.000       0.000    0.0002    3.854  323.186    4.643  346.502    1.117
  15120.00 0.139     669.193       7.579    1460.000       0.000    0.0002    3.964  367.601    4.789  346.041    1.361
  15180.00 0.142     666.048       8.763    1460.000       0.000    0.0002    4.063  508.985    5.673  346.826    1.521
  15240.00 0.144     672.860       8.731    1420.000       0.000    0.0002    4.209  610.841    5.896  348.918    1.467
  15300.00 0.144     664.264      10.592    1500.000       0.000    0.0002    4.417  663.299    6.392  351.094    1.485
  15360.00 0.147     668.146       4.636    1420.000       0.000    0.0002    4.574  657.901    6.272  352.644    1.462
  15420.00 0.146     653.032       8.007    1500.000       0.000    0.0002    4.670  692.370    6.807  353.543    1.509
  15480.00 0.151     666.785       7.076    1420.000       0.000    0.0002    4.640  731.503    5.822  353.478    1.480
  15540.00 0.151     674.581       7.194    1460.000       0.000    0.0002    4.479  534.003    4.911  353.232    1.208
  15600.00 0.152     677.428       8.360    1460.000       0.000    0.0002    4.277  471.697    5.467  354.554    1.321
  15660.00 0.146     671.867       3.933    1500.000       0.000    0.0002    4.145  523.132    5.895  354.837    1.384
  15720.00 0.147     670.432       7.608    1380.000       0.000    0.0002    4.077  471.919    5.490  353.562    1.115
  15780.00 0.143     664.300      10.922    1460.000       0.000    0.0002    4.068  415.808    5.604  354.425    1.283
  15840.00 0.147     661.258       5.364    1460.000       0.000    0.0002    4.214  543.471    6.553  357.332    1.335
  15900.00 0.138     657.597       6.502    1420.000       0.000    0.0002    4.585  711.665    6.059  359.454    1.313
  15960.00 0.135     659.061       4.404    1380.000       0.000    0.0002    5.093  890.702    6.213  362.997    1.612
  16020.00 0.137     665.704       4.385    1460.000       0.000    0.0002    5.584  890.478    6.733  369.529    2.118
  16080.00 0.138     679.859       9.611    1580.000       0.000    0.0002    6.007  905.221    7.026  376.438    2.040
  16140.00 0.139     677.887       6.549    1580.000       0.000    0.0002    6.372  865.612    7.655  381.954    1.753
  16200.00 0.138     682.434      12.063    1580.000       0.000    0.0002    6.763  958.364    7.247  388.703    1.590
  16260.00 0.146     687.136      12.965    1580.000       0.000    0.0002    7.105  924.126    7.856  395.495    1.807
  16320.00 0.148     684.448       5.799    1580.000       0.000    0.0002    7.244 1012.908    7.744  399.968    1.757
  16380.00 0.150     688.059       7.896    1500.000       0.000    0.0002    7.350  873.821    6.658  402.396    1.822
  16440.00 0.150     686.211       4.228    1540.000       0.000    0.0002    7.287 1010.024    6.496  402.380    1.868
  16500.00 0.151     692.569      11.276    1540.000       0.000    0.0002    6.950  801.443    5.646  401.999    1.488
  16560.00 0.154     688.190       5.873    1620.000       0.000    0.0002    6.415  594.883    5.696  400.560    1.581
  16620.00 0.159     684.663       3.037    1580.000       0.000    0.0002    5.913  528.332    5.309  397.611    1.379
  16680.00 0.159     689.202       5.951    1500.000       0.000    0.0002    5.560  444.257    4.974  393.521    1.293
  16740.00 0.153     680.670      12.281    1540.000       0.000    0.0002    5.375  445.815    4.874  389.357    1.142
  16800.00 0.156     677.625       3.344    1580.000       0.000    0.0002    5.392  367.773    4.857  387.756    1.125
  16860.00 0.158     673.559       7.612    1500.000       0.000    0.0002    5.616  411.999    5.033  389.144    1.135
  16920.00 0.158     681.235       6.883    1420.000       0.000    0.0002    5.957  461.639    4.807  391.632    1.284
  16980.00 0.161     677.005      12.890    1580.000       0.000    0.0002    6.326  457.015    4.832  394.277    1.264
  17040.00 0.161     684.802      13.587    1540.000       0.000    0.0002    6.631  499.916    5.206  398.373    1.335
  17100.00 0.164     694.516      12.996    1500.000       0.000    0.0002    6.835  538.830    5.849  403.133    1.499
  17160.00 0.164     710.401       8.262    1540.000       0.000    0.0002    7.052  583.998    6.003  405.989    1.682
  17220.00 0.161     707.636       6.636    1420.000       0.000    0.0002    7.132  650.638    5.730  407.565    1.884
  17280.00 0.160     713.008      12.702    1540.000       0.000    0.0002    7.011  757.205    6.591  407.770    1.720
  17340.00 0.162     718.072       3.946    1460.000       0.000    0.0002    6.596  868.547    5.953  405.894    1.738
  17400.00 0.160     710.504       6.626    1540.000       0.000    0.0002    5.972  891.079    5.563  401.836    1.917
  17460.00 0.157     699.379       7.826    1380.000       0.000    0.0002    5.343  729.541    5.426  400.344    1.339
  17520.00 0.158     698.025      10.463    1540.000       0.000    0.0002    4.936  399.036    5.757  400.634    1.340
  17580.00 0.152     693.194      13.515    1460.000       0.000    0.0002    4.852  483.318    5.980  397.617    1.395
  17640.00 0.152     689.406       9.053    1500.000       0.000    0.0002    4.992  541.509    6.340  393.701    1.309
  17700.00 0.145     685.320       8.620    1500.000       0.000    0.0002    5.337  570.531    6.364  393.324    1.249
  17760.00 0.147     689.218      10.383    1460.000       0.000    0.0002    5.768  543.589    6.662  395.979    1.469
  17820.00 0.152     708.567       9.211    1580.000       0.000    0.0002    6.169  503.274    6.402  399.228    1.335
  17880.00 0.149     700.657       4.204    1420.000       0.000    0.0002    6.490  582.387    6.078  402.475    1.330
  17940.00 0.151     712.233       7.670    1580.000       0.000    0.0002    6.800  754.497    7.225  406.928    1.725
  18000.00 0.154     707.822      14.690    1500.000       0.000    0.0002    7.097  942.215    7.777  412.571    1.743
  18060.00 0.157     714.704       5.265    1460.000       0.000    0.0002    7.348 1116.572    7.292  416.898    2.150
  18120.00 0.165     723.550       6.036    1940.000       0.000    0.0002    7.445 1061.460    8.324  417.726    2.311
  18180.00 0.166     725.487      12.448    1940.000       0.000    0.0002    7.230  973.066    6.320  416.503    2.168
  18240.00 0.160     720.885       9.588    1940.000       0.000    0.0002    6.793  644.593    6.415  418.384    1.684
  18300.00 0.154     719.683      11.619    1500.000       0.000    0.0002    6.458  542.772    6.416  422.812    1.368
  18360.00 0.152     725.636       7.407    1500.000       0.000    0.0002    6.405  673.911    6.417  423.478    1.639
  18420.00 0.152     703.478      10.435    1420.000       0.000    0.0002    6.742  724.858    7.493  422.949    1.668
  18480.00 0.155     712.196       6.540    1500.000       0.000    0.0002    7.245  840.216    7.357  429.027    1.775
  18540.00 0.154     699.682      11.288    1460.000       0.000    0.0002    7.730 1043.922    8.546  436.360    1.907
  18600.00 0.158     699.198      12.778    1540.000       0.000    0.0002    8.108 1159.193    9.402  438.052    2.344
  18660.00 0.160     697.504       6.027    1940.000       0.000    0.0002    8.325 1289.411    8.158  437.994    2.174
  18720.00 0.163     691.064       8.996    1940.000       0.000    0.0002    8.396 1091.404    8.440  441.436    1.962
  18780.00 0.160     692.561       5.091    1940.000       0.000    0.0002    8.306  976.386    7.386  446.519    1.631
  18840.00 0.163     693.713      10.719    1940.000       0.000    0.0002    8.335  831.873    6.244  449.945    1.385
  18900.00 0.162     699.155       6.697    1500.000       0.000    0.0002    8.575  658.960    6.824  453.813    1.442
  18960.00 0.158     698.824      10.557    1540.000       0.000    0.0002    9.092  766.594    7.105  460.976    1.543
  19020.00 0.158     706.040       3.082    1580.000       0.000    0.0002    9.753  933.714    7.202  467.619    1.754
  19080.00 0.159     702.400       5.477    1540.000       0.000    0.0002   10.489  932.804    7.680  470.192    1.820
  19140.00 0.163     713.793      14.513    1580.000       0.000    0.0002   10.901  915.446    8.831  474.149    1.694
  19200.00 0.167     731.625       7.350    1620.000       0.000    0.0002   10.994 1051.578    7.951  481.235    1.787
  19260.00 0.169     736.075       5.253    1500.000       0.000    0.0002   10.768  993.395    7.673  484.694    1.975
  19320.00 0.168     744.593      11.163    1660.000       0.000    0.0002   10.403  889.890    8.050  484.906    1.818
  19380.00 0.161     735.198      10.486    1620.000       0.000    0.0002   10.013  947.726    7.494  485.824    1.866
  19440.00 0.168     731.930       8.215    1940.000       0.000    0.0002    9.590  906.427    7.857  486.702    1.933
  19500.00 0.168     737.438       7.744    1540.000       0.000    0.0002    9.336  828.816    7.540  484.645    2.208
  19560.00 0.161     730.456       9.696    1580.000       0.000    0.0002    9.127  843.121    8.127  480.909    1.997
  19620.00 0.157     731.628      14.636    1940.000       0.000    0.0002    8.919  856.555    6.648  480.629    1.907
  19680.00 0.156     724.726      12.457    1940.000       0.000    0.0002    8.753  654.264    6.822  482.624    1.769
  19740.00 0.159     735.153      11.380    1580.000       0.000    0.0002    8.690  684.087    7.601  484.517    1.850
  19800.00 0.157     729.984      12.037    1540.000       0.000    0.0002    8.356  767.727    7.168  482.326    1.841
  19860.00 0.157     729.938      10.280    1940.000       0.000    0.0002    7.915  656.163    6.048  476.640    1.707
  19920.00 0.154     735.930       5.819    1580.000       0.000    0.0002    7.740  572.633    5.417  473.226    1.330
  19980.00 0.158     721.387      11.926    1580.000       0.000    0.0002    7.725  489.193    6.313  473.802    1.306
  20040.00 0.154     721.173       8.273    1500.000       0.000    0.0002    7.853  546.850    6.291  474.170    1.581
  20100.00 0.153     711.419      11.547    1580.000       0.000    0.0002    8.176  640.521    6.159  474.782    1.455
  20160.00 0.148     711.908       7.138    1500.000       0.000    0.0002    8.688  674.994    6.381  478.707    1.510
  20220.00 0.152     707.987       8.599    1540.000       0.000    0.0002    9.254  660.058    6.488  486.091    1.702
  20280.00 0.155     705.921       6.740    1540.000       0.000    0.0002    9.944  653.356    7.672  493.846    1.745
  20340.00 0.160     728.171       8.841    1500.000       0.000    0.0002   10.799  838.268    7.854  502.700    1.859
  20400.00 0.158     729.969       6.347    1580.000       0.000    0.0002   11.652  900.953    8.344  512.682    2.182
  20460.00 0.165     754.222       6.726    1940.000       0.000    0.0002   12.090  879.319    8.028  519.151    2.141
  20520.00 0.159     747.730       5.245    1940.000       0.000    0.0002   12.400  874.044    8.569  522.719    2.074
  20580.00 0.160     752.907       7.367    1580.000       0.000    0.0002   12.541 1064.446    8.086  527.621    2.170
  20640.00 0.166     764.956       5.074    1940.000       0.000    0.0002   12.348 1180.256    8.171  532.617    2.325
  20700.00 0.165     771.315       6.263    1940.000       0.000    0.0002   11.922 1106.388    7.701  535.929    1.861
  20760.00 0.158     763.096       5.201    1940.000       0.000    0.0002   11.525  897.945    7.165  536.624    1.802
  20820.00 0.156     765.625       7.969    1940.000       0.000    0.0002   10.920  745.563    6.958  535.093    1.800
  20880.00 0.155     758.835      12.378    1620.000       0.000    0.0002   10.254  801.649    6.854  532.935    1.985
  20940.00 0.154     754.794      11.651    1580.000       0.000    0.0002    9.494  835.213    7.468  530.121    1.982
  21000.00 0.146     764.374       9.482    1540.000       0.000    0.0002    8.848  742.528    7.090  524.930    1.810
  21060.00 0.146     759.463      10.201    1540.000       0.000    0.0002    8.297  708.203    7.639  518.680    1.965
  21120.00 0.146     764.950       4.482    1660.000       0.000    0.0002    7.612  792.752    8.245  513.066    2.144
  21180.00 0.145     764.874       9.815    1700.000       0.000    0.0002    6.846  725.648    6.690  505.436    1.656
  21240.00 0.142     753.448      13.862    1940.000       0.000    0.0002    5.932  522.788    6.245  495.635    1.686
  21300.00 0.137     753.476       8.342    1940.000       0.000    0.0002    5.124  488.848    5.366  487.308    1.292
  21360.00 0.132     744.288       8.799    1540.000       0.000    0.0002    4.544  449.907    5.245  480.354    1.346
  21420.00 0.131     757.952       6.257    1580.000       0.000    0.0002    4.195  394.093    6.181  470.816    1.381
  21480.00 0.121     751.774       5.403    1620.000       0.000    0.0002    3.907  407.421    5.491  461.490    1.229
  21540.00 0.119     747.885       5.996    1540.000       0.000    0.0002    3.666  392.336    5.923  458.410    1.322
  21600.00 0.117     729.106      12.807    1540.000       0.000    0.0002    3.555  333.329    5.453  459.057    1.321
  21660.00 0.115     717.082       6.934    1500.000       0.000    0.0002    3.475  388.070    6.549  455.949    1.463
  21720.00 0.118     719.711       6.722    1580.000       0.000    0.0002    3.512  483.238    7.236  450.615    1.418
  21780.00 0.115     718.979      11.106    1540.000       0.000    0.0002    3.564  541.477    7.417  447.790    1.717
  21840.00 0.116     722.390       1.468    1580.000       0.000    0.0002    3.621  587.094    8.180  447.256    1.700
  21900.00 0.114     707.124       5.622    1500.000       0.000    0.0002    3.706  580.695    6.256  447.119    1.446
  21960.00 0.113     698.445       1.425    1500.000       0.000    0.0002    3.700  486.477    5.917  445.662    1.591
  22020.00 0.115     697.106       7.660    1620.000       0.000    0.0002    3.487  559.049    5.684  442.558    1.555
  22080.00 0.115     703.489       3.617    1540.000       0.000    0.0002    3.208  494.219    5.251  439.488    1.609
  22140.00 0.122     698.483       7.824    1500.000       0.000    0.0002    2.985  415.769    6.011  435.800    1.386
  22200.00 0.119     689.939       5.153    1460.000       0.000    0.0002    2.840  499.733    5.875  431.112    1.252
  22260.00 0.124     687.352       8.972    1460.000       0.000    0.0002    2.788  530.793    5.590  429.935    1.468
  22320.00 0.121     676.727       3.677    1420.000       0.000    0.0002    2.811  596.668    6.482  430.075    1.674
  22380.00 0.130     678.606       8.701    1460.000       0.000    0.0002    2.762  518.089    5.657  426.934    1.381
  22440.00 0.126     684.186       4.922    1580.000       0.000    0.0002    2.594  423.315    4.708  423.288    1.240
  22500.00 0.132     673.826       5.952    1460.000       0.000    0.0002    2.448  275.706    4.547  422.628    1.032
  22560.00 0.126     671.451       6.306    1460.000       0.000    0.0002    2.414  270.606    4.428  423.304    0.990
  22620.00 0.125     666.902       6.235    1380.000       0.000    0.0002    2.448  293.071    4.070  422.812    1.079
  22680.00 0.123     677.371      11.673    1420.000       0.000    0.0002    2.533  257.532    4.710  420.945    1.237
  22740.00 0.120     684.472       8.862    1380.000       0.000    0.0002    2.600  343.109    5.689  419.686    1.302
  22800.00 0.127     685.000       6.500    1460.000       0.000    0.0002    2.666  384.673    6.038  419.894    1.286
  22860.00 0.121     687.445       3.823    1460.000       0.000    0.0002    2.701  404.234    5.433  419.961    1.319
  22920.00 0.123     687.490       7.649    1420.000       0.000    0.0002    2.686  406.835    5.759  418.674    1.393
  22980.00 0.122     693.507       4.289    1460.000       0.000    0.0002    2.615  441.793    5.446  417.908    1.400
  23040.00 0.121     677.500       6.411    1420.000       0.000    0.0002    2.566  409.572    4.816  417.680    1.043
  23100.00 0.119     675.656       3.893    1460.000       0.000    0.0002    2.556  360.167    4.396  417.274    1.127
  23160.00 0.124     676.817       6.483    1500.000       0.000    0.0002    2.557  342.486    4.224  417.098    1.177
  23220.00 0.128     680.421       4.321    1460.000       0.000    0.0002    2.621  273.771    4.662  416.980    1.253
  23280.00 0.133     673.260       2.726    1420.000       0.000    0.0002    2.731  294.003    5.383  417.210    1.230
  23340.00 0.130     679.326      12.622    1540.000       0.000    0.0002    2.925  360.698    6.089  417.729    1.206
  23400.00 0.130     686.717       9.268    1460.000       0.000    0.0002    3.208  400.846    4.893  417.662    1.103
  23460.00 0.130     684.105       5.989    1460.000       0.000    0.0002    3.508  434.188    5.028  417.752    1.252
  23520.00 0.134     698.106       2.404    1460.000       0.000    0.0002    3.834  404.636    4.899  420.061    1.367
  23580.00 0.143     697.133      14.608    1500.000       0.000    0.0002    4.209  395.341    5.186  424.416    1.240
  23640.00 0.138     693.416      10.796    1460.000       0.000    0.0002    4.660  426.160    5.218  429.113    1.222
  23700.00 0.134     698.691       7.091    1420.000       0.000    0.0002    5.163  424.816    4.932  433.633    1.260
  23760.00 0.135     698.475       8.711    1460.000       0.000    0.0002    5.691  400.369    5.448  438.667    1.362
  23820.00 0.141     709.028       6.354    1540.000       0.000    0.0002    6.178  422.424    5.526  444.813    1.321
  23880.00 0.146     728.562       8.595    1500.000       0.000    0.0002    6.657  517.927    6.469  452.066    1.550
  23940.00 0.146     739.067       6.833    1540.000       0.000    0.0002    7.267  750.140    7.683  461.216    1.916
  24000.00 0.148     739.868       8.501    1460.000       0.000    0.0002    7.962  864.045    7.719  472.598    1.915
  24060.00 0.153     749.664       8.864    1540.000       0.000    0.0002    8.653  862.662    8.152  483.638    2.246
  24120.00 0.154     742.916       6.434    1940.000       0.000    0.0002    9.223  789.266    8.347  490.672    2.152
  24180.00 0.154     750.633       7.690    1940.000       0.000    0.0002    9.201  825.884    7.677  494.341    1.721
  24240.00 0.157     756.199       6.199    1940.000       0.000    0.0002    8.912  787.114    8.178  498.660    1.884
  24300.00 0.157     758.227       6.159    1940.000       0.000    0.0002    8.488  687.507    7.625  498.178    1.700
  24360.00 0.151     754.387      12.548    1620.000       0.000    0.0002    7.853  721.232    7.468  493.206    1.624
  24420.00 0.154     751.727       8.463    1540.000       0.000    0.0002    7.163  755.306    6.706  491.173    1.536
  24480.00 0.155     749.182       3.553    1620.000       0.000    0.0002    6.692  769.839    6.115  488.572    1.875
  24540.00 0.159     730.046       7.312    1660.000       0.000    0.0002    6.471  637.075    5.584  484.328    1.526
  24600.00 0.157     733.769      11.246    1580.000       0.000    0.0002    6.394  589.413    6.136  481.037    1.471
  24660.00 0.161     729.240      11.337    1540.000       0.000    0.0002    6.357  443.761    6.544  479.745    1.461
  24720.00 0.159     749.141      10.613    1580.000       0.000    0.0002    6.360  420.974    7.429  478.307    1.449
  24780.00 0.158     749.321      15.185    1500.000       0.000    0.0002    6.323  433.580    6.548  475.611    1.630
  24840.00 0.165     758.576       7.626    1660.000       0.000    0.0002    6.180  404.995    5.518  472.369    1.345
  24900.00 0.164     759.911       4.458    1660.000       0.000    0.0002    5.899  461.721    5.832  470.639    1.423
  24960.00 0.160     760.183       7.134    1660.000       0.000    0.0002    5.557  624.196    5.464  469.377    1.375
  25020.00 0.156     766.122       4.584    1580.000       0.000    0.0002    5.124  609.925    5.126  466.426    1.366
  25080.00 0.153     752.695       3.892    1460.000       0.000    0.0002    4.799  538.450    4.630  462.848    1.153
  25140.00 0.148     749.226      10.675    1580.000       0.000    0.0002    4.583  519.202    4.922  459.685    1.140
  25200.00 0.156     746.845      15.604    1620.000       0.000    0.0002    4.401  346.764    4.690  456.498    1.049
  25260.00 0.148     740.921      10.066    1580.000       0.000    0.0002    4.262  300.987    5.085  453.169    1.146
  25320.00 0.147     735.541       7.687    1500.000       0.000    0.0002    4.217  308.573    5.724  450.349    1.243
  25380.00 0.153     738.022       6.539    1500.000       0.000    0.0002    4.206  366.305    5.522  449.400    1.258
  25440.00 0.156     734.169       5.956    1420.000       0.000    0.0002    4.144  365.904    4.822  448.756    1.183
  25500.00 0.149     734.304       7.921    1540.000       0.000    0.0002    4.080  365.786    5.127  446.508    1.276
  25560.00 0.152     728.974       4.006    1460.000       0.000    0.0002    3.991  344.586    4.209  444.310    1.197
  25620.00 0.151     720.710       7.613    1500.000       0.000    0.0002    3.953  295.802    4.005  443.952    1.123
  25680.00 0.154     721.046       6.973    1540.000       0.000    0.0002    3.864  287.797    4.337  444.403    1.128
  25740.00 0.155     713.165      13.102    1580.000       0.000    0.0002    3.740  274.565    4.475  443.582    1.136
  25800.00 0.153     715.987       6.656    1500.000       0.000    0.0002    3.683  234.402    4.465  441.561    1.003
  25860.00 0.150     721.433       3.550    1460.000       0.000    0.0002    3.651  219.161    4.068  440.153    0.987
  25920.00 0.153     711.246      12.556    1460.000       0.000    0.0002    3.511  242.956    4.357  440.152    1.042
  25980.00 0.149     707.344       8.918    1540.000       0.000    0.0002    3.484  231.128    4.297  440.298    1.123
  26040.00 0.151     716.607       3.522    1460.000       0.000    0.0002    3.546  284.260    4.621  439.855    1.276
  26100.00 0.148     712.475       6.040    1460.000       0.000    0.0002    3.683  349.664    5.301  440.393    1.237
  26160.00 0.146     710.467       7.400    1500.000       0.000    0.0002    3.987  360.343    4.893  442.632    1.245
  26220.00 0.145     718.586       4.209    1380.000       0.000    0.0002    4.363  311.736    5.320  445.396    1.481
  26280.00 0.143     720.852       4.872    1500.000       0.000    0.0002    4.784  301.520    5.277  448.959    1.589
  26340.00 0.145     732.175       8.938    1420.000       0.000    0.0002    5.203  357.638    5.536  453.734    1.393
  26400.00 0.144     735.262       3.486    1500.000       0.000    0.0002    5.518  395.491    5.782  458.879    1.288
  26460.00 0.152     743.730      10.514    1460.000       0.000    0.0002    5.909  423.383    6.455  463.546    1.427
  26520.00 0.156     745.563       6.563    1540.000       0.000    0.0002    6.177  494.370    5.252  466.881    1.524
  26580.00 0.152     744.767       6.892    1540.000       0.000    0.0002    6.534  457.268    6.223  470.442    1.471
  26640.00 0.161     740.182       8.467    1660.000       0.000    0.0002    6.974  564.684    6.276  477.500    1.507
  26700.00 0.158     746.903       6.317    1580.000       0.000    0.0002    7.650  743.223    7.658  488.215    1.671
  26760.00 0.152     744.872       6.538    1620.000       0.000    0.0002    8.483  860.513    7.247  498.753    1.948
  26820.00 0.157     746.106       5.576    1940.000       0.000    0.0002    9.216  960.968    7.991  506.275    2.376
  26880.00 0.154     745.832       8.051    1940.000       0.000    0.0002    9.797  964.443    7.978  513.340    2.069
  26940.00 0.156     750.989       8.006    1940.000       0.000    0.0002   10.169 1073.865    8.114  523.665    1.804
  27000.00 0.158     735.232       7.307    1580.000       0.000    0.0002   10.505 1057.761    8.906  535.623    2.121
  27060.00 0.160     749.466       6.565    1940.000       0.000    0.0002   10.773  972.512    7.207  539.290    1.837
  27120.00 0.162     745.861      10.816    1940.000       0.000    0.0002   10.762 1131.688    8.129  538.665    2.116
  27180.00 0.158     745.873      11.716    1940.000       0.000    0.0002   10.758 1162.371    9.200  542.604    2.570
  27240.00 0.164     754.048       8.274    1580.000       0.000    0.0002   10.625 1360.757    7.483  546.050    2.780
  27300.00 0.170     760.719       9.324    1940.000       0.000    0.0002   10.344 1261.690    7.279  544.854    2.282
  27360.00 0.174     766.087       9.762    1940.000       0.000    0.0002    9.902  875.246    7.259  548.844    1.801
  27420.00 0.175     756.145      13.017    1660.000       0.000    0.0002    9.618  910.493    7.732  556.214    1.762
  27480.00 0.178     761.070       9.767    1540.000       0.000    0.0002    9.654 1027.399    8.337  562.196    1.945
  27540.00 0.173     763.324       7.099    1940.000       0.000    0.0002   10.024 1130.851    8.916  566.235    2.164
  27600.00 0.173     752.282       4.901    1940.000       0.000    0.0002   10.151 1333.785   10.536  568.230    2.923
  27660.00 0.172     752.557      11.307    1940.000       0.000    0.0002   10.030 1406.875   11.371  566.791    3.302
  27720.00 0.166     752.353       6.794    1940.000       0.000    0.0002    9.550 1278.519    8.897  565.173    2.719
  27780.00 0.167     753.255       9.022    2180.000       0.000    0.0002    9.031 1261.922    7.668  565.992    2.072
  27840.00 0.168     765.852      12.576    1940.000       0.000    0.0002    8.221 1118.265    7.359  570.393    1.887
  27900.00 0.169     758.382       6.069    1940.000       0.000    0.0002    7.574 1053.794    6.559  566.161    2.041
  27960.00 0.165     740.593       8.859    1940.000       0.000    0.0002    7.063  804.019    5.574  548.578    1.803
  28020.00 0.153     745.933      15.343    1580.000       0.000    0.0002    6.491  569.652    5.522  540.820    1.783
  28080.00 0.155     752.346       6.992    1660.000       0.000    0.0002    5.869  389.203    5.442  543.723    1.410
  28140.00 0.163     756.622       7.803    1620.000       0.000    0.0002    5.379  331.172    6.245  536.284    1.430
  28200.00 0.150     758.081       6.081    1820.000       0.000    0.0002    5.137  410.312    6.189  520.097    1.496
  28260.00 0.144     763.837       3.497    1700.000       0.000    0.0002    4.988  433.605    5.588  511.673    1.426
  28320.00 0.146     764.816       4.783    1620.000       0.000    0.0002    4.840  430.271    4.628  509.044    1.433
  28380.00 0.147     782.529       6.955    1660.000       0.000    0.0002    4.790  328.497    5.394  503.735    1.289
  28440.00 0.143     785.616       4.726    1540.000       0.000    0.0002    4.744  389.704    5.776  498.305    1.368
  28500.00 0.142     781.441       7.547    1500.000       0.000    0.0002    4.720  536.508    5.806  497.001    1.305
  28560.00 0.146     778.456       9.195    1620.000       0.000    0.0002    4.748  641.106    6.304  496.582    1.401
  28620.00 0.146     767.379       7.780    1660.000       0.000    0.0002    4.813  631.782    7.056  494.799    1.562
  28680.00 0.143     755.427       8.805    1660.000       0.000    0.0002    4.852  683.953    6.398  494.175    1.823
  28740.00 0.146     767.846       8.815    1540.000       0.000    0.0002    4.653  680.958    6.179  493.557    1.716
  28800.00 0.148     759.208       5.347    1940.000       0.000    0.0002    4.346  625.023    5.160  490.115    1.850
