#  time      cc     z_cbase    z_ctop_avg  z_ctop_max      zi         we   <<ql>>  <<ql>>_max   w_max   tke     ql_max
     60.00 0.000       0.000       0.000       0.000       0.000    0.0002    0.000    0.000    0.186  616.622    0.000
    120.00 0.000       0.000       0.000       0.000       0.000    0.0002    0.000    0.000    0.302  417.112    0.000
    180.00 0.000       0.000       0.000       0.000       0.000    0.0002    0.000    0.000    0.326  300.174    0.000
    240.00 0.000       0.000       0.000       0.000       0.000    0.0002    0.000    0.000    0.307  225.832    0.000
    300.00 0.000       0.000       0.000       0.000       0.000    0.0002    0.000    0.000    0.281  176.596    0.000
    360.00 0.000       0.000       0.000       0.000       0.000    0.0002    0.000    0.000    0.303  143.437    0.000
    420.00 0.000       0.000       0.000       0.000       0.000    0.0002    0.000    0.000    0.309  121.191    0.000
    480.00 0.000       0.000       0.000       0.000       0.000    0.0002    0.000    0.000    0.346  105.789    0.000
    540.00 0.000       0.000       0.000       0.000       0.000    0.0002    0.000    0.000    0.386   93.960    0.000
    600.00 0.000       0.000       0.000       0.000       0.000    0.0002    0.000    0.000    0.397   84.676    0.000
    660.00 0.000       0.000       0.000       0.000       0.000    0.0002    0.000    0.000    0.408   78.129    0.000
    720.00 0.000       0.000       0.000       0.000       0.000    0.0002    0.000    0.000    0.496   73.849    0.000
    780.00 0.000       0.000       0.000       0.000       0.000    0.0002    0.000    0.000    0.579   71.059    0.000
    840.00 0.000       0.000       0.000       0.000       0.000    0.0002    0.000    0.000    0.626   69.265    0.000
    900.00 0.000       0.000       0.000       0.000       0.000    0.0002    0.000    0.000    0.638   68.051    0.000
    960.00 0.000       0.000       0.000       0.000       0.000    0.0002    0.000    0.000    0.719   67.445    0.000
   1020.00 0.000       0.000       0.000       0.000       0.000    0.0002    0.000    0.000    0.797   67.920    0.000
   1080.00 0.000       0.000       0.000       0.000       0.000    0.0002    0.000    0.000    0.818   69.497    0.000
   1140.00 0.000       0.000       0.000       0.000       0.000    0.0002    0.000    0.000    0.843   71.786    0.000
   1200.00 0.000     580.000       0.000     580.000       0.000    0.0002    0.000    0.139    0.891   74.748    0.003
   1260.00 0.001     566.667       0.000     580.000       0.000    0.0002    0.001    2.197    0.918   78.591    0.049
   1320.00 0.002     564.000       0.000     580.000       0.000    0.0002    0.004    7.005    1.035   83.436    0.110
   1380.00 0.007     561.333       0.000     580.000       0.000    0.0002    0.013   10.717    1.064   89.464    0.174
   1440.00 0.016     565.846       8.923     660.000       0.000    0.0002    0.039   15.191    1.113   96.813    0.215
   1500.00 0.024     568.800      11.600     660.000       0.000    0.0002    0.089   23.119    1.292  105.372    0.301
   1560.00 0.038     568.052       8.052     660.000       0.000    0.0002    0.173   30.766    1.428  115.061    0.354
   1620.00 0.055     569.107       5.000     660.000       0.000    0.0002    0.305   41.825    1.606  125.916    0.403
   1680.00 0.068     567.914       2.086     660.000       0.000    0.0002    0.509   54.174    1.777  137.829    0.470
   1740.00 0.086     568.102       7.025     700.000       0.000    0.0002    0.801   72.676    2.141  150.591    0.585
   1800.00 0.106     567.159      10.346     740.000       0.000    0.0002    1.186  108.594    2.539  164.000    0.736
   1860.00 0.123     568.413       2.381     780.000       0.000    0.0002    1.689  141.707    2.747  177.798    0.833
   1920.00 0.143     569.779       7.189     820.000       0.000    0.0002    2.302  193.225    3.507  191.625    0.986
   1980.00 0.160     571.878       4.550     900.000       0.000    0.0002    2.996  223.104    3.886  205.118    1.054
   2040.00 0.168     574.061       9.753     900.000       0.000    0.0002    3.769  298.872    4.596  217.899    1.079
   2100.00 0.180     577.023       4.087    1300.000       0.000    0.0002    4.589  363.953    4.397  229.629    1.125
   2160.00 0.192     582.690       8.020    1100.000       0.000    0.0002    5.437  430.456    4.391  240.093    1.236
   2220.00 0.199     583.971       2.892    1300.000       0.000    0.0002    6.194  473.924    4.647  248.891    1.291
   2280.00 0.200     591.366       7.195    1300.000       0.000    0.0002    6.867  513.029    5.003  255.673    1.494
   2340.00 0.202     595.351       9.031    1340.000       0.000    0.0002    7.444  566.000    5.247  260.456    1.527
   2400.00 0.200     600.755       3.825    1300.000       0.000    0.0002    7.840  668.717    5.301  263.106    1.483
   2460.00 0.201     605.437       7.985    1380.000       0.000    0.0002    8.002  801.028    5.110  263.707    1.440
   2520.00 0.199     610.418       2.899    1420.000       0.000    0.0002    7.905  790.202    5.239  261.775    1.393
   2580.00 0.197     612.178      12.153    1460.000       0.000    0.0002    7.585  695.116    5.471  257.375    1.509
   2640.00 0.189     617.474      10.799    1420.000       0.000    0.0002    6.979  732.559    4.806  251.035    1.425
   2700.00 0.183     622.983       9.268    1420.000       0.000    0.0002    6.141  520.973    4.071  243.470    1.290
   2760.00 0.180     627.361       4.411    1420.000       0.000    0.0002    5.267  381.238    3.921  235.933    1.105
   2820.00 0.171     626.686       5.771    1460.000       0.000    0.0002    4.533  277.587    3.924  227.792    0.976
   2880.00 0.162     630.165       4.842    1300.000       0.000    0.0002    3.996  313.816    3.747  218.988    0.998
   2940.00 0.153     631.356      10.239    1340.000       0.000    0.0002    3.635  343.132    4.876  210.862    1.374
   3000.00 0.145     628.702       2.934    1420.000       0.000    0.0002    3.369  495.985    5.852  203.848    1.421
   3060.00 0.133     632.353       9.963    1300.000       0.000    0.0002    3.126  631.246    6.039  197.880    1.284
   3120.00 0.128     632.543       3.862    1340.000       0.000    0.0002    2.897  686.515    4.544  192.743    1.055
   3180.00 0.129     637.811       6.000    1420.000       0.000    0.0002    2.692  699.657    4.469  188.107    1.172
   3240.00 0.124     632.205       6.654    1340.000       0.000    0.0002    2.519  683.200    3.800  183.678    1.066
   3300.00 0.122     638.080       8.520    1380.000       0.000    0.0002    2.325  548.657    3.662  179.388    0.894
   3360.00 0.115     642.260       5.032    1300.000       0.000    0.0002    2.170  382.289    3.515  175.580    0.856
   3420.00 0.107     637.130       6.287    1460.000       0.000    0.0002    2.077  362.341    3.275  172.643    0.913
   3480.00 0.103     629.333       8.810    1300.000       0.000    0.0002    1.966  352.697    3.778  170.832    1.089
   3540.00 0.102     629.737       6.014    1340.000       0.000    0.0002    1.899  323.944    3.600  169.567    0.924
   3600.00 0.101     631.566       5.976    1420.000       0.000    0.0002    1.864  288.864    3.405  168.231    1.028
   3660.00 0.102     626.715       6.235    1380.000       0.000    0.0002    1.874  326.453    4.224  166.939    1.192
   3720.00 0.104     628.224       7.710    1460.000       0.000    0.0002    1.895  327.159    4.125  166.206    1.031
   3780.00 0.099     632.906       1.626    1420.000       0.000    0.0002    1.936  288.705    4.057  166.225    0.964
   3840.00 0.098     635.100       7.950    1340.000       0.000    0.0002    2.001  365.915    3.949  166.775    0.913
   3900.00 0.094     618.346       4.910    1340.000       0.000    0.0002    2.087  401.186    3.504  167.690    0.807
   3960.00 0.096     619.392       8.152    1300.000       0.000    0.0002    2.169  392.710    3.608  168.935    0.935
   4020.00 0.102     617.900       9.642    1340.000       0.000    0.0002    2.279  377.697    3.805  170.574    0.987
   4080.00 0.100     617.854       9.268    1380.000       0.000    0.0002    2.429  350.702    3.607  172.552    1.107
   4140.00 0.104     613.458       3.972    1340.000       0.000    0.0002    2.584  358.804    4.267  174.772    1.152
   4200.00 0.104     616.729       8.505    1300.000       0.000    0.0002    2.792  412.672    4.447  176.919    1.241
   4260.00 0.107     613.075       9.658    1300.000       0.000    0.0002    3.042  496.092    4.526  178.938    1.167
   4320.00 0.110     613.600       8.800    1380.000       0.000    0.0002    3.259  481.180    4.075  181.006    1.082
   4380.00 0.118     612.780       5.975    1300.000       0.000    0.0002    3.417  430.682    4.123  183.400    1.280
   4440.00 0.116     614.947       6.105    1340.000       0.000    0.0002    3.557  398.532    3.863  186.220    1.166
   4500.00 0.116     614.034       8.529    1340.000       0.000    0.0002    3.636  406.993    3.574  188.976    0.913
   4560.00 0.118     613.029      10.871    1300.000       0.000    0.0002    3.734  389.266    3.552  191.540    0.917
   4620.00 0.125     617.412       9.255    1340.000       0.000    0.0002    3.832  387.892    3.329  194.027    0.974
   4680.00 0.129     620.682       5.492    1380.000       0.000    0.0002    3.909  393.713    4.346  196.414    0.941
   4740.00 0.128     617.629       5.354    1460.000       0.000    0.0002    3.977  392.359    4.657  198.910    1.105
   4800.00 0.129     616.830       8.075    1340.000       0.000    0.0002    4.038  413.253    4.593  201.677    1.062
   4860.00 0.130     617.594       8.609    1340.000       0.000    0.0002    4.127  457.124    3.669  204.577    1.109
   4920.00 0.127     610.940       3.724    1420.000       0.000    0.0002    4.259  457.829    3.589  207.591    1.088
   4980.00 0.134     613.588       7.140    1340.000       0.000    0.0002    4.407  451.248    4.293  210.093    1.043
   5040.00 0.136     613.597       8.525    1340.000       0.000    0.0002    4.502  500.152    4.274  211.597    1.102
   5100.00 0.140     625.585       9.250    1420.000       0.000    0.0002    4.577  497.088    4.080  212.957    1.150
   5160.00 0.140     624.545       5.699    1340.000       0.000    0.0002    4.612  432.250    3.932  214.978    1.213
   5220.00 0.136     627.670       3.405    1380.000       0.000    0.0002    4.565  433.410    4.045  217.490    1.106
   5280.00 0.134     631.585       8.634    1380.000       0.000    0.0002    4.523  469.106    4.324  220.158    1.052
   5340.00 0.134     633.748       2.413    1420.000       0.000    0.0002    4.471  496.305    4.506  222.722    1.200
   5400.00 0.130     629.213       5.918    1420.000       0.000    0.0002    4.399  457.244    3.896  224.675    1.115
   5460.00 0.131     628.449       9.981    1380.000       0.000    0.0002    4.379  399.893    4.085  225.946    1.178
   5520.00 0.135     628.231       5.993    1340.000       0.000    0.0002    4.458  514.764    4.560  227.343    1.225
   5580.00 0.137     627.415       8.093    1340.000       0.000    0.0002    4.545  616.360    4.618  228.343    1.318
   5640.00 0.134     619.781       2.194    1340.000       0.000    0.0002    4.589  688.621    4.023  228.769    1.184
   5700.00 0.134     614.954       4.241    1340.000       0.000    0.0002    4.616  699.118    3.727  229.730    1.211
   5760.00 0.140     617.413       7.902    1380.000       0.000    0.0002    4.609  637.478    3.423  231.079    1.032
   5820.00 0.146     621.867       8.300    1300.000       0.000    0.0002    4.545  505.673    3.735  231.900    0.980
   5880.00 0.145     624.722       4.317    1300.000       0.000    0.0002    4.503  382.129    3.635  232.399    0.927
   5940.00 0.147     622.521       7.993    1340.000       0.000    0.0002    4.562  391.123    3.386  233.218    0.894
   6000.00 0.149     619.606       4.466    1300.000       0.000    0.0002    4.777  403.825    3.890  234.416    0.972
   6060.00 0.147     622.924       4.983    1340.000       0.000    0.0002    5.074  414.097    4.247  236.021    1.010
   6120.00 0.148     616.507       3.262    1420.000       0.000    0.0002    5.448  441.232    4.313  238.699    1.080
   6180.00 0.155     626.120       4.700    1380.000       0.000    0.0002    5.980  464.456    4.907  242.539    1.333
   6240.00 0.150     628.260       2.959    1460.000       0.000    0.0002    6.606  548.618    5.375  246.982    1.248
   6300.00 0.150     628.208       6.515    1380.000       0.000    0.0002    7.276  588.982    5.158  251.236    1.276
   6360.00 0.152     632.905       5.169    1420.000       0.000    0.0002    7.797  577.577    5.017  254.690    1.186
   6420.00 0.156     639.027      12.276    1380.000       0.000    0.0002    8.121  584.016    4.902  257.608    1.174
   6480.00 0.152     641.282      11.763    1460.000       0.000    0.0002    8.273  608.588    5.237  260.684    1.388
   6540.00 0.152     645.618       8.507    1460.000       0.000    0.0002    8.198  632.882    6.497  263.241    1.693
   6600.00 0.148     647.504       6.413    1540.000       0.000    0.0002    7.925  644.521    6.733  264.617    1.457
   6660.00 0.145     656.162      11.212    1500.000       0.000    0.0002    7.575  806.508    5.786  264.450    1.616
   6720.00 0.145     662.555       5.008    1380.000       0.000    0.0002    7.148  720.351    4.853  263.406    1.106
   6780.00 0.139     667.465       6.725    1420.000       0.000    0.0002    6.759  564.349    4.242  263.064    1.236
   6840.00 0.131     652.862       5.836    1420.000       0.000    0.0002    6.549  463.496    4.756  262.302    1.243
   6900.00 0.127     658.925       5.950    1380.000       0.000    0.0002    6.394  624.499    5.481  261.742    1.395
   6960.00 0.126     663.714       8.162    1420.000       0.000    0.0002    6.317  822.427    6.921  263.652    1.982
   7020.00 0.127     662.543       9.249    1620.000       0.000    0.0002    6.331  967.270    6.621  266.106    1.959
   7080.00 0.125     654.196       4.706    1580.000       0.000    0.0002    6.329 1072.451    6.908  266.640    2.008
   7140.00 0.119     654.004      11.745    1540.000       0.000    0.0002    6.248 1146.005    6.440  266.660    2.550
   7200.00 0.126     645.864       2.563    1940.000       0.000    0.0002    5.881  941.350    5.280  265.090    2.312
   7260.00 0.128     645.802       4.656    1940.000       0.000    0.0002    5.242  687.453    5.047  264.230    1.615
   7320.00 0.122     660.559       2.475    1620.000       0.000    0.0002    4.619  603.737    5.322  265.274    1.357
   7380.00 0.126     651.954      12.650    1500.000       0.000    0.0002    4.108  459.987    4.520  261.314    1.289
   7440.00 0.122     654.880      11.480    1580.000       0.000    0.0002    3.652  406.804    4.383  253.769    1.143
   7500.00 0.125     652.250       7.397    1500.000       0.000    0.0002    3.332  334.980    4.313  249.202    1.079
   7560.00 0.125     644.016       9.279    1500.000       0.000    0.0002    3.228  295.093    4.047  246.621    0.950
   7620.00 0.123     644.701      10.518    1500.000       0.000    0.0002    3.363  402.968    4.213  245.101    0.963
   7680.00 0.118     638.965       9.068    1460.000       0.000    0.0002    3.704  522.198    4.425  245.564    1.119
   7740.00 0.121     641.700       9.879    1540.000       0.000    0.0002    4.211  690.366    5.863  247.539    1.402
   7800.00 0.125     655.486       4.747    1460.000       0.000    0.0002    4.701  810.070    6.006  250.328    1.372
   7860.00 0.127     660.690       3.793    1420.000       0.000    0.0002    5.196  746.309    6.352  252.514    1.588
   7920.00 0.130     661.582       8.927    1500.000       0.000    0.0002    5.554  722.324    5.026  253.710    1.451
   7980.00 0.132     669.556       9.296    1420.000       0.000    0.0002    5.796  593.105    5.139  255.878    1.783
   8040.00 0.129     671.841       7.287    1420.000       0.000    0.0002    5.906  520.605    4.695  259.063    1.450
   8100.00 0.133     675.882       4.890    1500.000       0.000    0.0002    5.978  510.207    4.935  261.978    1.466
   8160.00 0.128     673.181      11.810    1460.000       0.000    0.0002    5.985  609.378    5.548  264.091    1.355
   8220.00 0.126     674.961       5.426    1500.000       0.000    0.0002    5.966  769.342    6.150  265.024    1.418
   8280.00 0.126     672.816      17.359    1500.000       0.000    0.0002    5.837  854.032    5.633  265.677    1.681
   8340.00 0.128     674.601      12.662    1580.000       0.000    0.0002    5.618  875.938    5.188  266.437    1.701
   8400.00 0.127     675.432       7.255    1500.000       0.000    0.0002    5.245  812.087    5.794  265.896    1.814
   8460.00 0.122     668.737       7.415    1660.000       0.000    0.0002    4.682  547.144    5.205  264.317    1.508
   8520.00 0.121     665.657      11.879    1460.000       0.000    0.0002    4.116  523.034    4.464  262.749    1.535
   8580.00 0.119     668.033       5.820    1540.000       0.000    0.0002    3.679  510.666    4.179  260.478    1.313
   8640.00 0.118     657.196       3.546    1620.000       0.000    0.0002    3.367  495.494    4.631  257.495    1.253
   8700.00 0.111     655.253      10.242    1620.000       0.000    0.0002    3.099  394.981    4.465  256.290    1.090
   8760.00 0.115     659.661       5.085    1540.000       0.000    0.0002    2.942  420.233    4.791  255.852    1.067
   8820.00 0.111     659.031       8.370    1500.000       0.000    0.0002    2.913  454.663    5.178  254.343    1.157
   8880.00 0.115     653.433       6.780    1540.000       0.000    0.0002    2.937  551.183    5.525  253.061    1.305
   8940.00 0.122     655.181       7.590    1540.000       0.000    0.0002    2.959  636.665    5.024  253.726    1.481
   9000.00 0.125     649.162       2.417    1380.000       0.000    0.0002    3.036  669.561    4.111  254.589    1.644
   9060.00 0.125     636.875       6.992    1340.000       0.000    0.0002    3.143  545.407    4.005  254.411    1.032
   9120.00 0.132     638.928       4.732    1420.000       0.000    0.0002    3.271  385.781    4.185  254.926    1.002
   9180.00 0.130     635.460       6.454    1420.000       0.000    0.0002    3.467  400.334    4.934  256.239    1.057
   9240.00 0.126     636.544       3.612    1420.000       0.000    0.0002    3.655  359.966    5.034  257.317    1.054
   9300.00 0.132     638.998       4.341    1420.000       0.000    0.0002    3.930  373.290    4.491  258.789    1.055
   9360.00 0.138     637.628       8.566    1380.000       0.000    0.0002    4.251  373.338    5.127  261.974    1.156
   9420.00 0.137     626.916       6.275    1300.000       0.000    0.0002    4.666  493.236    5.597  266.766    1.237
   9480.00 0.137     629.591       6.359    1340.000       0.000    0.0002    5.232  606.786    6.307  272.031    1.337
   9540.00 0.138     635.944       9.771    1420.000       0.000    0.0002    5.925  688.594    6.629  278.066    1.405
   9600.00 0.140     638.258       4.599    1380.000       0.000    0.0002    6.695  809.203    7.476  286.279    1.944
   9660.00 0.143     641.470       8.342    1460.000       0.000    0.0002    7.518  837.963    6.827  295.660    1.677
   9720.00 0.146     647.867       6.133    1500.000       0.000    0.0002    8.288  877.085    7.284  304.514    1.885
   9780.00 0.150     651.024       3.707    1580.000       0.000    0.0002    8.939  999.850    6.341  312.780    1.660
   9840.00 0.146     666.901       7.035    1940.000       0.000    0.0002    9.317 1065.073    5.973  319.812    1.613
   9900.00 0.148     672.343      10.726    1620.000       0.000    0.0002    9.297 1021.097    5.451  325.685    1.581
   9960.00 0.155     677.567       7.646    1580.000       0.000    0.0002    9.026  798.403    5.789  329.426    1.933
  10020.00 0.150     677.951      12.683    1540.000       0.000    0.0002    8.766  584.792    5.731  330.043    1.397
  10080.00 0.151     680.616      10.113    1540.000       0.000    0.0002    8.430  692.495    5.417  330.944    1.403
  10140.00 0.150     694.407       2.634    1540.000       0.000    0.0002    8.012  891.196    5.601  332.347    1.513
  10200.00 0.146     687.133       6.167    1500.000       0.000    0.0002    7.681 1042.057    5.889  333.186    1.729
  10260.00 0.140     670.801      12.962    1500.000       0.000    0.0002    7.482 1082.034    6.740  331.207    1.763
  10320.00 0.134     675.576       7.093    1460.000       0.000    0.0002    7.216 1088.062    6.935  328.680    1.987
  10380.00 0.137     671.652       6.181    1700.000       0.000    0.0002    6.801 1004.062    5.568  327.489    2.407
  10440.00 0.138     669.912       7.398    1780.000       0.000    0.0002    6.305  808.063    5.590  327.813    1.792
  10500.00 0.132     673.137       9.299    1620.000       0.000    0.0002    5.921  543.741    6.293  329.349    1.444
  10560.00 0.131     658.662       3.457    1580.000       0.000    0.0002    5.784  713.498    7.015  329.256    1.519
  10620.00 0.135     665.580       5.362    1460.000       0.000    0.0002    5.807  980.773    8.668  325.754    1.863
  10680.00 0.130     658.346       8.158    1460.000       0.000    0.0002    5.909 1241.184    6.970  323.371    1.721
  10740.00 0.132     663.469      11.070    1460.000       0.000    0.0002    6.060 1293.953    8.023  326.868    2.370
  10800.00 0.134     659.269      12.285    1940.000       0.000    0.0002    6.102 1390.146    8.331  329.819    2.222
  10860.00 0.134     654.442      11.371    1940.000       0.000    0.0002    5.976 1119.412    6.062  328.484    2.381
  10920.00 0.135     664.396       2.234    1580.000       0.000    0.0002    5.792  968.137    5.443  330.554    1.479
  10980.00 0.137     669.663      10.195    1620.000       0.000    0.0002    5.683  946.921    5.348  334.826    1.355
  11040.00 0.135     669.186       4.340    1500.000       0.000    0.0002    5.604  823.034    5.304  331.398    1.254
  11100.00 0.133     667.046       5.358    1460.000       0.000    0.0002    5.464  751.652    5.511  326.157    1.349
  11160.00 0.138     663.115       7.434    1540.000       0.000    0.0002    5.272  677.047    5.912  325.344    1.415
  11220.00 0.139     660.211      11.620    1540.000       0.000    0.0002    5.015  686.122    5.522  323.768    1.556
  11280.00 0.136     656.194       6.499    1540.000       0.000    0.0002    4.826  677.692    5.244  318.647    1.505
  11340.00 0.133     648.205       9.597    1460.000       0.000    0.0002    4.625  625.750    4.571  315.172    1.132
  11400.00 0.131     664.461       5.911    1500.000       0.000    0.0002    4.598  435.290    5.561  315.897    1.325
  11460.00 0.135     668.087       5.090    1460.000       0.000    0.0002    4.586  539.706    5.834  315.481    1.327
  11520.00 0.135     664.108       5.261    1420.000       0.000    0.0002    4.588  585.271    5.172  314.220    1.609
  11580.00 0.137     671.143       2.143    1460.000       0.000    0.0002    4.661  636.497    5.873  315.595    1.568
  11640.00 0.133     668.514      10.606    1420.000       0.000    0.0002    4.741  718.732    5.249  317.506    1.553
  11700.00 0.139     674.526       6.772    1460.000       0.000    0.0002    4.733  668.100    5.849  317.347    1.728
  11760.00 0.137     670.747      10.890    1420.000       0.000    0.0002    4.731  460.387    4.589  317.963    1.490
  11820.00 0.144     668.081       8.115    1460.000       0.000    0.0002    4.817  484.663    5.450  320.042    1.204
  11880.00 0.139     662.039       6.467    1420.000       0.000    0.0002    4.934  635.689    5.982  321.970    1.342
  11940.00 0.143     666.222       7.863    1460.000       0.000    0.0002    5.040  799.021    6.188  324.354    1.666
  12000.00 0.143     666.746       4.668    1540.000       0.000    0.0002    5.135  846.573    5.776  326.661    1.580
  12060.00 0.141     669.636       9.844    1540.000       0.000    0.0002    5.149  750.188    5.599  327.599    1.885
  12120.00 0.139     662.175       6.070    1460.000       0.000    0.0002    5.028  560.039    5.989  328.177    1.539
  12180.00 0.141     649.361       6.010    1540.000       0.000    0.0002    4.833  596.976    6.273  328.680    1.379
  12240.00 0.144     652.313      12.925    1500.000       0.000    0.0002    4.643  597.670    4.853  327.687    1.300
  12300.00 0.141     644.525       6.149    1500.000       0.000    0.0002    4.521  492.976    4.237  325.465    1.105
  12360.00 0.146     649.850      10.918    1500.000       0.000    0.0002    4.470  416.894    4.359  323.963    1.318
  12420.00 0.147     653.179       8.411    1420.000       0.000    0.0002    4.512  449.819    4.790  324.460    1.203
  12480.00 0.146     662.671       6.644    1500.000       0.000    0.0002    4.708  588.049    5.104  326.850    1.449
  12540.00 0.145     665.734      12.580    1460.000       0.000    0.0002    5.030  619.594    6.178  330.633    1.603
  12600.00 0.152     667.846       8.264    1460.000       0.000    0.0002    5.416  692.745    7.220  335.381    1.779
  12660.00 0.148     671.107       8.793    1420.000       0.000    0.0002    5.853  821.999    6.499  339.810    1.889
  12720.00 0.154     680.668       8.331    1540.000       0.000    0.0002    6.223  888.450    8.417  342.972    1.597
  12780.00 0.156     678.056       9.969    1580.000       0.000    0.0002    6.365 1104.028    8.301  345.836    1.860
  12840.00 0.154     668.394       6.836    1540.000       0.000    0.0002    6.313 1193.707    8.879  348.558    1.941
  12900.00 0.155     671.024      10.079    1940.000       0.000    0.0002    6.240 1055.157    6.948  351.697    1.671
  12960.00 0.152     657.042      10.482    1580.000       0.000    0.0002    6.245  888.396    6.118  354.332    1.551
  13020.00 0.156     655.368       6.103    1540.000       0.000    0.0002    6.339  737.077    6.218  353.592    1.521
  13080.00 0.157     655.701       6.667    1460.000       0.000    0.0002    6.299  659.567    6.706  350.428    1.635
  13140.00 0.156     660.063       6.031    1460.000       0.000    0.0002    6.109  568.906    5.358  348.675    1.119
  13200.00 0.153     654.522      10.318    1460.000       0.000    0.0002    5.962  524.023    5.307  348.622    1.130
  13260.00 0.155     657.220       6.224    1460.000       0.000    0.0002    5.996  527.708    4.927  348.332    1.241
  13320.00 0.156     668.188      11.344    1540.000       0.000    0.0002    6.141  548.018    5.423  349.269    1.377
  13380.00 0.152     662.628       1.987    1460.000       0.000    0.0002    6.542  532.072    5.860  351.761    1.373
  13440.00 0.155     659.371       6.792    1460.000       0.000    0.0002    6.989  616.482    6.328  354.422    1.484
  13500.00 0.156     663.313       5.563    1420.000       0.000    0.0002    7.483  705.981    6.020  358.166    1.321
  13560.00 0.155     668.315       6.205    1460.000       0.000    0.0002    7.998  746.455    6.434  362.903    1.314
  13620.00 0.159     677.239       6.718    1500.000       0.000    0.0002    8.312  802.113    6.905  366.985    1.761
  13680.00 0.160     680.734       5.291    1460.000       0.000    0.0002    8.578  853.900    6.638  370.131    1.704
  13740.00 0.158     674.074       4.784    1500.000       0.000    0.0002    8.835  976.151    7.816  372.824    2.220
  13800.00 0.153     684.640       5.728    1940.000       0.000    0.0002    8.836  997.671    7.237  373.818    1.794
  13860.00 0.148     681.812       8.171    1660.000       0.000    0.0002    8.590  875.519    6.045  374.110    1.574
  13920.00 0.146     687.112       8.013    1940.000       0.000    0.0002    8.011  854.501    5.733  373.806    1.700
  13980.00 0.146     681.477      11.141    1540.000       0.000    0.0002    7.423  801.090    5.771  373.832    1.713
  14040.00 0.145     679.865       7.340    1420.000       0.000    0.0002    6.859  534.375    5.874  371.882    1.561
  14100.00 0.142     673.997       8.096    1540.000       0.000    0.0002    6.464  566.615    6.184  367.893    1.452
  14160.00 0.142     678.621       9.379    1540.000       0.000    0.0002    6.173  749.848    7.482  361.870    1.481
  14220.00 0.143     673.949       9.983    1500.000       0.000    0.0002    5.941  952.636    7.276  357.353    1.876
  14280.00 0.146     673.154       6.846    1540.000       0.000    0.0002    5.754  864.502    4.861  354.953    1.340
  14340.00 0.149     670.361       6.787    1460.000       0.000    0.0002    5.713  656.526    5.513  354.183    1.445
  14400.00 0.153     676.613      13.003    1460.000       0.000    0.0002    5.766  433.768    5.909  355.659    1.279
  14460.00 0.148     676.992      14.017    1500.000       0.000    0.0002    5.924  423.980    5.029  357.813    1.272
  14520.00 0.147     678.411       6.225    1580.000       0.000    0.0002    6.112  444.677    5.001  357.989    1.357
  14580.00 0.149     690.523       7.582    1500.000       0.000    0.0002    6.226  527.703    5.397  357.289    1.203
  14640.00 0.155     691.987      14.890    1420.000       0.000    0.0002    6.404  593.133    5.224  357.378    1.206
  14700.00 0.156     695.681       4.695    1460.000       0.000    0.0002    6.519  595.782    5.933  358.512    1.441
  14760.00 0.152     688.986       8.180    1460.000       0.000    0.0002    6.495  539.980    5.904  359.788    1.354
  14820.00 0.153     694.076       8.471    1420.000       0.000    0.0002    6.415  564.683    5.644  361.817    1.477
  14880.00 0.149     681.931       7.529    1500.000       0.000    0.0002    6.328  682.708    6.680  363.139    1.567
  14940.00 0.153     686.134       7.125    1580.000       0.000    0.0002    6.189  829.274    6.124  362.696    1.528
  15000.00 0.152     688.406       5.250    1500.000       0.000    0.0002    5.999  949.894    5.200  361.890    1.466
  15060.00 0.153     693.994      10.032    1540.000       0.000    0.0002    5.805  830.558    5.572  362.081    1.478
  15120.00 0.146     689.231       4.147    1620.000       0.000    0.0002    5.607  694.276    5.844  362.339    1.718
  15180.00 0.149     680.624       6.404    1420.000       0.000    0.0002    5.501  690.501    5.798  361.049    1.564
  15240.00 0.144     674.213       4.027    1620.000       0.000    0.0002    5.424  605.889    6.240  359.122    1.268
  15300.00 0.143     685.349       8.756    1620.000       0.000    0.0002    5.369  655.153    5.933  358.624    1.488
  15360.00 0.146     683.987       6.834    1580.000       0.000    0.0002    5.352  730.929    6.294  357.251    1.621
  15420.00 0.140     681.009       8.765    1460.000       0.000    0.0002    5.376  729.727    5.746  355.003    1.410
  15480.00 0.143     691.111       7.521    1500.000       0.000    0.0002    5.421  579.185    5.528  354.184    1.492
  15540.00 0.138     692.580      10.742    1500.000       0.000    0.0002    5.399  601.326    6.634  356.426    1.625
  15600.00 0.140     697.487       4.049    1420.000       0.000    0.0002    5.231  672.589    6.594  359.007    1.732
  15660.00 0.140     687.692       7.203    1460.000       0.000    0.0002    5.022  680.585    7.001  358.965    1.566
  15720.00 0.136     695.691      10.521    1540.000       0.000    0.0002    4.849  703.806    7.043  356.361    1.870
  15780.00 0.138     688.156       8.688    1500.000       0.000    0.0002    4.574  764.731    6.736  353.124    1.764
  15840.00 0.137     697.643       9.036    1660.000       0.000    0.0002    4.136  599.232    4.867  350.417    1.272
  15900.00 0.137     694.174       5.577    1500.000       0.000    0.0002    3.658  363.781    5.115  348.815    1.022
  15960.00 0.135     687.029      12.717    1500.000       0.000    0.0002    3.306  361.302    4.461  346.086    1.049
  16020.00 0.142     687.034       8.966    1500.000       0.000    0.0002    3.057  302.002    4.042  342.660    1.016
  16080.00 0.136     680.537      10.519    1540.000       0.000    0.0002    2.888  331.182    4.065  341.250    0.976
  16140.00 0.130     664.195       8.015    1500.000       0.000    0.0002    2.810  349.323    4.835  340.494    1.007
  16200.00 0.129     657.887       2.264    1580.000       0.000    0.0002    2.814  359.746    4.446  338.264    0.915
  16260.00 0.131     656.567      11.007    1420.000       0.000    0.0002    2.936  371.411    4.274  336.907    0.957
  16320.00 0.128     661.600       5.448    1420.000       0.000    0.0002    3.153  357.841    5.085  337.959    1.070
  16380.00 0.133     670.183       8.425    1540.000       0.000    0.0002    3.449  330.013    5.350  339.309    1.086
  16440.00 0.133     664.844       9.358    1380.000       0.000    0.0002    3.750  318.939    4.499  340.373    1.103
  16500.00 0.139     668.351       6.421    1420.000       0.000    0.0002    4.136  362.451    5.592  343.054    1.304
  16560.00 0.140     677.832      10.420    1580.000       0.000    0.0002    4.524  438.740    5.986  347.180    1.234
  16620.00 0.144     672.115      11.032    1380.000       0.000    0.0002    4.983  485.662    5.465  351.924    1.465
  16680.00 0.147     680.199       6.080    1500.000       0.000    0.0002    5.494  590.365    6.188  357.372    1.632
  16740.00 0.149     681.770       5.148    1460.000       0.000    0.0002    6.055  833.751    6.468  363.933    1.527
  16800.00 0.156     687.378       7.473    1420.000       0.000    0.0002    6.615 1088.969    7.417  370.525    1.902
  16860.00 0.150     692.052      11.922    1500.000       0.000    0.0002    6.909 1176.673    9.183  375.605    2.226
  16920.00 0.156     689.546       7.512    1940.000       0.000    0.0002    6.999 1287.080    7.260  379.426    2.097
  16980.00 0.152     696.844       4.638    1940.000       0.000    0.0002    6.806 1103.713    6.970  382.434    1.728
  17040.00 0.152     694.341       2.894    1500.000       0.000    0.0002    6.558  934.136    7.375  386.362    1.666
  17100.00 0.149     681.961      14.052    1660.000       0.000    0.0002    6.345  818.343    6.839  387.235    1.839
  17160.00 0.148     683.894       5.116    1620.000       0.000    0.0002    6.129  506.776    5.982  383.930    1.191
  17220.00 0.150     702.284      10.082    1620.000       0.000    0.0002    5.873  502.243    5.251  383.371    1.271
  17280.00 0.154     691.492      10.635    1500.000       0.000    0.0002    5.991  494.077    5.790  385.697    1.343
  17340.00 0.154     696.000       9.333    1500.000       0.000    0.0002    6.404  725.141    6.581  388.928    1.584
  17400.00 0.156     686.520       5.737    1500.000       0.000    0.0002    7.205  871.466    7.370  395.622    1.855
  17460.00 0.156     692.574       7.176    1540.000       0.000    0.0002    8.096  939.302    7.057  404.305    2.027
  17520.00 0.159     689.370       4.793    1940.000       0.000    0.0002    8.817 1104.338    7.395  410.595    2.553
  17580.00 0.172     698.409      10.398    1940.000       0.000    0.0002    9.191 1156.768    5.266  413.895    2.566
  17640.00 0.177     706.234       7.476    1940.000       0.000    0.0002    9.227 1019.080    6.361  419.993    1.908
  17700.00 0.176     706.120       7.344    1500.000       0.000    0.0002    8.857  755.348    5.917  423.871    1.662
  17760.00 0.179     706.041      10.068    1500.000       0.000    0.0002    8.188  584.089    5.380  422.867    1.367
  17820.00 0.180     709.457       6.060    1540.000       0.000    0.0002    7.486  570.486    5.933  419.682    1.296
  17880.00 0.182     704.617      10.282    1580.000       0.000    0.0002    6.992  604.209    6.250  415.393    1.428
  17940.00 0.178     704.725       9.698    1540.000       0.000    0.0002    6.740  561.992    5.723  410.562    1.340
  18000.00 0.179     699.235       9.071    1500.000       0.000    0.0002    6.705  507.486    6.848  407.006    1.335
  18060.00 0.173     698.364      11.735    1500.000       0.000    0.0002    6.704  599.125    6.135  406.351    1.320
  18120.00 0.170     720.373       8.981    1500.000       0.000    0.0002    6.639  641.104    6.921  406.384    1.511
  18180.00 0.168     719.042       8.360    1660.000       0.000    0.0002    6.626  576.558    6.048  405.956    1.642
  18240.00 0.172     719.261       6.619    1460.000       0.000    0.0002    6.377  619.813    6.318  405.630    1.681
  18300.00 0.166     719.882       6.254    1460.000       0.000    0.0002    6.129  651.260    5.157  404.442    1.470
  18360.00 0.162     730.876       8.006    1540.000       0.000    0.0002    5.763  472.823    5.412  399.889    1.314
  18420.00 0.159     722.945       7.178    1500.000       0.000    0.0002    5.307  397.497    4.933  395.946    1.142
  18480.00 0.154     731.062       8.368    1500.000       0.000    0.0002    4.880  370.451    5.107  394.100    1.140
  18540.00 0.151     730.211       5.251    1460.000       0.000    0.0002    4.452  364.197    5.323  391.294    1.168
  18600.00 0.153     724.904       5.732    1500.000       0.000    0.0002    4.148  360.923    5.209  387.370    1.424
  18660.00 0.147     732.945       3.394    1540.000       0.000    0.0002    3.938  370.854    5.116  384.317    1.352
  18720.00 0.148     727.835      10.017    1460.000       0.000    0.0002    3.875  412.248    4.734  382.206    1.265
  18780.00 0.140     720.348       6.307    1420.000       0.000    0.0002    3.907  451.728    4.609  380.917    1.191
  18840.00 0.135     712.324      10.919    1500.000       0.000    0.0002    3.949  391.765    5.072  380.795    1.164
  18900.00 0.137     706.203       4.991    1460.000       0.000    0.0002    4.028  346.930    4.970  380.896    1.168
  18960.00 0.138     704.035       5.558    1460.000       0.000    0.0002    4.066  382.465    5.102  380.387    1.195
  19020.00 0.142     709.776       9.053    1460.000       0.000    0.0002    4.029  466.331    5.820  380.652    1.504
  19080.00 0.142     695.938      10.843    1500.000       0.000    0.0002    4.020  583.631    6.428  381.843    1.604
  19140.00 0.135     691.304       4.420    1500.000       0.000    0.0002    4.127  681.988    6.119  381.461    1.741
  19200.00 0.139     691.930       5.719    1500.000       0.000    0.0002    4.112  647.678    6.286  380.604    1.767
  19260.00 0.134     686.157       7.359    1420.000       0.000    0.0002    4.147  697.296    6.049  382.560    1.551
  19320.00 0.132     690.627       6.199    1500.000       0.000    0.0002    4.249  563.503    5.351  385.829    1.219
  19380.00 0.141     695.979      10.399    1460.000       0.000    0.0002    4.463  400.067    5.733  386.959    1.220
  19440.00 0.144     697.763       7.492    1460.000       0.000    0.0002    4.901  422.195    5.507  387.615    1.351
  19500.00 0.138     688.956       6.230    1340.000       0.000    0.0002    5.447  453.058    5.956  389.921    1.327
  19560.00 0.147     687.748       5.265    1420.000       0.000    0.0002    5.972  544.797    6.782  393.919    1.356
  19620.00 0.142     677.625       8.709    1380.000       0.000    0.0002    6.459  569.339    6.295  398.189    1.796
  19680.00 0.145     685.748       9.580    1460.000       0.000    0.0002    6.864  585.339    6.789  402.558    1.773
  19740.00 0.150     686.927       7.154    1580.000       0.000    0.0002    7.126  544.351    6.976  407.629    1.569
  19800.00 0.147     695.166       8.245    1500.000       0.000    0.0002    7.394  617.074    6.869  413.223    1.553
  19860.00 0.151     696.045       8.590    1420.000       0.000    0.0002    7.533  648.144    7.081  417.902    1.688
  19920.00 0.151     700.971       9.094    1580.000       0.000    0.0002    7.572  659.843    6.786  420.194    1.506
  19980.00 0.154     713.418       9.666    1580.000       0.000    0.0002    7.489  642.063    5.712  421.605    1.880
  20040.00 0.153     707.488       5.408    1620.000       0.000    0.0002    7.269  778.728    5.631  422.734    1.666
  20100.00 0.154     709.841       7.587    1580.000       0.000    0.0002    7.048  719.794    5.710  422.231    1.377
  20160.00 0.153     701.978      10.718    1700.000       0.000    0.0002    6.909  591.635    5.324  421.726    1.265
  20220.00 0.153     700.319       9.474    1460.000       0.000    0.0002    7.085  704.399    6.359  423.038    1.567
  20280.00 0.155     691.258       5.943    1540.000       0.000    0.0002    7.392  788.159    6.539  425.965    1.691
  20340.00 0.156     698.119       7.806    1500.000       0.000    0.0002    7.840  983.855    8.658  430.537    2.147
  20400.00 0.158     708.457      14.074    1500.000       0.000    0.0002    8.330 1248.652    6.662  435.644    1.871
  20460.00 0.156     710.767       3.349    1940.000       0.000    0.0002    8.727 1178.712    7.783  439.741    2.636
  20520.00 0.152     713.891       6.431    1940.000       0.000    0.0002    8.818 1329.603    7.050  441.473    2.145
  20580.00 0.161     720.696       4.781    1940.000       0.000    0.0002    8.691 1108.002    6.598  445.973    1.845
  20640.00 0.162     719.096       7.018    1940.000       0.000    0.0002    8.344  951.664    6.419  452.841    1.615
  20700.00 0.159     714.523       8.092    1940.000       0.000    0.0002    8.064  669.406    6.459  453.409    1.506
  20760.00 0.155     717.170       5.314    1500.000       0.000    0.0002    8.003  498.530    5.486  448.291    1.544
  20820.00 0.168     719.214       7.365    1540.000       0.000    0.0002    7.956  436.995    5.130  444.362    1.413
  20880.00 0.167     734.252       7.126    1500.000       0.000    0.0002    7.798  408.274    5.281  443.322    1.467
  20940.00 0.168     732.511       5.835    1460.000       0.000    0.0002    7.820  424.245    4.863  443.430    1.180
  21000.00 0.170     742.989      11.207    1660.000       0.000    0.0002    7.956  425.655    5.065  442.769    1.201
  21060.00 0.170     748.333       3.563    1500.000       0.000    0.0002    8.185  447.899    5.678  443.858    1.290
  21120.00 0.174     735.281      10.393    1620.000       0.000    0.0002    8.403  540.689    6.145  447.358    1.434
  21180.00 0.169     747.873       4.631    1580.000       0.000    0.0002    8.478  560.069    5.902  452.449    1.453
  21240.00 0.170     739.310       6.983    1580.000       0.000    0.0002    8.487  625.877    7.198  456.666    1.506
  21300.00 0.162     741.148       6.526    1500.000       0.000    0.0002    8.490  661.688    6.973  457.400    1.773
  21360.00 0.160     743.364      10.214    1540.000       0.000    0.0002    8.384  617.042    7.362  455.179    1.717
  21420.00 0.161     744.552       3.763    1540.000       0.000    0.0002    8.025  556.551    6.767  453.140    1.526
  21480.00 0.159     743.138       5.877    1620.000       0.000    0.0002    7.551  652.491    6.996  453.020    1.709
  21540.00 0.162     734.199      14.260    1540.000       0.000    0.0002    7.080  688.235    7.011  453.139    1.525
  21600.00 0.153     721.053       5.295    1580.000       0.000    0.0002    6.794  681.821    7.348  452.878    1.517
  21660.00 0.153     718.246       7.018    1580.000       0.000    0.0002    6.630  799.521    6.953  453.246    1.714
  21720.00 0.148     726.447       6.579    1540.000       0.000    0.0002    6.711  909.588    7.367  454.878    1.915
  21780.00 0.145     719.899       6.655    1580.000       0.000    0.0002    6.921 1061.761    8.203  458.840    2.511
  21840.00 0.151     712.751       4.142    1940.000       0.000    0.0002    6.961 1191.613    8.834  460.623    2.543
  21900.00 0.146     708.600       4.867    1940.000       0.000    0.0002    6.608 1102.228    6.841  456.261    2.278
  21960.00 0.154     705.405       5.087    1940.000       0.000    0.0002    5.953  951.122    6.893  452.889    1.809
  22020.00 0.160     699.572       4.037    1940.000       0.000    0.0002    5.311  652.168    6.365  454.260    1.384
  22080.00 0.156     702.621       4.899    1660.000       0.000    0.0002    5.016  464.314    5.752  454.290    1.331
  22140.00 0.164     703.631      16.280    1620.000       0.000    0.0002    5.162  538.667    6.396  450.526    1.619
  22200.00 0.162     709.728       9.003    1580.000       0.000    0.0002    5.560  568.764    6.693  449.264    1.401
  22260.00 0.164     706.617      16.095    1540.000       0.000    0.0002    6.068  575.703    6.736  454.808    1.687
  22320.00 0.166     703.588       4.706    1540.000       0.000    0.0002    6.773  604.000    8.213  461.862    1.618
  22380.00 0.163     713.273       7.868    1500.000       0.000    0.0002    7.445  750.201    7.929  466.884    1.717
  22440.00 0.165     706.617       7.474    1540.000       0.000    0.0002    7.959  839.856    9.367  472.432    2.068
  22500.00 0.173     718.274      11.740    1540.000       0.000    0.0002    8.188 1005.686    9.114  476.814    2.283
  22560.00 0.169     721.766       5.962    1940.000       0.000    0.0002    7.892 1121.879    8.962  474.538    2.320
  22620.00 0.164     720.743      11.857    1940.000       0.000    0.0002    7.204  850.095    6.329  470.571    1.619
  22680.00 0.165     712.207       7.763    1940.000       0.000    0.0002    6.507  549.040    5.680  470.995    1.338
  22740.00 0.168     717.623       6.290    1620.000       0.000    0.0002    6.013  416.000    5.880  467.696    1.240
  22800.00 0.168     706.957       7.623    1540.000       0.000    0.0002    5.807  384.077    5.830  461.181    1.282
  22860.00 0.170     708.953      11.047    1540.000       0.000    0.0002    5.802  378.175    6.541  456.995    1.288
  22920.00 0.175     704.791       6.435    1420.000       0.000    0.0002    6.029  393.458    5.924  457.017    1.333
  22980.00 0.167     714.135       6.217    1500.000       0.000    0.0002    6.366  462.416    5.769  459.170    1.545
  23040.00 0.169     709.769       7.746    1700.000       0.000    0.0002    6.684  485.054    5.923  460.803    1.296
  23100.00 0.168     725.930       7.994    1580.000       0.000    0.0002    6.892  534.821    5.979  463.072    1.380
  23160.00 0.165     725.917       7.751    1540.000       0.000    0.0002    6.947  608.467    6.343  464.535    1.469
  23220.00 0.166     731.353       7.059    1660.000       0.000    0.0002    6.830  565.799    5.445  464.057    1.273
  23280.00 0.166     735.118       6.912    1580.000       0.000    0.0002    6.540  563.117    6.397  463.047    1.534
  23340.00 0.165     734.243       5.816    1540.000       0.000    0.0002    6.287  470.969    6.317  461.829    1.433
  23400.00 0.166     739.000       7.765    1540.000       0.000    0.0002    6.176  492.949    6.505  462.723    1.649
  23460.00 0.158     722.724       9.350    1580.000       0.000    0.0002    6.197  645.393    7.249  465.178    1.901
  23520.00 0.159     731.521      12.965    1580.000       0.000    0.0002    6.323  686.296    5.647  466.442    1.517
  23580.00 0.147     722.990       4.950    1620.000       0.000    0.0002    6.364  545.286    6.187  468.141    1.741
  23640.00 0.149     725.925       6.743    1580.000       0.000    0.0002    6.315  568.139    7.218  471.488    1.730
  23700.00 0.153     727.328       6.784    1540.000       0.000    0.0002    6.370  735.500    7.916  474.219    1.925
  23760.00 0.151     733.806      11.387    1460.000       0.000    0.0002    6.388  759.322    8.453  473.188    2.014
  23820.00 0.140     722.857       6.969    1940.000       0.000    0.0002    6.266  797.842    7.469  469.528    1.762
  23880.00 0.134     715.200      11.600    1940.000       0.000    0.0002    5.824  755.896    5.233  467.737    2.031
  23940.00 0.134     708.702       7.642    1460.000       0.000    0.0002    5.259  748.546    6.023  470.115    1.535
  24000.00 0.131     712.067       9.721    1540.000       0.000    0.0002    5.060  574.863    6.588  470.524    1.471
  24060.00 0.135     706.643       8.303    1660.000       0.000    0.0002    5.360  676.995    7.000  467.082    1.431
  24120.00 0.136     708.993       8.022    1500.000       0.000    0.0002    5.928  606.379    5.856  466.129    1.503
  24180.00 0.139     717.653      10.158    1500.000       0.000    0.0002    6.434  581.657    6.217  468.966    1.636
  24240.00 0.138     718.342      12.381    1500.000       0.000    0.0002    6.833  525.855    6.557  469.984    1.704
  24300.00 0.144     728.832       3.384    1500.000       0.000    0.0002    7.157  612.132    6.901  470.504    1.695
  24360.00 0.150     741.370      12.659    1620.000       0.000    0.0002    7.342  622.969    6.680  475.198    1.656
  24420.00 0.151     746.278      11.036    1540.000       0.000    0.0002    7.394  563.622    6.645  481.058    1.516
  24480.00 0.150     747.675       7.935    1540.000       0.000    0.0002    7.326  641.910    6.226  482.424    1.554
  24540.00 0.160     734.399      11.507    1580.000       0.000    0.0002    7.254  653.085    5.937  480.225    1.677
  24600.00 0.161     746.980       7.253    1540.000       0.000    0.0002    7.288  744.193    7.838  480.543    1.950
  24660.00 0.160     739.206       4.458    1500.000       0.000    0.0002    7.246  895.064    9.240  483.332    2.053
  24720.00 0.160     737.626       5.936    1500.000       0.000    0.0002    7.092  982.387    9.355  482.916    1.963
  24780.00 0.159     750.462       5.754    1940.000       0.000    0.0002    6.729  890.399    6.888  478.975    1.941
  24840.00 0.164     742.563      10.760    1660.000       0.000    0.0002    6.345  778.031    6.205  477.063    1.576
  24900.00 0.159     749.264       6.135    1940.000       0.000    0.0002    5.817  594.753    7.072  475.370    1.781
  24960.00 0.160     757.047       8.463    1620.000       0.000    0.0002    5.293  492.362    7.142  472.347    1.791
  25020.00 0.155     744.044       8.784    1540.000       0.000    0.0002    4.902  560.096    7.279  468.706    2.046
  25080.00 0.146     723.557       4.262    1620.000       0.000    0.0002    4.737  549.543    5.877  464.633    1.473
  25140.00 0.139     711.909      10.193    1540.000       0.000    0.0002    4.821  465.851    5.336  463.104    1.307
  25200.00 0.141     718.791       9.879    1580.000       0.000    0.0002    5.068  455.357    6.231  464.978    1.458
  25260.00 0.143     728.219       8.596    1540.000       0.000    0.0002    5.422  437.996    6.447  465.905    1.423
  25320.00 0.146     721.400       9.400    1620.000       0.000    0.0002    5.870  454.983    6.073  464.370    1.406
  25380.00 0.153     717.863      11.005    1460.000       0.000    0.0002    6.233  491.819    5.450  464.210    1.414
  25440.00 0.156     735.133       8.050    1500.000       0.000    0.0002    6.364  477.361    6.025  466.057    1.468
  25500.00 0.158     750.881       6.615    1500.000       0.000    0.0002    6.238  451.886    5.717  466.028    1.394
  25560.00 0.153     750.207      12.121    1500.000       0.000    0.0002    6.081  441.557    6.063  464.035    1.313
  25620.00 0.153     753.227       7.668    1500.000       0.000    0.0002    5.962  495.219    5.528  464.457    1.353
  25680.00 0.150     757.236       8.520    1460.000       0.000    0.0002    6.001  500.689    4.480  466.703    1.181
  25740.00 0.149     743.410       6.000    1500.000       0.000    0.0002    6.148  601.036    5.699  469.519    1.160
  25800.00 0.144     744.814       6.780    1540.000       0.000    0.0002    6.526  723.482    6.325  475.520    1.368
  25860.00 0.146     751.486       9.583    1420.000       0.000    0.0002    7.096  874.700    7.747  485.427    1.942
  25920.00 0.139     747.930       6.175    1540.000       0.000    0.0002    7.811 1201.908    9.552  497.067    2.377
  25980.00 0.136     749.032       9.606    1940.000       0.000    0.0002    8.354 1280.790    9.756  505.527    3.086
  26040.00 0.135     760.180       6.955    1940.000       0.000    0.0002    8.552 1439.177   10.246  505.476    2.831
  26100.00 0.135     762.214       6.243    1940.000       0.000    0.0002    8.143 1150.753    8.375  504.903    2.096
  26160.00 0.129     751.040      10.170    1940.000       0.000    0.0002    7.556  795.031    7.782  515.003    1.762
  26220.00 0.135     765.942      15.543    1580.000       0.000    0.0002    7.149  768.398    7.018  524.873    1.669
  26280.00 0.137     762.674      14.153    1580.000       0.000    0.0002    6.910  701.952    6.396  519.104    1.521
  26340.00 0.135     756.216       7.532    1580.000       0.000    0.0002    6.956  447.157    6.205  506.754    1.460
  26400.00 0.136     759.928       4.158    1540.000       0.000    0.0002    7.029  502.567    6.532  505.004    1.469
  26460.00 0.134     761.891       8.000    1500.000       0.000    0.0002    6.988  524.791    6.757  509.330    1.591
  26520.00 0.132     773.715       6.063    1620.000       0.000    0.0002    6.932  522.351    6.435  507.238    1.533
  26580.00 0.136     771.628       9.088    1540.000       0.000    0.0002    6.811  613.342    6.317  501.222    1.704
  26640.00 0.139     772.070       6.912    1580.000       0.000    0.0002    6.499  524.455    7.059  496.840    1.701
  26700.00 0.146     780.871      10.754    1580.000       0.000    0.0002    5.941  470.487    7.336  493.923    1.582
  26760.00 0.155     777.981       7.066    1580.000       0.000    0.0002    5.218  538.493    6.868  490.587    1.504
  26820.00 0.151     754.475       7.367    1580.000       0.000    0.0002    4.615  476.423    5.906  485.557    1.513
  26880.00 0.141     737.444      11.054    1540.000       0.000    0.0002    4.275  495.628    5.048  479.944    1.493
  26940.00 0.148     731.316       6.480    1580.000       0.000    0.0002    4.042  503.720    4.772  475.927    1.182
  27000.00 0.145     722.327       5.565    1620.000       0.000    0.0002    3.893  453.111    4.834  473.930    1.277
  27060.00 0.142     718.351       3.608    1540.000       0.000    0.0002    3.723  366.908    4.820  471.815    1.082
  27120.00 0.143     715.248       2.188    1580.000       0.000    0.0002    3.669  368.308    4.996  469.242    1.141
  27180.00 0.138     720.389       6.867    1620.000       0.000    0.0002    3.591  419.668    4.857  467.722    1.232
  27240.00 0.136     710.413      15.045    1540.000       0.000    0.0002    3.550  365.606    4.371  466.287    1.054
  27300.00 0.144     722.305      11.627    1540.000       0.000    0.0002    3.657  314.458    4.327  464.458    1.271
  27360.00 0.145     715.690       7.475    1540.000       0.000    0.0002    3.801  269.696    4.914  462.170    1.102
  27420.00 0.150     723.948      12.724    1580.000       0.000    0.0002    3.876  279.352    4.424  460.583    0.933
  27480.00 0.154     726.329       3.513    1540.000       0.000    0.0002    4.162  312.685    4.665  461.586    1.143
  27540.00 0.155     723.307       3.087    1460.000       0.000    0.0002    4.568  354.748    4.774  464.249    1.246
  27600.00 0.157     728.349       6.636    1540.000       0.000    0.0002    5.092  391.845    5.462  467.848    1.442
  27660.00 0.161     730.620       5.930    1580.000       0.000    0.0002    5.622  427.888    5.122  473.171    1.551
  27720.00 0.155     732.114      10.221    1540.000       0.000    0.0002    6.236  531.820    6.123  480.946    1.480
  27780.00 0.154     737.908       7.765    1500.000       0.000    0.0002    6.834  694.925    6.966  491.984    1.939
  27840.00 0.153     743.387       5.304    1540.000       0.000    0.0002    7.482  787.378    8.341  504.345    2.143
  27900.00 0.152     740.258       5.314    1500.000       0.000    0.0002    8.050  842.667    8.220  514.248    2.288
  27960.00 0.155     737.662      15.703    1940.000       0.000    0.0002    8.457  904.298    9.211  522.195    2.091
  28020.00 0.152     740.837       1.868    1940.000       0.000    0.0002    8.654 1058.837    9.202  530.612    2.134
  28080.00 0.162     744.169       8.248    1940.000       0.000    0.0002    8.571 1192.096    8.415  537.775    2.301
  28140.00 0.158     740.185      10.325    1940.000       0.000    0.0002    8.309 1197.902    7.701  539.616    2.517
  28200.00 0.156     722.750       9.938    1940.000       0.000    0.0002    8.018 1085.844    6.679  538.439    2.104
  28260.00 0.155     728.752       5.118    1940.000       0.000    0.0002    7.577  922.964    6.766  539.078    1.785
  28320.00 0.162     739.940      12.598    1660.000       0.000    0.0002    7.016  646.570    5.691  540.216    1.448
  28380.00 0.157     731.056      11.211    1580.000       0.000    0.0002    6.703  509.435    5.333  535.418    1.399
  28440.00 0.160     730.305       8.079    1580.000       0.000    0.0002    6.500  454.327    5.486  529.745    1.538
  28500.00 0.167     743.090      11.254    1580.000       0.000    0.0002    6.349  431.516    5.073  527.159    1.348
  28560.00 0.170     741.205      10.273    1500.000       0.000    0.0002    6.488  455.984    5.026  525.745    1.418
  28620.00 0.178     737.527       4.313    1540.000       0.000    0.0002    6.761  468.476    5.975  523.309    1.310
  28680.00 0.182     746.533       8.862    1580.000       0.000    0.0002    7.020  457.873    5.567  523.290    1.397
  28740.00 0.181     759.541      11.471    1580.000       0.000    0.0002    7.215  503.360    5.271  525.505    1.276
  28800.00 0.183     760.320       9.413    1500.000       0.000    0.0002    7.468  503.925    4.871  527.637    1.250
