#  time      cc     z_cbase    z_ctop_avg  z_ctop_max      zi         we   <<ql>>  <<ql>>_max   w_max   tke     ql_max
     60.00 0.000       0.000       0.000       0.000       0.000    0.0002    0.000    0.000    0.170  616.591    0.000
    120.00 0.000       0.000       0.000       0.000       0.000    0.0002    0.000    0.000    0.285  417.054    0.000
    180.00 0.000       0.000       0.000       0.000       0.000    0.0002    0.000    0.000    0.319  300.088    0.000
    240.00 0.000       0.000       0.000       0.000       0.000    0.0002    0.000    0.000    0.307  225.759    0.000
    300.00 0.000       0.000       0.000       0.000       0.000    0.0002    0.000    0.000    0.290  176.541    0.000
    360.00 0.000       0.000       0.000       0.000       0.000    0.0002    0.000    0.000    0.319  143.357    0.000
    420.00 0.000       0.000       0.000       0.000       0.000    0.0002    0.000    0.000    0.315  121.092    0.000
    480.00 0.000       0.000       0.000       0.000       0.000    0.0002    0.000    0.000    0.358  105.694    0.000
    540.00 0.000       0.000       0.000       0.000       0.000    0.0002    0.000    0.000    0.386   93.861    0.000
    600.00 0.000       0.000       0.000       0.000       0.000    0.0002    0.000    0.000    0.429   84.578    0.000
    660.00 0.000       0.000       0.000       0.000       0.000    0.0002    0.000    0.000    0.451   78.032    0.000
    720.00 0.000       0.000       0.000       0.000       0.000    0.0002    0.000    0.000    0.560   73.718    0.000
    780.00 0.000       0.000       0.000       0.000       0.000    0.0002    0.000    0.000    0.640   70.896    0.000
    840.00 0.000       0.000       0.000       0.000       0.000    0.0002    0.000    0.000    0.661   69.114    0.000
    900.00 0.000       0.000       0.000       0.000       0.000    0.0002    0.000    0.000    0.694   67.906    0.000
    960.00 0.000       0.000       0.000       0.000       0.000    0.0002    0.000    0.000    0.799   67.285    0.000
   1020.00 0.000       0.000       0.000       0.000       0.000    0.0002    0.000    0.000    0.837   67.753    0.000
   1080.00 0.000       0.000       0.000       0.000       0.000    0.0002    0.000    0.000    0.809   69.313    0.000
   1140.00 0.000       0.000       0.000       0.000       0.000    0.0002    0.000    0.000    0.895   71.563    0.000
   1200.00 0.000     560.000       0.000     580.000       0.000    0.0002    0.001    3.412    0.930   74.482    0.077
   1260.00 0.000     580.000       0.000     580.000       0.000    0.0002    0.002    4.759    0.967   78.258    0.101
   1320.00 0.003     561.818       0.000     580.000       0.000    0.0002    0.005   10.450    1.077   82.987    0.146
   1380.00 0.008     564.242      16.364     660.000       0.000    0.0002    0.014   13.288    1.048   88.863    0.176
   1440.00 0.015     566.230      18.361     660.000       0.000    0.0002    0.039   17.994    1.133   96.020    0.202
   1500.00 0.025     566.538       5.192     660.000       0.000    0.0002    0.084   25.940    1.245  104.338    0.293
   1560.00 0.037     569.211       7.368     660.000       0.000    0.0002    0.162   28.097    1.397  113.740    0.330
   1620.00 0.051     568.654       0.000     700.000       0.000    0.0002    0.284   39.835    1.693  124.250    0.410
   1680.00 0.066     568.088       8.235     740.000       0.000    0.0002    0.474   62.762    1.954  135.774    0.517
   1740.00 0.085     566.897       4.770     740.000       0.000    0.0002    0.754   82.277    2.048  148.192    0.622
   1800.00 0.104     566.918       6.729     780.000       0.000    0.0002    1.147  112.824    2.300  161.324    0.708
   1860.00 0.123     567.913       8.787     780.000       0.000    0.0002    1.659  147.014    2.987  174.871    0.790
   1920.00 0.142     570.069       4.000     820.000       0.000    0.0002    2.291  197.788    3.398  188.536    0.999
   1980.00 0.156     573.793       2.727     900.000       0.000    0.0002    3.043  254.946    3.582  202.151    1.134
   2040.00 0.167     575.263      10.263    1020.000       0.000    0.0002    3.912  300.742    4.327  215.503    1.207
   2100.00 0.173     576.728       7.278    1100.000       0.000    0.0002    4.826  393.842    4.757  228.080    1.194
   2160.00 0.178     580.165       9.780    1300.000       0.000    0.0002    5.715  498.671    5.389  239.405    1.491
   2220.00 0.188     583.797       9.337    1340.000       0.000    0.0002    6.514  514.699    5.815  249.082    1.386
   2280.00 0.194     587.588       8.618    1420.000       0.000    0.0002    7.194  562.426    5.335  256.487    1.242
   2340.00 0.194     596.604       7.220    1300.000       0.000    0.0002    7.726  611.109    4.860  262.110    1.138
   2400.00 0.198     599.951       6.552    1380.000       0.000    0.0002    8.065  644.400    5.464  266.189    1.432
   2460.00 0.201     604.739       7.145    1340.000       0.000    0.0002    8.253  718.362    5.774  268.426    1.422
   2520.00 0.200     609.769       4.677    1540.000       0.000    0.0002    8.209  770.069    4.666  268.280    1.343
   2580.00 0.193     618.580       9.810    1500.000       0.000    0.0002    8.009  751.200    4.827  266.775    1.308
   2640.00 0.189     622.171       6.382    1540.000       0.000    0.0002    7.709  771.915    5.226  264.162    1.421
   2700.00 0.185     626.931       9.312    1460.000       0.000    0.0002    7.290  683.481    4.421  258.934    1.270
   2760.00 0.180     622.327       9.472    1460.000       0.000    0.0002    6.800  453.831    4.526  252.377    1.104
   2820.00 0.178     625.363       5.937    1300.000       0.000    0.0002    6.340  453.748    4.383  246.194    1.232
   2880.00 0.172     633.580      10.483    1460.000       0.000    0.0002    5.899  449.407    4.217  239.507    1.088
   2940.00 0.162     640.725       2.810    1420.000       0.000    0.0002    5.489  370.296    3.981  233.033    1.204
   3000.00 0.154     643.975       9.094    1460.000       0.000    0.0002    5.087  411.788    5.025  227.933    1.252
   3060.00 0.151     643.974      15.412    1500.000       0.000    0.0002    4.698  482.327    5.676  223.088    1.329
   3120.00 0.148     643.234       8.284    1460.000       0.000    0.0002    4.383  538.211    5.424  218.058    1.352
   3180.00 0.140     640.314       8.831    1460.000       0.000    0.0002    4.104  573.469    4.817  213.349    1.228
   3240.00 0.133     643.339       7.376    1500.000       0.000    0.0002    3.792  568.389    4.541  208.932    1.271
   3300.00 0.129     646.011       7.675    1620.000       0.000    0.0002    3.430  587.578    4.125  204.961    1.214
   3360.00 0.127     645.125       4.432    1460.000       0.000    0.0002    3.105  532.883    4.636  201.400    1.182
   3420.00 0.121     640.726       1.169    1460.000       0.000    0.0002    2.843  434.501    5.401  198.568    1.429
   3480.00 0.115     632.708       6.226    1300.000       0.000    0.0002    2.684  481.558    5.461  195.703    1.490
   3540.00 0.114     638.925       5.333    1500.000       0.000    0.0002    2.518  415.099    3.811  191.671    1.040
   3600.00 0.112     640.832       3.982    1380.000       0.000    0.0002    2.366  266.425    3.552  188.563    0.932
   3660.00 0.111     644.561       8.509    1380.000       0.000    0.0002    2.265  263.165    3.393  187.318    0.978
   3720.00 0.108     645.676       7.658    1380.000       0.000    0.0002    2.221  301.050    4.092  186.500    1.096
   3780.00 0.106     636.092       2.851    1300.000       0.000    0.0002    2.286  337.108    4.657  185.657    1.304
   3840.00 0.102     628.269       7.740    1420.000       0.000    0.0002    2.358  375.467    4.931  184.855    1.154
   3900.00 0.106     633.977       5.885    1300.000       0.000    0.0002    2.395  396.418    3.874  184.047    1.003
   3960.00 0.103     625.592      13.412    1340.000       0.000    0.0002    2.354  386.507    4.267  183.718    0.941
   4020.00 0.109     629.238       6.861    1420.000       0.000    0.0002    2.260  345.536    4.177  184.265    0.979
   4080.00 0.104     623.019      10.189    1300.000       0.000    0.0002    2.194  362.469    3.896  185.068    1.069
   4140.00 0.107     627.472       7.517    1420.000       0.000    0.0002    2.156  413.336    4.299  185.377    1.196
   4200.00 0.105     627.130       6.852    1420.000       0.000    0.0002    2.113  475.679    4.434  185.274    1.302
   4260.00 0.110     622.743       4.292    1380.000       0.000    0.0002    2.038  390.657    3.478  185.026    1.011
   4320.00 0.113     612.759       6.595    1380.000       0.000    0.0002    2.016  295.113    3.643  185.227    1.210
   4380.00 0.118     610.744       4.504    1300.000       0.000    0.0002    1.990  303.948    3.138  186.045    1.143
   4440.00 0.120     610.061      16.212    1340.000       0.000    0.0002    1.958  288.234    3.734  186.918    1.015
   4500.00 0.122     614.458       5.382    1500.000       0.000    0.0002    1.904  273.276    3.938  187.479    1.066
   4560.00 0.119     614.908       7.967    1340.000       0.000    0.0002    1.903  292.624    4.214  187.993    1.007
   4620.00 0.121     611.434       6.343    1300.000       0.000    0.0002    1.902  291.049    3.804  188.645    0.957
   4680.00 0.123     611.508       3.016    1420.000       0.000    0.0002    1.931  237.427    4.058  189.467    1.021
   4740.00 0.122     612.851       6.386    1380.000       0.000    0.0002    2.004  231.622    3.342  190.560    0.927
   4800.00 0.122     616.960       4.880    1420.000       0.000    0.0002    2.097  254.790    3.334  191.845    0.875
   4860.00 0.128     612.471       6.122    1420.000       0.000    0.0002    2.221  297.834    4.135  193.144    1.059
   4920.00 0.129     607.925       7.094    1460.000       0.000    0.0002    2.395  404.010    4.998  194.678    1.257
   4980.00 0.127     609.425       6.705    1300.000       0.000    0.0002    2.596  520.607    4.966  196.640    1.179
   5040.00 0.126     618.301       3.668    1300.000       0.000    0.0002    2.778  617.547    4.630  198.937    1.171
   5100.00 0.128     615.335       9.063    1340.000       0.000    0.0002    2.970  622.801    3.739  201.486    1.262
   5160.00 0.122     615.120       8.680    1460.000       0.000    0.0002    3.177  528.403    4.586  204.398    1.369
   5220.00 0.125     613.112       5.166    1500.000       0.000    0.0002    3.433  430.849    5.057  207.581    1.145
   5280.00 0.125     615.019       5.214    1300.000       0.000    0.0002    3.756  447.778    5.007  210.831    1.108
   5340.00 0.127     622.687       6.871    1420.000       0.000    0.0002    4.108  574.062    4.743  214.666    1.154
   5400.00 0.131     625.458       6.019    1380.000       0.000    0.0002    4.477  758.994    5.715  219.831    1.393
   5460.00 0.135     630.454       5.517    1420.000       0.000    0.0002    4.848 1000.691    6.137  225.997    1.634
   5520.00 0.134     628.073       4.582    1460.000       0.000    0.0002    5.329 1273.700    6.427  232.949    1.778
   5580.00 0.133     624.183       3.560    1300.000       0.000    0.0002    5.877 1491.954    7.256  240.403    1.926
   5640.00 0.128     622.053       2.662    1940.000       0.000    0.0002    6.277 1635.922    7.291  247.014    2.061
   5700.00 0.129     627.183       5.936    1940.000       0.000    0.0002    6.340 1800.382    8.069  251.865    2.709
   5760.00 0.128     620.382       3.403    1940.000       0.000    0.0002    6.118 1746.042    6.573  254.729    1.848
   5820.00 0.129     618.038       3.660    1940.000       0.000    0.0002    5.687 1562.951    5.695  257.474    1.725
   5880.00 0.129     621.746      10.019    1940.000       0.000    0.0002    5.177 1288.963    5.506  258.969    1.564
   5940.00 0.127     620.077       8.445    1580.000       0.000    0.0002    4.596 1006.587    4.475  256.776    1.531
   6000.00 0.127     621.541      10.173    1620.000       0.000    0.0002    4.122  705.243    4.141  251.184    1.475
   6060.00 0.127     620.383      11.609    1460.000       0.000    0.0002    3.975  622.712    3.848  245.894    1.049
   6120.00 0.126     619.535       7.752    1460.000       0.000    0.0002    4.144  613.510    3.882  243.561    1.012
   6180.00 0.130     617.293      10.526    1340.000       0.000    0.0002    4.499  595.695    4.843  244.414    1.207
   6240.00 0.134     619.854       7.774    1340.000       0.000    0.0002    4.953  585.372    5.250  246.972    1.397
   6300.00 0.140     617.063       4.476    1380.000       0.000    0.0002    5.504  759.983    5.467  249.435    1.368
   6360.00 0.141     615.440       5.561    1460.000       0.000    0.0002    6.123  974.239    5.422  252.198    1.640
   6420.00 0.141     619.724       3.282    1500.000       0.000    0.0002    6.646 1132.834    5.198  256.362    1.677
   6480.00 0.143     622.253       9.181    1420.000       0.000    0.0002    6.994 1237.347    4.794  261.162    1.942
   6540.00 0.144     628.663       5.854    1540.000       0.000    0.0002    7.264 1259.493    5.121  266.705    1.692
   6600.00 0.144     633.875       7.648    1540.000       0.000    0.0002    7.389 1177.843    5.220  273.052    1.716
   6660.00 0.145     628.243       8.007    1620.000       0.000    0.0002    7.543 1237.141    5.758  277.897    1.878
   6720.00 0.146     637.047       4.396    1940.000       0.000    0.0002    7.529 1267.408    6.323  279.761    2.231
   6780.00 0.147     639.468       7.575    1940.000       0.000    0.0002    7.295 1350.172    5.766  280.625    1.841
   6840.00 0.147     644.120       6.013    1940.000       0.000    0.0002    6.939 1176.137    5.484  280.411    1.866
   6900.00 0.146     641.235       8.681    1940.000       0.000    0.0002    6.553  901.351    5.318  279.193    1.555
   6960.00 0.142     648.916      10.499    1620.000       0.000    0.0002    6.306  870.856    4.612  276.885    1.405
   7020.00 0.143     649.880       8.923    1500.000       0.000    0.0002    6.129  850.742    4.763  274.485    1.279
   7080.00 0.145     647.521       7.454    1540.000       0.000    0.0002    6.103  778.720    5.401  271.559    1.312
   7140.00 0.147     659.138      10.647    1460.000       0.000    0.0002    6.052  718.495    4.862  269.598    1.453
   7200.00 0.147     660.266       3.090    1540.000       0.000    0.0002    5.955  567.817    6.582  271.044    1.658
   7260.00 0.140     667.120       9.110    1500.000       0.000    0.0002    5.840  814.311    6.615  272.666    1.597
   7320.00 0.142     671.615       5.808    1500.000       0.000    0.0002    5.609  863.728    7.772  271.248    1.882
   7380.00 0.138     689.258       5.618    1460.000       0.000    0.0002    5.362 1053.799    7.552  269.444    1.915
   7440.00 0.133     686.519       5.083    1460.000       0.000    0.0002    5.047  902.283    6.164  268.509    1.711
   7500.00 0.135     673.430      10.490    1460.000       0.000    0.0002    4.675  645.078    5.609  266.642    1.485
   7560.00 0.135     667.260      11.071    1500.000       0.000    0.0002    4.262  417.109    4.386  263.688    1.181
   7620.00 0.131     650.597      10.149    1460.000       0.000    0.0002    3.863  385.005    4.374  261.136    1.196
   7680.00 0.128     642.281      10.418    1460.000       0.000    0.0002    3.537  369.398    4.353  260.292    1.243
   7740.00 0.130     642.921       7.341    1380.000       0.000    0.0002    3.338  359.871    4.208  258.878    1.178
   7800.00 0.128     650.076      12.023    1460.000       0.000    0.0002    3.164  302.965    3.942  256.963    1.084
   7860.00 0.130     647.293       4.398    1500.000       0.000    0.0002    3.056  270.380    4.439  256.254    1.139
   7920.00 0.126     644.710       6.293    1460.000       0.000    0.0002    2.963  317.194    4.351  254.978    1.097
   7980.00 0.127     633.743       6.104    1380.000       0.000    0.0002    2.946  358.470    4.363  253.563    0.982
   8040.00 0.130     632.857       5.038    1420.000       0.000    0.0002    3.021  348.146    3.963  253.571    0.958
   8100.00 0.129     629.848       7.576    1340.000       0.000    0.0002    3.117  288.091    4.169  254.238    0.963
   8160.00 0.131     625.885       7.263    1420.000       0.000    0.0002    3.233  314.469    4.116  254.359    1.006
   8220.00 0.131     631.747       9.517    1420.000       0.000    0.0002    3.346  356.067    4.533  254.947    1.001
   8280.00 0.132     633.974       8.170    1380.000       0.000    0.0002    3.460  368.983    4.959  257.093    0.981
   8340.00 0.133     631.176      10.515    1300.000       0.000    0.0002    3.748  426.537    5.102  260.593    1.135
   8400.00 0.135     636.245       3.574    1340.000       0.000    0.0002    4.131  570.583    6.203  264.524    1.431
   8460.00 0.138     635.477       6.572    1380.000       0.000    0.0002    4.606  699.037    6.537  268.369    1.260
   8520.00 0.138     632.531       6.655    1340.000       0.000    0.0002    5.139  811.201    5.232  273.049    1.340
   8580.00 0.141     633.033       3.016    1420.000       0.000    0.0002    5.637  815.104    5.941  278.834    1.587
   8640.00 0.144     634.915       4.881    1340.000       0.000    0.0002    6.091  794.499    5.542  283.843    1.679
   8700.00 0.143     639.521       8.459    1340.000       0.000    0.0002    6.431  711.983    5.514  287.848    1.503
   8760.00 0.140     645.620       5.550    1660.000       0.000    0.0002    6.741  687.371    5.616  293.280    1.473
   8820.00 0.136     652.662       9.604    1580.000       0.000    0.0002    7.063  872.672    6.726  300.540    1.723
   8880.00 0.138     649.347       4.868    1620.000       0.000    0.0002    7.325 1146.627    8.667  308.119    2.141
   8940.00 0.136     653.094      12.734    1500.000       0.000    0.0002    7.384 1274.270    9.135  312.559    2.767
   9000.00 0.137     657.148       5.419    1500.000       0.000    0.0002    7.049 1050.752    6.972  311.149    2.569
   9060.00 0.134     663.200       8.982    1940.000       0.000    0.0002    6.539  727.775    5.317  311.471    1.812
   9120.00 0.130     670.526       2.481    1620.000       0.000    0.0002    6.024  692.950    5.071  315.476    1.518
   9180.00 0.130     663.077       7.129    1540.000       0.000    0.0002    5.581  732.901    5.657  312.706    1.411
   9240.00 0.135     664.404       7.762    1540.000       0.000    0.0002    5.130  692.840    5.205  305.787    1.251
   9300.00 0.130     658.799       8.218    1620.000       0.000    0.0002    4.709  506.896    6.154  305.131    1.365
   9360.00 0.132     646.987       8.096    1420.000       0.000    0.0002    4.529  578.176    6.444  304.996    1.412
   9420.00 0.134     650.965       9.107    1380.000       0.000    0.0002    4.588  485.720    4.346  299.544    1.113
   9480.00 0.136     640.789       6.165    1380.000       0.000    0.0002    4.715  416.555    4.705  295.680    1.340
   9540.00 0.142     644.828       9.310    1580.000       0.000    0.0002    4.872  395.388    5.446  296.467    1.390
   9600.00 0.145     647.407       6.364    1420.000       0.000    0.0002    5.058  441.026    4.640  297.403    1.268
   9660.00 0.144     637.453       5.637    1460.000       0.000    0.0002    5.204  456.981    4.926  297.568    1.195
   9720.00 0.141     646.367      11.419    1500.000       0.000    0.0002    5.291  513.480    4.571  298.351    1.188
   9780.00 0.144     654.247       7.208    1420.000       0.000    0.0002    5.330  515.156    4.651  299.217    1.183
   9840.00 0.141     653.437       7.530    1460.000       0.000    0.0002    5.372  471.130    5.518  299.888    1.330
   9900.00 0.142     652.921       3.883    1500.000       0.000    0.0002    5.336  520.696    6.129  299.713    1.224
   9960.00 0.145     658.446       9.020    1540.000       0.000    0.0002    5.235  532.318    5.527  298.722    1.146
  10020.00 0.144     668.761      11.375    1380.000       0.000    0.0002    5.117  521.412    5.143  298.387    1.559
  10080.00 0.146     665.753       6.187    1540.000       0.000    0.0002    4.986  558.071    5.829  298.677    1.576
  10140.00 0.144     656.007       4.839    1500.000       0.000    0.0002    4.844  649.665    6.087  298.685    1.278
  10200.00 0.141     656.256       8.943    1460.000       0.000    0.0002    4.678  697.549    5.000  298.326    1.399
  10260.00 0.140     659.373      11.533    1500.000       0.000    0.0002    4.459  624.475    4.983  297.388    1.362
  10320.00 0.141     660.139      12.465    1540.000       0.000    0.0002    4.179  510.506    4.908  296.475    1.275
  10380.00 0.141     653.761       8.666    1500.000       0.000    0.0002    3.880  474.748    5.834  296.260    1.218
  10440.00 0.134     653.734       8.780    1420.000       0.000    0.0002    3.704  534.015    5.101  295.441    1.033
  10500.00 0.135     651.797       3.230    1420.000       0.000    0.0002    3.701  522.603    5.716  294.357    1.308
  10560.00 0.129     651.879       8.956    1420.000       0.000    0.0002    3.772  539.386    6.015  294.566    1.235
  10620.00 0.134     648.029       7.518    1380.000       0.000    0.0002    3.942  662.141    5.814  295.964    1.379
  10680.00 0.135     647.804       7.586    1460.000       0.000    0.0002    4.216  700.348    5.955  297.399    1.450
  10740.00 0.134     639.855      17.273    1420.000       0.000    0.0002    4.612  674.850    6.774  298.795    1.544
  10800.00 0.130     642.697       7.940    1420.000       0.000    0.0002    5.076  768.590    8.545  301.746    1.703
  10860.00 0.136     639.785       6.380    1500.000       0.000    0.0002    5.530  960.454    7.802  305.336    1.565
  10920.00 0.140     647.832       4.266    1540.000       0.000    0.0002    5.828  858.080    6.032  308.078    1.556
  10980.00 0.140     651.902      11.972    1540.000       0.000    0.0002    6.082  923.172    7.357  311.426    1.804
  11040.00 0.145     659.527       7.297    1540.000       0.000    0.0002    6.276  944.754    6.172  315.721    1.619
  11100.00 0.141     655.556       5.486    1540.000       0.000    0.0002    6.488  727.080    5.313  319.797    1.402
  11160.00 0.145     658.716       8.007    1460.000       0.000    0.0002    6.708  702.956    5.847  324.170    1.358
  11220.00 0.142     657.453       6.472    1420.000       0.000    0.0002    6.919  706.239    6.477  326.654    1.302
  11280.00 0.142     663.310       9.759    1420.000       0.000    0.0002    7.058  600.325    5.901  327.838    1.417
  11340.00 0.148     667.434       7.632    1420.000       0.000    0.0002    7.209  683.637    5.553  329.977    1.365
  11400.00 0.152     669.389       6.174    1500.000       0.000    0.0002    7.398  706.374    5.048  332.068    1.407
  11460.00 0.152     670.418       8.135    1500.000       0.000    0.0002    7.533  582.550    5.576  332.575    1.472
  11520.00 0.155     673.502      15.142    1460.000       0.000    0.0002    7.483  594.734    5.686  334.093    1.469
  11580.00 0.154     679.271       4.057    1540.000       0.000    0.0002    7.311  725.324    5.663  336.769    1.585
  11640.00 0.159     685.092       5.429    1460.000       0.000    0.0002    7.049  767.395    5.496  337.529    1.474
  11700.00 0.162     681.269       4.773    1500.000       0.000    0.0002    6.832  642.018    5.592  335.147    1.362
  11760.00 0.161     684.811       9.259    1500.000       0.000    0.0002    6.622  420.603    6.056  333.430    1.225
  11820.00 0.157     675.265      10.405    1540.000       0.000    0.0002    6.674  477.573    5.362  334.457    1.157
  11880.00 0.156     680.940       5.204    1460.000       0.000    0.0002    6.742  504.103    4.955  335.799    1.222
  11940.00 0.159     675.644       7.822    1420.000       0.000    0.0002    6.825  498.607    5.268  336.960    1.306
  12000.00 0.156     674.380       4.458    1420.000       0.000    0.0002    6.833  483.783    4.766  337.750    1.238
  12060.00 0.158     680.432       6.111    1420.000       0.000    0.0002    6.705  427.944    5.090  337.597    1.160
  12120.00 0.159     690.613       4.172    1500.000       0.000    0.0002    6.496  475.754    5.720  337.887    1.261
  12180.00 0.159     682.857      12.657    1540.000       0.000    0.0002    6.324  612.430    5.737  339.439    1.421
  12240.00 0.159     681.908       5.908    1500.000       0.000    0.0002    6.265  694.926    5.767  340.832    1.488
  12300.00 0.157     672.795       8.137    1460.000       0.000    0.0002    6.335  612.710    5.225  341.627    1.603
  12360.00 0.157     668.882       7.547    1460.000       0.000    0.0002    6.527  729.506    6.899  343.843    1.648
  12420.00 0.151     662.774       6.387    1460.000       0.000    0.0002    6.782  835.071    5.414  347.383    1.421
  12480.00 0.156     662.063       9.625    1500.000       0.000    0.0002    7.247  806.695    5.218  351.760    1.527
  12540.00 0.154     663.302      13.778    1500.000       0.000    0.0002    7.817  861.812    6.044  358.116    1.537
  12600.00 0.154     661.653       6.582    1580.000       0.000    0.0002    8.365  843.652    6.321  365.526    1.906
  12660.00 0.150     666.883       5.812    1660.000       0.000    0.0002    8.863  825.840    7.016  372.441    2.031
  12720.00 0.156     662.066      11.925    1500.000       0.000    0.0002    9.240  995.217    7.755  379.637    1.838
  12780.00 0.152     662.055       6.421    1460.000       0.000    0.0002    9.273 1075.697    8.719  385.544    2.654
  12840.00 0.153     661.656      12.420    1940.000       0.000    0.0002    8.906 1151.868    6.809  387.054    2.203
  12900.00 0.154     666.013       8.861    1940.000       0.000    0.0002    8.438  973.909    6.504  384.019    2.138
  12960.00 0.155     669.274       2.681    1940.000       0.000    0.0002    7.885  931.869    5.324  380.401    1.888
  13020.00 0.155     672.575       6.224    1940.000       0.000    0.0002    7.180  693.506    5.710  378.996    1.380
  13080.00 0.156     678.871       6.458    1700.000       0.000    0.0002    6.475  542.112    5.232  375.747    1.337
  13140.00 0.153     673.949       3.471    1460.000       0.000    0.0002    5.870  543.284    4.754  369.222    1.385
  13200.00 0.154     672.571       6.127    1460.000       0.000    0.0002    5.434  584.771    4.633  360.582    1.498
  13260.00 0.146     676.242       7.617    1460.000       0.000    0.0002    5.195  547.754    4.428  354.356    1.232
  13320.00 0.148     674.612      12.331    1580.000       0.000    0.0002    5.110  461.243    4.949  350.201    1.197
  13380.00 0.152     679.678       3.633    1500.000       0.000    0.0002    5.048  489.690    5.153  347.284    1.100
  13440.00 0.149     687.169       8.282    1500.000       0.000    0.0002    4.991  555.079    4.723  345.214    1.153
  13500.00 0.148     686.118       3.816    1540.000       0.000    0.0002    4.980  586.617    4.296  342.140    1.129
  13560.00 0.149     690.000       6.176    1540.000       0.000    0.0002    4.991  518.639    4.242  340.011    1.067
  13620.00 0.144     694.431       6.893    1460.000       0.000    0.0002    5.013  439.009    4.696  340.522    1.078
  13680.00 0.146     703.886       9.079    1460.000       0.000    0.0002    5.023  399.887    5.183  342.335    1.127
  13740.00 0.142     705.626       7.616    1420.000       0.000    0.0002    5.109  502.657    5.050  343.627    1.246
  13800.00 0.144     701.361       4.898    1540.000       0.000    0.0002    5.169  520.549    5.202  344.388    1.332
  13860.00 0.138     704.113       8.617    1420.000       0.000    0.0002    5.270  545.906    5.952  346.067    1.473
  13920.00 0.137     706.904       5.516    1500.000       0.000    0.0002    5.475  596.988    7.044  349.122    1.474
  13980.00 0.132     691.169       9.054    1460.000       0.000    0.0002    5.877  609.811    6.751  353.424    1.510
  14040.00 0.130     694.447       6.829    1500.000       0.000    0.0002    6.527  605.991    7.113  360.083    1.754
  14100.00 0.126     694.019       8.039    1540.000       0.000    0.0002    7.286  835.638    7.661  368.974    2.071
  14160.00 0.121     701.529       5.111    1500.000       0.000    0.0002    7.953  984.181    8.024  378.091    2.192
  14220.00 0.124     690.884      10.098    1940.000       0.000    0.0002    8.377 1028.316    7.753  385.201    1.908
  14280.00 0.128     691.103      15.932    1940.000       0.000    0.0002    8.440 1005.716    7.148  390.284    2.131
  14340.00 0.132     681.516       7.616    1620.000       0.000    0.0002    8.363 1104.000    8.165  393.980    2.379
  14400.00 0.139     676.421       9.614    1940.000       0.000    0.0002    7.858 1046.938    6.158  393.901    1.895
  14460.00 0.138     678.657       7.067    1940.000       0.000    0.0002    7.204  703.199    6.928  391.562    2.130
  14520.00 0.137     672.669       7.616    1500.000       0.000    0.0002    6.684  813.788    6.385  391.477    1.488
  14580.00 0.144     670.952       8.741    1460.000       0.000    0.0002    6.369  853.284    7.556  388.824    1.699
  14640.00 0.145     677.950       4.101    1540.000       0.000    0.0002    6.037  740.904    6.751  380.101    1.623
  14700.00 0.143     669.521       3.390    1580.000       0.000    0.0002    5.696  655.702    7.550  376.177    1.684
  14760.00 0.139     664.007       5.062    1660.000       0.000    0.0002    5.358  582.277    5.191  376.154    1.449
  14820.00 0.137     663.066      11.016    1620.000       0.000    0.0002    5.064  480.868    5.276  374.258    1.253
  14880.00 0.144     677.997      11.239    1540.000       0.000    0.0002    4.836  421.473    5.079  368.619    1.124
  14940.00 0.144     678.065      16.231    1500.000       0.000    0.0002    4.824  492.522    4.973  364.784    1.131
  15000.00 0.147     682.392      10.698    1580.000       0.000    0.0002    5.037  601.020    5.113  364.252    1.469
  15060.00 0.145     680.875       5.892    1460.000       0.000    0.0002    5.237  589.296    5.478  364.354    1.451
  15120.00 0.146     689.866       3.087    1540.000       0.000    0.0002    5.363  521.817    5.179  363.585    1.448
  15180.00 0.149     692.079       5.597    1500.000       0.000    0.0002    5.356  606.743    5.108  362.900    1.247
  15240.00 0.152     689.068       9.807    1500.000       0.000    0.0002    5.330  611.631    5.565  364.176    1.196
  15300.00 0.150     694.853       6.026    1500.000       0.000    0.0002    5.435  589.120    5.981  366.770    1.382
  15360.00 0.145     684.797       9.324    1540.000       0.000    0.0002    5.686  621.861    6.112  370.077    1.434
  15420.00 0.138     679.683      12.028    1460.000       0.000    0.0002    6.100  656.265    6.100  374.844    1.677
  15480.00 0.146     668.188       8.624    1540.000       0.000    0.0002    6.489  661.786    6.750  379.172    1.634
  15540.00 0.142     676.386      13.253    1620.000       0.000    0.0002    6.870  707.233    7.052  382.322    1.780
  15600.00 0.138     687.866      11.958    1620.000       0.000    0.0002    7.028  790.885    6.479  383.950    2.035
  15660.00 0.139     690.070       7.465    1540.000       0.000    0.0002    6.895  693.077    5.807  383.624    1.503
  15720.00 0.142     694.923       5.420    1460.000       0.000    0.0002    6.593  605.365    6.193  384.095    1.536
  15780.00 0.145     696.835       8.519    1620.000       0.000    0.0002    6.255  521.334    5.401  387.178    1.293
  15840.00 0.145     692.471       8.168    1620.000       0.000    0.0002    6.074  422.459    5.512  389.970    1.287
  15900.00 0.140     691.134       9.319    1620.000       0.000    0.0002    6.158  513.050    5.398  390.802    1.442
  15960.00 0.140     688.313       5.252    1620.000       0.000    0.0002    6.512  613.650    6.163  390.496    1.523
  16020.00 0.146     687.852       4.564    1540.000       0.000    0.0002    6.971  673.910    6.308  392.323    1.830
  16080.00 0.144     699.049       6.791    1500.000       0.000    0.0002    7.328  805.279    6.823  395.840    1.691
  16140.00 0.142     695.655       8.172    1540.000       0.000    0.0002    7.525  862.953    6.488  397.847    1.822
  16200.00 0.145     701.622       8.243    1540.000       0.000    0.0002    7.441  720.105    7.464  399.609    1.585
  16260.00 0.147     717.504       7.887    1580.000       0.000    0.0002    7.292  740.359    6.998  403.744    1.608
  16320.00 0.147     715.349       8.804    1540.000       0.000    0.0002    7.170  726.235    7.297  408.316    1.735
  16380.00 0.146     702.479       9.782    1580.000       0.000    0.0002    7.003  804.715    7.452  410.142    1.716
  16440.00 0.149     697.049       4.000    1620.000       0.000    0.0002    6.725  859.843    7.019  410.208    1.773
  16500.00 0.150     687.341      18.206    1460.000       0.000    0.0002    6.481  837.218    7.617  411.153    1.713
  16560.00 0.148     684.539      12.039    1580.000       0.000    0.0002    6.184  788.860    7.131  410.836    1.588
  16620.00 0.145     683.108       8.547    1500.000       0.000    0.0002    5.966  820.799    8.228  409.791    1.648
  16680.00 0.149     684.302       8.144    1580.000       0.000    0.0002    5.795  854.132    6.927  408.505    1.703
  16740.00 0.151     683.107       9.320    1620.000       0.000    0.0002    5.713  640.926    5.856  406.465    1.583
  16800.00 0.153     671.712       9.408    1580.000       0.000    0.0002    5.848  437.910    4.958  406.378    1.349
  16860.00 0.151     676.052       5.858    1540.000       0.000    0.0002    6.203  471.336    5.765  409.599    1.509
  16920.00 0.151     686.171      13.376    1660.000       0.000    0.0002    6.851  606.467    6.404  415.735    1.569
  16980.00 0.154     680.443       9.399    1500.000       0.000    0.0002    7.651  739.849    6.975  424.415    1.667
  17040.00 0.154     678.286       5.810    1500.000       0.000    0.0002    8.487  873.486    7.588  432.227    1.983
  17100.00 0.159     699.077       6.062    1540.000       0.000    0.0002    9.050  901.726    8.199  434.104    1.800
  17160.00 0.158     708.889      10.772    1940.000       0.000    0.0002    9.107  801.754    7.822  432.833    2.043
  17220.00 0.162     724.639       1.687    1940.000       0.000    0.0002    8.690  907.706    8.523  434.014    2.027
  17280.00 0.163     718.176       2.780    1940.000       0.000    0.0002    8.059  778.133    6.981  435.617    1.547
  17340.00 0.156     718.938       8.938    1540.000       0.000    0.0002    7.396  702.388    6.452  433.137    1.524
  17400.00 0.152     717.198       6.699    1540.000       0.000    0.0002    6.743  587.784    4.964  425.659    1.440
  17460.00 0.153     714.400       3.168    1540.000       0.000    0.0002    6.285  555.664    5.312  420.028    1.472
  17520.00 0.143     723.918       8.109    1500.000       0.000    0.0002    6.050  503.575    5.358  417.895    1.463
  17580.00 0.143     710.256       8.684    1460.000       0.000    0.0002    6.033  474.499    5.456  417.630    1.332
  17640.00 0.140     710.210       6.049    1460.000       0.000    0.0002    6.302  479.427    5.645  418.411    1.250
  17700.00 0.137     693.512       8.948    1460.000       0.000    0.0002    6.617  602.228    7.072  419.807    1.440
  17760.00 0.141     704.853       9.185    1580.000       0.000    0.0002    6.990  782.726    7.906  422.323    1.691
  17820.00 0.140     700.070       5.923    1540.000       0.000    0.0002    7.304  900.882    7.703  426.260    2.030
  17880.00 0.143     705.724       5.520    1500.000       0.000    0.0002    7.471 1059.569    7.583  430.526    2.207
  17940.00 0.146     701.007       3.993    1940.000       0.000    0.0002    7.318  929.334    5.777  431.253    1.841
  18000.00 0.144     706.248       4.822    1500.000       0.000    0.0002    6.940  724.406    7.009  429.352    1.678
  18060.00 0.149     710.492       3.311    1660.000       0.000    0.0002    6.479  675.345    5.973  427.932    1.521
  18120.00 0.150     713.312       9.903    1580.000       0.000    0.0002    6.207  744.069    7.319  426.992    1.482
  18180.00 0.152     719.133       9.374    1500.000       0.000    0.0002    6.040  804.437    8.010  426.915    1.665
  18240.00 0.151     715.186       0.872    1580.000       0.000    0.0002    6.025  838.774    8.360  427.773    1.880
  18300.00 0.144     708.707       5.204    1540.000       0.000    0.0002    6.005  727.383    6.313  426.473    1.640
  18360.00 0.148     712.059       4.646    1940.000       0.000    0.0002    5.740  594.000    7.430  423.247    1.568
  18420.00 0.152     707.138       4.630    1620.000       0.000    0.0002    5.364  712.189    7.678  421.036    1.538
  18480.00 0.149     702.353       1.895    1620.000       0.000    0.0002    4.952  781.036    5.916  418.686    1.555
  18540.00 0.146     699.465       7.592    1420.000       0.000    0.0002    4.695  657.422    6.019  415.082    1.276
  18600.00 0.149     697.386      10.621    1420.000       0.000    0.0002    4.498  508.636    5.153  411.348    1.257
  18660.00 0.153     699.808       7.968    1500.000       0.000    0.0002    4.257  395.986    4.809  408.511    1.131
  18720.00 0.148     691.829       5.239    1460.000       0.000    0.0002    4.003  371.506    4.652  405.454    1.119
  18780.00 0.144     689.103       6.971    1580.000       0.000    0.0002    3.864  345.492    5.176  402.660    1.260
  18840.00 0.149     682.164       9.672    1420.000       0.000    0.0002    3.840  320.244    5.571  401.580    1.253
  18900.00 0.146     680.870       7.525    1620.000       0.000    0.0002    3.922  337.417    5.278  401.262    1.197
  18960.00 0.145     680.978       9.949    1620.000       0.000    0.0002    4.081  466.428    5.535  399.407    1.386
  19020.00 0.149     682.324       6.350    1420.000       0.000    0.0002    4.316  494.877    6.357  398.025    1.258
  19080.00 0.146     676.884       6.432    1500.000       0.000    0.0002    4.486  474.984    5.360  399.635    1.244
  19140.00 0.147     679.501       7.854    1460.000       0.000    0.0002    4.696  408.954    5.514  402.058    1.387
  19200.00 0.150     686.906       8.046    1460.000       0.000    0.0002    4.899  443.324    5.897  403.120    1.230
  19260.00 0.153     697.056      10.688    1420.000       0.000    0.0002    5.141  493.888    6.858  403.852    1.505
  19320.00 0.143     695.290       8.362    1420.000       0.000    0.0002    5.440  557.982    6.987  406.398    1.589
  19380.00 0.142     700.482       6.954    1540.000       0.000    0.0002    5.615  562.629    6.367  409.028    1.576
  19440.00 0.141     704.706       8.062    1500.000       0.000    0.0002    5.689  532.727    5.534  408.767    1.495
  19500.00 0.143     707.440       3.925    1540.000       0.000    0.0002    5.618  522.366    6.107  408.519    1.377
  19560.00 0.139     715.466       3.128    1620.000       0.000    0.0002    5.559  542.761    5.086  410.459    1.337
  19620.00 0.144     714.576      11.017    1540.000       0.000    0.0002    5.490  499.562    5.955  412.489    1.529
  19680.00 0.141     714.350      14.038    1540.000       0.000    0.0002    5.582  528.709    6.519  414.735    1.634
  19740.00 0.145     709.511       8.229    1620.000       0.000    0.0002    5.714  643.985    7.252  416.359    1.790
  19800.00 0.143     701.499       4.463    1460.000       0.000    0.0002    5.710  719.212    7.265  415.460    1.759
  19860.00 0.145     707.798       9.042    1580.000       0.000    0.0002    5.543  718.988    6.201  411.631    1.691
  19920.00 0.140     712.730       7.235    1660.000       0.000    0.0002    5.040  753.101    5.640  408.046    1.475
  19980.00 0.143     712.534       5.103    1700.000       0.000    0.0002    4.420  548.751    5.396  405.780    1.462
  20040.00 0.136     706.380       4.731    1580.000       0.000    0.0002    3.830  442.561    4.893  401.858    1.119
  20100.00 0.133     697.426       7.647    1420.000       0.000    0.0002    3.401  266.076    4.525  395.469    1.102
  20160.00 0.134     697.007      13.029    1460.000       0.000    0.0002    3.262  293.775    4.779  390.560    1.293
  20220.00 0.133     694.559      14.779    1420.000       0.000    0.0002    3.291  345.073    5.075  388.343    1.313
  20280.00 0.134     704.973       9.031    1540.000       0.000    0.0002    3.383  390.590    5.497  386.989    1.309
  20340.00 0.133     696.832       3.499    1580.000       0.000    0.0002    3.498  426.220    5.704  385.685    1.208
  20400.00 0.137     706.132       4.777    1540.000       0.000    0.0002    3.545  359.451    5.667  384.197    1.186
  20460.00 0.135     717.834       3.791    1500.000       0.000    0.0002    3.558  390.212    5.304  382.978    1.246
  20520.00 0.135     709.531       9.964    1500.000       0.000    0.0002    3.537  351.071    4.856  381.998    1.287
  20580.00 0.135     708.421       2.250    1420.000       0.000    0.0002    3.527  337.865    4.490  381.730    0.987
  20640.00 0.131     708.566       9.050    1460.000       0.000    0.0002    3.556  289.966    5.178  382.216    1.128
  20700.00 0.129     707.362       7.970    1460.000       0.000    0.0002    3.667  343.841    5.815  383.553    1.225
  20760.00 0.126     706.035       4.913    1460.000       0.000    0.0002    3.885  419.897    6.180  386.574    1.407
  20820.00 0.124     706.166       8.300    1420.000       0.000    0.0002    4.142  501.912    6.724  389.253    1.465
  20880.00 0.123     709.145      15.905    1460.000       0.000    0.0002    4.430  576.527    6.986  391.351    1.712
  20940.00 0.123     708.287       5.020    1540.000       0.000    0.0002    4.599  620.911    7.486  392.949    1.691
  21000.00 0.124     702.672       9.745    1460.000       0.000    0.0002    4.699  685.504    6.327  393.255    1.471
  21060.00 0.129     692.045      11.212    1540.000       0.000    0.0002    4.464  553.344    6.219  392.422    1.761
  21120.00 0.126     701.083       7.660    1500.000       0.000    0.0002    4.094  468.411    4.859  391.227    1.354
  21180.00 0.132     701.107      13.579    1620.000       0.000    0.0002    3.661  318.168    4.349  388.743    1.164
  21240.00 0.131     694.190      18.473    1540.000       0.000    0.0002    3.368  258.920    4.209  386.701    1.024
  21300.00 0.130     689.529       9.981    1500.000       0.000    0.0002    3.348  258.282    4.326  385.247    1.261
  21360.00 0.133     680.220      11.758    1420.000       0.000    0.0002    3.412  277.037    4.534  383.976    1.207
  21420.00 0.142     678.969      12.887    1380.000       0.000    0.0002    3.507  333.876    5.297  384.001    1.164
  21480.00 0.148     676.198       6.347    1500.000       0.000    0.0002    3.682  383.079    5.087  384.999    1.099
  21540.00 0.151     677.742       9.484    1500.000       0.000    0.0002    3.959  429.509    4.259  386.317    1.002
  21600.00 0.149     681.997      14.206    1540.000       0.000    0.0002    4.384  471.937    4.245  388.850    1.138
  21660.00 0.152     690.947       4.687    1460.000       0.000    0.0002    4.954  478.701    4.900  393.563    1.313
  21720.00 0.155     692.050       5.237    1420.000       0.000    0.0002    5.637  479.209    5.591  400.345    1.642
  21780.00 0.156     694.509       4.961    1420.000       0.000    0.0002    6.486  546.492    5.991  409.333    1.652
  21840.00 0.159     710.092       3.415    1460.000       0.000    0.0002    7.410  573.104    6.439  420.318    1.713
  21900.00 0.160     720.578       4.658    1500.000       0.000    0.0002    8.319  692.808    7.665  432.114    1.717
  21960.00 0.157     721.184       5.888    1540.000       0.000    0.0002    9.118  831.624    7.179  443.479    1.857
  22020.00 0.156     730.500      10.500    1940.000       0.000    0.0002    9.965  654.690    7.905  453.942    1.780
  22080.00 0.163     735.449       2.904    1580.000       0.000    0.0002   10.809  751.293    6.525  466.586    1.642
  22140.00 0.168     743.901       4.600    1540.000       0.000    0.0002   11.627  909.427    7.972  482.094    1.884
  22200.00 0.163     742.156       7.635    1540.000       0.000    0.0002   12.442 1028.702    6.440  494.553    2.055
  22260.00 0.169     745.714      11.717    1940.000       0.000    0.0002   13.101  957.934    7.150  505.959    2.100
  22320.00 0.172     739.488      10.242    1940.000       0.000    0.0002   13.577  785.009    7.291  519.573    1.728
  22380.00 0.170     743.782       6.734    1940.000       0.000    0.0002   14.085 1004.958    7.675  537.004    2.124
  22440.00 0.170     749.742       6.648    1620.000       0.000    0.0002   14.523 1088.392    8.105  556.499    2.153
  22500.00 0.174     756.540      10.267    1940.000       0.000    0.0002   14.770 1126.437    9.009  566.029    2.544
  22560.00 0.170     749.554       7.827    1940.000       0.000    0.0002   14.596 1050.740    8.889  564.062    2.371
  22620.00 0.167     751.895       4.461    1940.000       0.000    0.0002   13.935 1095.533    8.576  569.738    2.165
  22680.00 0.168     759.478      16.377    1940.000       0.000    0.0002   12.874 1112.685    7.733  582.846    2.328
  22740.00 0.175     759.331      10.891    1940.000       0.000    0.0002   11.678  949.537    7.145  580.286    1.929
  22800.00 0.176     748.901      12.990    1940.000       0.000    0.0002   10.672  826.099    6.753  564.339    1.949
  22860.00 0.173     743.559       9.435    1940.000       0.000    0.0002    9.966  761.774    7.699  554.733    1.806
  22920.00 0.177     736.354      10.801    1580.000       0.000    0.0002    9.518  804.288    7.591  552.910    1.909
  22980.00 0.182     738.441       9.651    1580.000       0.000    0.0002    9.200  705.331    6.866  547.244    1.775
  23040.00 0.188     740.520       9.701    1540.000       0.000    0.0002    8.759  758.755    7.632  539.153    1.853
  23100.00 0.189     742.739       5.297    1580.000       0.000    0.0002    8.434  739.740    6.313  533.754    1.662
  23160.00 0.192     744.873       6.904    1620.000       0.000    0.0002    8.324  820.836    6.041  529.962    1.619
  23220.00 0.188     748.768       8.508    1580.000       0.000    0.0002    8.399  670.350    6.077  526.439    1.622
  23280.00 0.183     730.240       6.560    1500.000       0.000    0.0002    8.608  662.729    5.963  527.198    1.532
  23340.00 0.186     731.507       9.305    1580.000       0.000    0.0002    8.872  597.051    6.158  531.718    1.639
  23400.00 0.178     736.936       9.330    1540.000       0.000    0.0002    9.351  768.390    7.111  535.051    1.822
  23460.00 0.183     740.587       9.720    1540.000       0.000    0.0002    9.881  865.032    6.903  536.878    1.885
  23520.00 0.178     743.995       9.904    1500.000       0.000    0.0002   10.441  822.009    7.702  540.081    1.811
  23580.00 0.176     737.396       6.205    1580.000       0.000    0.0002   10.869  816.478    7.280  542.223    1.937
  23640.00 0.177     742.146       5.309    1620.000       0.000    0.0002   10.761  799.815    7.145  541.590    1.806
  23700.00 0.170     739.770       7.661    1940.000       0.000    0.0002   10.390  950.589    6.360  542.460    1.720
  23760.00 0.174     747.032       9.508    1780.000       0.000    0.0002    9.862  960.021    6.777  543.406    1.856
  23820.00 0.172     755.306       5.974    1660.000       0.000    0.0002    9.307  981.298    6.386  539.883    1.795
  23880.00 0.175     755.933       6.267    1940.000       0.000    0.0002    8.768  953.055    6.418  533.398    1.911
  23940.00 0.171     762.318       5.494    1940.000       0.000    0.0002    8.328  805.331    6.438  530.448    1.525
  24000.00 0.160     750.472      12.725    1700.000       0.000    0.0002    7.885  615.354    7.236  529.340    1.815
  24060.00 0.157     753.396       6.885    1660.000       0.000    0.0002    7.360  686.245    7.465  524.699    1.866
  24120.00 0.154     758.188       9.189    1580.000       0.000    0.0002    6.872  690.184    7.710  515.779    1.859
  24180.00 0.157     760.465      12.837    1940.000       0.000    0.0002    6.310  697.222    7.118  507.209    1.673
  24240.00 0.157     762.174       7.919    1660.000       0.000    0.0002    5.906  634.648    6.262  501.888    1.576
  24300.00 0.151     759.677       6.903    1580.000       0.000    0.0002    5.532  511.888    6.131  496.468    1.318
  24360.00 0.148     743.224       6.974    1580.000       0.000    0.0002    5.411  585.142    6.030  491.840    1.428
  24420.00 0.153     745.048      11.342    1580.000       0.000    0.0002    5.339  512.312    6.080  487.593    1.519
  24480.00 0.158     737.227       5.639    1540.000       0.000    0.0002    5.310  436.681    6.592  484.047    1.648
  24540.00 0.154     726.010       7.440    1460.000       0.000    0.0002    5.405  402.570    5.725  482.667    1.624
  24600.00 0.159     733.169       6.277    1540.000       0.000    0.0002    5.503  386.193    5.687  480.419    1.400
  24660.00 0.158     735.864       8.858    1540.000       0.000    0.0002    5.501  331.807    5.025  476.827    1.258
  24720.00 0.157     743.670       4.292    1540.000       0.000    0.0002    5.561  437.645    5.504  474.062    1.543
  24780.00 0.156     744.930      10.328    1580.000       0.000    0.0002    5.681  512.681    5.836  473.539    1.626
  24840.00 0.149     734.052       7.026    1460.000       0.000    0.0002    5.895  496.667    5.698  473.937    1.473
  24900.00 0.149     742.164      11.902    1580.000       0.000    0.0002    6.004  579.681    5.948  474.407    1.500
  24960.00 0.146     735.906       4.899    1500.000       0.000    0.0002    6.136  595.195    5.825  476.264    1.511
  25020.00 0.145     748.094       7.218    1620.000       0.000    0.0002    6.181  589.861    6.935  479.227    1.710
  25080.00 0.136     745.806      10.036    1540.000       0.000    0.0002    6.168  757.763    7.141  480.720    1.691
  25140.00 0.141     754.879       7.509    1540.000       0.000    0.0002    6.039  796.549    7.799  480.637    2.172
  25200.00 0.129     761.439      10.530    1940.000       0.000    0.0002    5.801  804.466    7.836  479.719    2.137
  25260.00 0.129     753.308       7.524    1940.000       0.000    0.0002    5.620  741.192    7.261  478.155    1.808
  25320.00 0.129     751.547      10.000    1940.000       0.000    0.0002    5.598  651.516    6.263  476.780    1.663
  25380.00 0.131     752.090      11.791    1940.000       0.000    0.0002    5.556  528.945    7.276  476.516    1.538
  25440.00 0.132     741.405       3.660    1540.000       0.000    0.0002    5.561  717.116    7.475  476.042    1.945
  25500.00 0.133     725.568      11.062    1940.000       0.000    0.0002    5.396  759.866    6.182  472.472    1.646
  25560.00 0.133     722.132       1.654    1540.000       0.000    0.0002    5.052  560.047    5.706  468.337    1.622
  25620.00 0.132     719.481      14.296    1580.000       0.000    0.0002    4.636  444.692    5.892  465.210    1.418
  25680.00 0.135     711.697       2.527    1540.000       0.000    0.0002    4.165  424.989    5.033  461.478    1.205
  25740.00 0.137     707.071       3.393    1500.000       0.000    0.0002    3.777  359.746    3.810  457.149    1.197
  25800.00 0.135     711.067       5.244    1620.000       0.000    0.0002    3.565  245.012    4.127  453.871    1.122
  25860.00 0.133     706.483       7.735    1500.000       0.000    0.0002    3.497  320.041    4.924  452.170    1.212
  25920.00 0.132     702.957      10.018    1580.000       0.000    0.0002    3.754  453.109    5.208  452.188    1.340
  25980.00 0.128     698.929       8.872    1420.000       0.000    0.0002    4.128  484.881    5.958  454.332    1.550
  26040.00 0.130     711.654       8.008    1500.000       0.000    0.0002    4.750  639.902    6.695  459.254    1.562
  26100.00 0.132     709.796       5.046    1500.000       0.000    0.0002    5.540  781.455    7.496  465.508    1.740
  26160.00 0.126     713.127      10.811    1500.000       0.000    0.0002    6.410  842.083    7.093  472.288    1.876
  26220.00 0.126     721.158       6.950    1580.000       0.000    0.0002    7.161  896.819    6.415  480.741    1.839
  26280.00 0.123     734.376       7.802    1940.000       0.000    0.0002    7.920 1085.399    6.122  490.140    1.637
  26340.00 0.118     736.041       8.536    1660.000       0.000    0.0002    8.349 1163.866    7.696  499.668    2.256
  26400.00 0.125     735.945      14.815    1580.000       0.000    0.0002    8.663 1337.743    7.079  506.953    2.418
  26460.00 0.125     740.078      12.877    1940.000       0.000    0.0002    8.490 1339.864    7.289  506.775    2.727
  26520.00 0.127     741.000       6.500    1940.000       0.000    0.0002    7.941 1059.305    8.125  504.054    2.653
  26580.00 0.127     745.067       9.060    1940.000       0.000    0.0002    7.011  734.283    5.736  503.663    1.804
  26640.00 0.134     740.219      12.883    1940.000       0.000    0.0002    5.994  640.705    5.870  505.142    1.428
  26700.00 0.136     739.571       3.542    1580.000       0.000    0.0002    5.350  733.687    6.411  501.092    1.548
  26760.00 0.134     730.982       3.818    1580.000       0.000    0.0002    5.022  804.944    7.555  490.457    1.735
  26820.00 0.134     738.903       7.203    1580.000       0.000    0.0002    4.720  753.733    6.255  482.352    1.825
  26880.00 0.138     744.468       7.518    1540.000       0.000    0.0002    4.316  636.203    6.215  480.692    1.432
  26940.00 0.134     727.642      15.466    1620.000       0.000    0.0002    4.072  511.923    6.304  479.039    1.581
  27000.00 0.126     729.845      13.101    1820.000       0.000    0.0002    3.985  521.506    7.620  476.872    1.688
  27060.00 0.129     731.591      10.417    1700.000       0.000    0.0002    4.145  604.172    8.021  478.584    1.759
  27120.00 0.127     723.831       7.165    1540.000       0.000    0.0002    4.343  700.168    8.118  478.677    1.951
  27180.00 0.133     731.897       4.936    1700.000       0.000    0.0002    4.467  637.646    6.842  474.332    1.603
  27240.00 0.138     743.540       2.407    1740.000       0.000    0.0002    4.438  377.123    7.251  472.618    1.417
  27300.00 0.135     731.609       5.967    1700.000       0.000    0.0002    4.369  353.513    5.310  474.456    1.300
  27360.00 0.133     727.868       8.897    1580.000       0.000    0.0002    4.414  420.472    5.578  476.035    1.449
  27420.00 0.139     728.371       2.312    1420.000       0.000    0.0002    4.582  501.450    6.520  476.554    1.483
  27480.00 0.147     732.769       5.207    1580.000       0.000    0.0002    4.737  469.403    7.107  476.450    1.521
  27540.00 0.148     730.972       7.414    1580.000       0.000    0.0002    4.879  533.651    7.099  476.448    1.513
  27600.00 0.148     728.553       9.375    1500.000       0.000    0.0002    4.899  566.724    5.675  477.058    1.767
  27660.00 0.163     730.359       2.036    1620.000       0.000    0.0002    4.780  452.562    5.634  478.086    1.418
  27720.00 0.169     719.567       9.784    1580.000       0.000    0.0002    4.652  341.302    5.492  479.299    1.227
  27780.00 0.168     716.047       6.512    1580.000       0.000    0.0002    4.676  329.419    5.002  479.796    1.205
  27840.00 0.169     712.619      10.622    1620.000       0.000    0.0002    4.904  308.450    4.798  479.170    1.116
  27900.00 0.173     714.479       7.662    1500.000       0.000    0.0002    5.172  423.735    6.019  480.113    1.392
  27960.00 0.178     711.836       7.699    1420.000       0.000    0.0002    5.503  564.473    6.941  484.160    1.567
  28020.00 0.181     715.730       9.243    1500.000       0.000    0.0002    5.958  680.034    8.289  488.903    1.762
  28080.00 0.177     724.276       5.159    1700.000       0.000    0.0002    6.505  885.996    8.170  492.425    1.963
  28140.00 0.184     733.138       5.585    1940.000       0.000    0.0002    6.977  806.218    6.515  495.409    2.030
  28200.00 0.188     738.492       7.906    1940.000       0.000    0.0002    7.441  711.883    6.266  501.041    1.894
  28260.00 0.188     746.563      12.005    1940.000       0.000    0.0002    7.887  557.147    6.276  509.479    1.718
  28320.00 0.190     749.191       4.929    1500.000       0.000    0.0002    8.378  629.276    5.732  516.010    1.580
  28380.00 0.191     760.918      11.199    1940.000       0.000    0.0002    8.751  509.643    6.049  519.769    1.605
  28440.00 0.185     766.280       5.989    1660.000       0.000    0.0002    9.130  537.534    6.512  524.754    1.528
  28500.00 0.179     762.150      10.884    1660.000       0.000    0.0002    9.430  699.978    7.175  532.137    1.702
  28560.00 0.174     763.034       6.938    1580.000       0.000    0.0002    9.806  668.033    7.388  538.339    1.828
  28620.00 0.178     767.106      12.565    1620.000       0.000    0.0002    9.986  765.146    7.354  542.086    1.788
  28680.00 0.171     772.011      12.611    1940.000       0.000    0.0002    9.884  804.986    6.608  544.199    1.783
  28740.00 0.179     787.104      12.295    1940.000       0.000    0.0002    9.345  644.659    6.796  544.659    1.743
  28800.00 0.177     791.791       7.107    1580.000       0.000    0.0002    8.545  521.393    7.214  541.927    1.569
