#  time        ust        tst        qst         obukh      thls        z0        wthls      wthvs      wqls 
     60.00  0.280E+00 -0.286E-01 -0.186E-03 -0.132E+03    299.401  0.200E-03  0.800E-02  0.176E-01  0.520E-04
    120.00  0.280E+00 -0.286E-01 -0.186E-03 -0.129E+03    299.411  0.200E-03  0.800E-02  0.176E-01  0.520E-04
    180.00  0.280E+00 -0.286E-01 -0.186E-03 -0.125E+03    299.421  0.200E-03  0.800E-02  0.176E-01  0.520E-04
    240.00  0.280E+00 -0.286E-01 -0.186E-03 -0.123E+03    299.429  0.200E-03  0.800E-02  0.176E-01  0.520E-04
    300.00  0.280E+00 -0.286E-01 -0.186E-03 -0.120E+03    299.436  0.200E-03  0.800E-02  0.176E-01  0.520E-04
    360.00  0.280E+00 -0.286E-01 -0.186E-03 -0.118E+03    299.443  0.200E-03  0.800E-02  0.176E-01  0.520E-04
    420.00  0.280E+00 -0.286E-01 -0.186E-03 -0.115E+03    299.449  0.200E-03  0.800E-02  0.176E-01  0.520E-04
    480.00  0.280E+00 -0.286E-01 -0.186E-03 -0.113E+03    299.455  0.200E-03  0.800E-02  0.176E-01  0.520E-04
    540.00  0.280E+00 -0.286E-01 -0.186E-03 -0.111E+03    299.461  0.200E-03  0.800E-02  0.176E-01  0.520E-04
    600.00  0.280E+00 -0.286E-01 -0.186E-03 -0.109E+03    299.467  0.200E-03  0.800E-02  0.176E-01  0.520E-04
    660.00  0.280E+00 -0.286E-01 -0.186E-03 -0.107E+03    299.472  0.200E-03  0.800E-02  0.176E-01  0.520E-04
    720.00  0.280E+00 -0.286E-01 -0.186E-03 -0.106E+03    299.477  0.200E-03  0.800E-02  0.176E-01  0.520E-04
    780.00  0.280E+00 -0.286E-01 -0.186E-03 -0.104E+03    299.482  0.200E-03  0.800E-02  0.176E-01  0.520E-04
    840.00  0.280E+00 -0.286E-01 -0.186E-03 -0.103E+03    299.486  0.200E-03  0.800E-02  0.176E-01  0.520E-04
    900.00  0.280E+00 -0.286E-01 -0.186E-03 -0.101E+03    299.490  0.200E-03  0.800E-02  0.176E-01  0.520E-04
    960.00  0.280E+00 -0.286E-01 -0.186E-03 -0.999E+02    299.494  0.200E-03  0.800E-02  0.176E-01  0.520E-04
   1020.00  0.280E+00 -0.286E-01 -0.186E-03 -0.986E+02    299.497  0.200E-03  0.800E-02  0.176E-01  0.520E-04
   1080.00  0.280E+00 -0.286E-01 -0.186E-03 -0.975E+02    299.500  0.200E-03  0.800E-02  0.176E-01  0.520E-04
   1140.00  0.280E+00 -0.286E-01 -0.186E-03 -0.965E+02    299.503  0.200E-03  0.800E-02  0.176E-01  0.520E-04
   1200.00  0.280E+00 -0.286E-01 -0.186E-03 -0.956E+02    299.505  0.200E-03  0.800E-02  0.176E-01  0.520E-04
   1260.00  0.280E+00 -0.286E-01 -0.186E-03 -0.949E+02    299.506  0.200E-03  0.800E-02  0.176E-01  0.520E-04
   1320.00  0.280E+00 -0.286E-01 -0.186E-03 -0.944E+02    299.507  0.200E-03  0.800E-02  0.176E-01  0.520E-04
   1380.00  0.280E+00 -0.286E-01 -0.186E-03 -0.940E+02    299.507  0.200E-03  0.800E-02  0.176E-01  0.520E-04
   1440.00  0.280E+00 -0.286E-01 -0.186E-03 -0.939E+02    299.506  0.200E-03  0.800E-02  0.176E-01  0.520E-04
   1500.00  0.280E+00 -0.286E-01 -0.186E-03 -0.940E+02    299.505  0.200E-03  0.800E-02  0.176E-01  0.520E-04
   1560.00  0.280E+00 -0.286E-01 -0.186E-03 -0.943E+02    299.502  0.200E-03  0.800E-02  0.176E-01  0.520E-04
   1620.00  0.280E+00 -0.286E-01 -0.186E-03 -0.948E+02    299.500  0.200E-03  0.800E-02  0.176E-01  0.520E-04
   1680.00  0.280E+00 -0.286E-01 -0.186E-03 -0.955E+02    299.496  0.200E-03  0.800E-02  0.176E-01  0.520E-04
   1740.00  0.280E+00 -0.286E-01 -0.186E-03 -0.964E+02    299.492  0.200E-03  0.800E-02  0.176E-01  0.520E-04
   1800.00  0.280E+00 -0.286E-01 -0.186E-03 -0.976E+02    299.488  0.200E-03  0.800E-02  0.176E-01  0.520E-04
   1860.00  0.280E+00 -0.286E-01 -0.186E-03 -0.986E+02    299.484  0.200E-03  0.800E-02  0.176E-01  0.520E-04
   1920.00  0.280E+00 -0.286E-01 -0.186E-03 -0.999E+02    299.480  0.200E-03  0.800E-02  0.176E-01  0.520E-04
   1980.00  0.280E+00 -0.286E-01 -0.186E-03 -0.101E+03    299.476  0.200E-03  0.800E-02  0.176E-01  0.520E-04
   2040.00  0.280E+00 -0.286E-01 -0.186E-03 -0.102E+03    299.473  0.200E-03  0.800E-02  0.176E-01  0.520E-04
   2100.00  0.280E+00 -0.286E-01 -0.186E-03 -0.103E+03    299.470  0.200E-03  0.800E-02  0.176E-01  0.520E-04
   2160.00  0.280E+00 -0.286E-01 -0.186E-03 -0.104E+03    299.468  0.200E-03  0.800E-02  0.176E-01  0.520E-04
   2220.00  0.280E+00 -0.286E-01 -0.186E-03 -0.105E+03    299.466  0.200E-03  0.800E-02  0.176E-01  0.520E-04
   2280.00  0.280E+00 -0.286E-01 -0.186E-03 -0.105E+03    299.464  0.200E-03  0.800E-02  0.176E-01  0.520E-04
   2340.00  0.280E+00 -0.286E-01 -0.186E-03 -0.106E+03    299.464  0.200E-03  0.800E-02  0.176E-01  0.520E-04
   2400.00  0.280E+00 -0.286E-01 -0.186E-03 -0.106E+03    299.463  0.200E-03  0.800E-02  0.176E-01  0.520E-04
   2460.00  0.280E+00 -0.286E-01 -0.186E-03 -0.106E+03    299.463  0.200E-03  0.800E-02  0.176E-01  0.520E-04
   2520.00  0.280E+00 -0.286E-01 -0.186E-03 -0.107E+03    299.464  0.200E-03  0.800E-02  0.176E-01  0.520E-04
   2580.00  0.280E+00 -0.286E-01 -0.186E-03 -0.107E+03    299.465  0.200E-03  0.800E-02  0.176E-01  0.520E-04
   2640.00  0.280E+00 -0.286E-01 -0.186E-03 -0.107E+03    299.467  0.200E-03  0.800E-02  0.176E-01  0.520E-04
   2700.00  0.280E+00 -0.286E-01 -0.186E-03 -0.107E+03    299.468  0.200E-03  0.800E-02  0.176E-01  0.520E-04
   2760.00  0.280E+00 -0.286E-01 -0.186E-03 -0.106E+03    299.470  0.200E-03  0.800E-02  0.176E-01  0.520E-04
   2820.00  0.280E+00 -0.286E-01 -0.186E-03 -0.106E+03    299.473  0.200E-03  0.800E-02  0.176E-01  0.520E-04
   2880.00  0.280E+00 -0.286E-01 -0.186E-03 -0.106E+03    299.475  0.200E-03  0.800E-02  0.176E-01  0.520E-04
   2940.00  0.280E+00 -0.286E-01 -0.186E-03 -0.105E+03    299.478  0.200E-03  0.800E-02  0.176E-01  0.520E-04
   3000.00  0.280E+00 -0.286E-01 -0.186E-03 -0.105E+03    299.480  0.200E-03  0.800E-02  0.176E-01  0.520E-04
   3060.00  0.280E+00 -0.286E-01 -0.186E-03 -0.104E+03    299.483  0.200E-03  0.800E-02  0.176E-01  0.520E-04
   3120.00  0.280E+00 -0.286E-01 -0.186E-03 -0.104E+03    299.486  0.200E-03  0.800E-02  0.176E-01  0.520E-04
   3180.00  0.280E+00 -0.286E-01 -0.186E-03 -0.103E+03    299.488  0.200E-03  0.800E-02  0.176E-01  0.520E-04
   3240.00  0.280E+00 -0.286E-01 -0.186E-03 -0.102E+03    299.491  0.200E-03  0.800E-02  0.176E-01  0.520E-04
   3300.00  0.280E+00 -0.286E-01 -0.186E-03 -0.102E+03    299.493  0.200E-03  0.800E-02  0.176E-01  0.520E-04
   3360.00  0.280E+00 -0.286E-01 -0.186E-03 -0.101E+03    299.496  0.200E-03  0.800E-02  0.176E-01  0.520E-04
   3420.00  0.280E+00 -0.286E-01 -0.186E-03 -0.101E+03    299.498  0.200E-03  0.800E-02  0.176E-01  0.520E-04
   3480.00  0.280E+00 -0.286E-01 -0.186E-03 -0.999E+02    299.500  0.200E-03  0.800E-02  0.176E-01  0.520E-04
   3540.00  0.280E+00 -0.286E-01 -0.186E-03 -0.992E+02    299.502  0.200E-03  0.800E-02  0.176E-01  0.520E-04
   3600.00  0.280E+00 -0.286E-01 -0.186E-03 -0.986E+02    299.504  0.200E-03  0.800E-02  0.176E-01  0.520E-04
   3660.00  0.280E+00 -0.286E-01 -0.186E-03 -0.979E+02    299.506  0.200E-03  0.800E-02  0.176E-01  0.520E-04
   3720.00  0.280E+00 -0.286E-01 -0.186E-03 -0.973E+02    299.508  0.200E-03  0.800E-02  0.176E-01  0.520E-04
   3780.00  0.280E+00 -0.286E-01 -0.186E-03 -0.967E+02    299.510  0.200E-03  0.800E-02  0.176E-01  0.520E-04
   3840.00  0.280E+00 -0.286E-01 -0.186E-03 -0.960E+02    299.511  0.200E-03  0.800E-02  0.176E-01  0.520E-04
   3900.00  0.280E+00 -0.286E-01 -0.186E-03 -0.954E+02    299.513  0.200E-03  0.800E-02  0.176E-01  0.520E-04
   3960.00  0.280E+00 -0.286E-01 -0.186E-03 -0.948E+02    299.514  0.200E-03  0.800E-02  0.176E-01  0.520E-04
   4020.00  0.280E+00 -0.286E-01 -0.186E-03 -0.943E+02    299.516  0.200E-03  0.800E-02  0.176E-01  0.520E-04
   4080.00  0.280E+00 -0.286E-01 -0.186E-03 -0.937E+02    299.517  0.200E-03  0.800E-02  0.176E-01  0.520E-04
   4140.00  0.280E+00 -0.286E-01 -0.186E-03 -0.933E+02    299.518  0.200E-03  0.800E-02  0.176E-01  0.520E-04
   4200.00  0.280E+00 -0.286E-01 -0.186E-03 -0.928E+02    299.520  0.200E-03  0.800E-02  0.176E-01  0.520E-04
   4260.00  0.280E+00 -0.286E-01 -0.186E-03 -0.924E+02    299.521  0.200E-03  0.800E-02  0.176E-01  0.520E-04
   4320.00  0.280E+00 -0.286E-01 -0.186E-03 -0.919E+02    299.522  0.200E-03  0.800E-02  0.176E-01  0.520E-04
   4380.00  0.280E+00 -0.286E-01 -0.186E-03 -0.916E+02    299.523  0.200E-03  0.800E-02  0.176E-01  0.520E-04
   4440.00  0.280E+00 -0.286E-01 -0.186E-03 -0.912E+02    299.525  0.200E-03  0.800E-02  0.176E-01  0.520E-04
   4500.00  0.280E+00 -0.286E-01 -0.186E-03 -0.908E+02    299.526  0.200E-03  0.800E-02  0.176E-01  0.520E-04
   4560.00  0.280E+00 -0.286E-01 -0.186E-03 -0.905E+02    299.527  0.200E-03  0.800E-02  0.176E-01  0.520E-04
   4620.00  0.280E+00 -0.286E-01 -0.186E-03 -0.902E+02    299.528  0.200E-03  0.800E-02  0.176E-01  0.520E-04
   4680.00  0.280E+00 -0.286E-01 -0.186E-03 -0.899E+02    299.529  0.200E-03  0.800E-02  0.176E-01  0.520E-04
   4740.00  0.280E+00 -0.286E-01 -0.186E-03 -0.896E+02    299.530  0.200E-03  0.800E-02  0.176E-01  0.520E-04
   4800.00  0.280E+00 -0.286E-01 -0.186E-03 -0.894E+02    299.532  0.200E-03  0.800E-02  0.176E-01  0.520E-04
   4860.00  0.280E+00 -0.286E-01 -0.186E-03 -0.891E+02    299.533  0.200E-03  0.800E-02  0.176E-01  0.520E-04
   4920.00  0.280E+00 -0.286E-01 -0.186E-03 -0.889E+02    299.534  0.200E-03  0.800E-02  0.176E-01  0.520E-04
   4980.00  0.280E+00 -0.286E-01 -0.186E-03 -0.887E+02    299.535  0.200E-03  0.800E-02  0.176E-01  0.520E-04
   5040.00  0.280E+00 -0.286E-01 -0.186E-03 -0.885E+02    299.536  0.200E-03  0.800E-02  0.176E-01  0.520E-04
   5100.00  0.280E+00 -0.286E-01 -0.186E-03 -0.883E+02    299.537  0.200E-03  0.800E-02  0.176E-01  0.520E-04
   5160.00  0.280E+00 -0.286E-01 -0.186E-03 -0.881E+02    299.538  0.200E-03  0.800E-02  0.176E-01  0.520E-04
   5220.00  0.280E+00 -0.286E-01 -0.186E-03 -0.879E+02    299.539  0.200E-03  0.800E-02  0.176E-01  0.520E-04
   5280.00  0.280E+00 -0.286E-01 -0.186E-03 -0.878E+02    299.540  0.200E-03  0.800E-02  0.176E-01  0.520E-04
   5340.00  0.280E+00 -0.286E-01 -0.186E-03 -0.876E+02    299.541  0.200E-03  0.800E-02  0.176E-01  0.520E-04
   5400.00  0.280E+00 -0.286E-01 -0.186E-03 -0.875E+02    299.542  0.200E-03  0.800E-02  0.176E-01  0.520E-04
   5460.00  0.280E+00 -0.286E-01 -0.186E-03 -0.874E+02    299.543  0.200E-03  0.800E-02  0.176E-01  0.520E-04
   5520.00  0.280E+00 -0.286E-01 -0.186E-03 -0.873E+02    299.543  0.200E-03  0.800E-02  0.176E-01  0.520E-04
   5580.00  0.280E+00 -0.286E-01 -0.186E-03 -0.873E+02    299.544  0.200E-03  0.800E-02  0.176E-01  0.520E-04
   5640.00  0.280E+00 -0.286E-01 -0.186E-03 -0.872E+02    299.545  0.200E-03  0.800E-02  0.176E-01  0.520E-04
   5700.00  0.280E+00 -0.286E-01 -0.186E-03 -0.872E+02    299.545  0.200E-03  0.800E-02  0.176E-01  0.520E-04
   5760.00  0.280E+00 -0.286E-01 -0.186E-03 -0.872E+02    299.546  0.200E-03  0.800E-02  0.176E-01  0.520E-04
   5820.00  0.280E+00 -0.286E-01 -0.186E-03 -0.872E+02    299.546  0.200E-03  0.800E-02  0.176E-01  0.520E-04
   5880.00  0.280E+00 -0.286E-01 -0.186E-03 -0.871E+02    299.547  0.200E-03  0.800E-02  0.176E-01  0.520E-04
   5940.00  0.280E+00 -0.286E-01 -0.186E-03 -0.871E+02    299.548  0.200E-03  0.800E-02  0.176E-01  0.520E-04
   6000.00  0.280E+00 -0.286E-01 -0.186E-03 -0.871E+02    299.548  0.200E-03  0.800E-02  0.176E-01  0.520E-04
   6060.00  0.280E+00 -0.286E-01 -0.186E-03 -0.870E+02    299.549  0.200E-03  0.800E-02  0.176E-01  0.520E-04
   6120.00  0.280E+00 -0.286E-01 -0.186E-03 -0.870E+02    299.550  0.200E-03  0.800E-02  0.176E-01  0.520E-04
   6180.00  0.280E+00 -0.286E-01 -0.186E-03 -0.869E+02    299.551  0.200E-03  0.800E-02  0.176E-01  0.520E-04
   6240.00  0.280E+00 -0.286E-01 -0.186E-03 -0.868E+02    299.551  0.200E-03  0.800E-02  0.176E-01  0.520E-04
   6300.00  0.280E+00 -0.286E-01 -0.186E-03 -0.867E+02    299.552  0.200E-03  0.800E-02  0.176E-01  0.520E-04
   6360.00  0.280E+00 -0.286E-01 -0.186E-03 -0.866E+02    299.554  0.200E-03  0.800E-02  0.176E-01  0.520E-04
   6420.00  0.280E+00 -0.286E-01 -0.186E-03 -0.864E+02    299.555  0.200E-03  0.800E-02  0.176E-01  0.520E-04
   6480.00  0.280E+00 -0.286E-01 -0.186E-03 -0.862E+02    299.556  0.200E-03  0.800E-02  0.176E-01  0.520E-04
   6540.00  0.280E+00 -0.286E-01 -0.186E-03 -0.860E+02    299.557  0.200E-03  0.800E-02  0.176E-01  0.520E-04
   6600.00  0.280E+00 -0.286E-01 -0.186E-03 -0.858E+02    299.559  0.200E-03  0.800E-02  0.176E-01  0.520E-04
   6660.00  0.280E+00 -0.286E-01 -0.186E-03 -0.856E+02    299.560  0.200E-03  0.800E-02  0.176E-01  0.520E-04
   6720.00  0.280E+00 -0.286E-01 -0.186E-03 -0.853E+02    299.562  0.200E-03  0.800E-02  0.176E-01  0.520E-04
   6780.00  0.280E+00 -0.286E-01 -0.186E-03 -0.851E+02    299.563  0.200E-03  0.800E-02  0.176E-01  0.520E-04
   6840.00  0.280E+00 -0.286E-01 -0.186E-03 -0.848E+02    299.565  0.200E-03  0.800E-02  0.176E-01  0.520E-04
   6900.00  0.280E+00 -0.286E-01 -0.186E-03 -0.845E+02    299.566  0.200E-03  0.800E-02  0.176E-01  0.520E-04
   6960.00  0.280E+00 -0.286E-01 -0.186E-03 -0.842E+02    299.568  0.200E-03  0.800E-02  0.176E-01  0.520E-04
   7020.00  0.280E+00 -0.286E-01 -0.186E-03 -0.839E+02    299.570  0.200E-03  0.800E-02  0.176E-01  0.520E-04
   7080.00  0.280E+00 -0.286E-01 -0.186E-03 -0.836E+02    299.571  0.200E-03  0.800E-02  0.176E-01  0.520E-04
   7140.00  0.280E+00 -0.286E-01 -0.186E-03 -0.833E+02    299.573  0.200E-03  0.800E-02  0.176E-01  0.520E-04
   7200.00  0.280E+00 -0.286E-01 -0.186E-03 -0.830E+02    299.575  0.200E-03  0.800E-02  0.176E-01  0.520E-04
   7260.00  0.280E+00 -0.286E-01 -0.186E-03 -0.827E+02    299.576  0.200E-03  0.800E-02  0.176E-01  0.520E-04
   7320.00  0.280E+00 -0.286E-01 -0.186E-03 -0.824E+02    299.578  0.200E-03  0.800E-02  0.176E-01  0.520E-04
   7380.00  0.280E+00 -0.286E-01 -0.186E-03 -0.822E+02    299.580  0.200E-03  0.800E-02  0.176E-01  0.520E-04
   7440.00  0.280E+00 -0.286E-01 -0.186E-03 -0.819E+02    299.581  0.200E-03  0.800E-02  0.176E-01  0.520E-04
   7500.00  0.280E+00 -0.286E-01 -0.186E-03 -0.816E+02    299.583  0.200E-03  0.800E-02  0.176E-01  0.520E-04
   7560.00  0.280E+00 -0.286E-01 -0.186E-03 -0.814E+02    299.584  0.200E-03  0.800E-02  0.176E-01  0.520E-04
   7620.00  0.280E+00 -0.286E-01 -0.186E-03 -0.812E+02    299.585  0.200E-03  0.800E-02  0.176E-01  0.520E-04
   7680.00  0.280E+00 -0.286E-01 -0.186E-03 -0.810E+02    299.587  0.200E-03  0.800E-02  0.176E-01  0.520E-04
   7740.00  0.280E+00 -0.286E-01 -0.186E-03 -0.808E+02    299.588  0.200E-03  0.800E-02  0.176E-01  0.520E-04
   7800.00  0.280E+00 -0.286E-01 -0.186E-03 -0.806E+02    299.589  0.200E-03  0.800E-02  0.176E-01  0.520E-04
   7860.00  0.280E+00 -0.286E-01 -0.186E-03 -0.804E+02    299.591  0.200E-03  0.800E-02  0.176E-01  0.520E-04
   7920.00  0.280E+00 -0.286E-01 -0.186E-03 -0.802E+02    299.592  0.200E-03  0.800E-02  0.176E-01  0.520E-04
   7980.00  0.280E+00 -0.286E-01 -0.186E-03 -0.800E+02    299.593  0.200E-03  0.800E-02  0.176E-01  0.520E-04
   8040.00  0.280E+00 -0.286E-01 -0.186E-03 -0.799E+02    299.594  0.200E-03  0.800E-02  0.176E-01  0.520E-04
   8100.00  0.280E+00 -0.286E-01 -0.186E-03 -0.797E+02    299.595  0.200E-03  0.800E-02  0.176E-01  0.520E-04
   8160.00  0.280E+00 -0.286E-01 -0.186E-03 -0.796E+02    299.596  0.200E-03  0.800E-02  0.176E-01  0.520E-04
   8220.00  0.280E+00 -0.286E-01 -0.186E-03 -0.794E+02    299.597  0.200E-03  0.800E-02  0.176E-01  0.520E-04
   8280.00  0.280E+00 -0.286E-01 -0.186E-03 -0.793E+02    299.598  0.200E-03  0.800E-02  0.176E-01  0.520E-04
   8340.00  0.280E+00 -0.286E-01 -0.186E-03 -0.792E+02    299.599  0.200E-03  0.800E-02  0.176E-01  0.520E-04
   8400.00  0.280E+00 -0.286E-01 -0.186E-03 -0.791E+02    299.600  0.200E-03  0.800E-02  0.176E-01  0.520E-04
   8460.00  0.280E+00 -0.286E-01 -0.186E-03 -0.790E+02    299.601  0.200E-03  0.800E-02  0.176E-01  0.520E-04
   8520.00  0.280E+00 -0.286E-01 -0.186E-03 -0.789E+02    299.602  0.200E-03  0.800E-02  0.176E-01  0.520E-04
   8580.00  0.280E+00 -0.286E-01 -0.186E-03 -0.789E+02    299.603  0.200E-03  0.800E-02  0.176E-01  0.520E-04
   8640.00  0.280E+00 -0.286E-01 -0.186E-03 -0.788E+02    299.604  0.200E-03  0.800E-02  0.176E-01  0.520E-04
   8700.00  0.280E+00 -0.286E-01 -0.186E-03 -0.787E+02    299.604  0.200E-03  0.800E-02  0.176E-01  0.520E-04
   8760.00  0.280E+00 -0.286E-01 -0.186E-03 -0.787E+02    299.605  0.200E-03  0.800E-02  0.176E-01  0.520E-04
   8820.00  0.280E+00 -0.286E-01 -0.186E-03 -0.786E+02    299.606  0.200E-03  0.800E-02  0.176E-01  0.520E-04
   8880.00  0.280E+00 -0.286E-01 -0.186E-03 -0.785E+02    299.607  0.200E-03  0.800E-02  0.176E-01  0.520E-04
   8940.00  0.280E+00 -0.286E-01 -0.186E-03 -0.785E+02    299.608  0.200E-03  0.800E-02  0.176E-01  0.520E-04
   9000.00  0.280E+00 -0.286E-01 -0.186E-03 -0.784E+02    299.609  0.200E-03  0.800E-02  0.176E-01  0.520E-04
   9060.00  0.280E+00 -0.286E-01 -0.186E-03 -0.783E+02    299.610  0.200E-03  0.800E-02  0.176E-01  0.520E-04
   9120.00  0.280E+00 -0.286E-01 -0.186E-03 -0.782E+02    299.611  0.200E-03  0.800E-02  0.176E-01  0.520E-04
   9180.00  0.280E+00 -0.286E-01 -0.186E-03 -0.781E+02    299.612  0.200E-03  0.800E-02  0.176E-01  0.520E-04
   9240.00  0.280E+00 -0.286E-01 -0.186E-03 -0.779E+02    299.614  0.200E-03  0.800E-02  0.176E-01  0.520E-04
   9300.00  0.280E+00 -0.286E-01 -0.186E-03 -0.778E+02    299.615  0.200E-03  0.800E-02  0.176E-01  0.520E-04
   9360.00  0.280E+00 -0.286E-01 -0.186E-03 -0.777E+02    299.616  0.200E-03  0.800E-02  0.176E-01  0.520E-04
   9420.00  0.280E+00 -0.286E-01 -0.186E-03 -0.775E+02    299.618  0.200E-03  0.800E-02  0.176E-01  0.520E-04
   9480.00  0.280E+00 -0.286E-01 -0.186E-03 -0.774E+02    299.619  0.200E-03  0.800E-02  0.176E-01  0.520E-04
   9540.00  0.280E+00 -0.286E-01 -0.186E-03 -0.773E+02    299.621  0.200E-03  0.800E-02  0.176E-01  0.520E-04
   9600.00  0.280E+00 -0.286E-01 -0.186E-03 -0.771E+02    299.622  0.200E-03  0.800E-02  0.176E-01  0.520E-04
   9660.00  0.280E+00 -0.286E-01 -0.186E-03 -0.770E+02    299.624  0.200E-03  0.800E-02  0.176E-01  0.520E-04
   9720.00  0.280E+00 -0.286E-01 -0.186E-03 -0.769E+02    299.625  0.200E-03  0.800E-02  0.176E-01  0.520E-04
   9780.00  0.280E+00 -0.286E-01 -0.186E-03 -0.768E+02    299.626  0.200E-03  0.800E-02  0.176E-01  0.520E-04
   9840.00  0.280E+00 -0.286E-01 -0.186E-03 -0.767E+02    299.628  0.200E-03  0.800E-02  0.176E-01  0.520E-04
   9900.00  0.280E+00 -0.286E-01 -0.186E-03 -0.766E+02    299.629  0.200E-03  0.800E-02  0.176E-01  0.520E-04
   9960.00  0.280E+00 -0.286E-01 -0.186E-03 -0.764E+02    299.630  0.200E-03  0.800E-02  0.176E-01  0.520E-04
  10020.00  0.280E+00 -0.286E-01 -0.186E-03 -0.763E+02    299.632  0.200E-03  0.800E-02  0.176E-01  0.520E-04
  10080.00  0.280E+00 -0.286E-01 -0.186E-03 -0.762E+02    299.633  0.200E-03  0.800E-02  0.176E-01  0.520E-04
  10140.00  0.280E+00 -0.286E-01 -0.186E-03 -0.760E+02    299.634  0.200E-03  0.800E-02  0.176E-01  0.520E-04
  10200.00  0.280E+00 -0.286E-01 -0.186E-03 -0.759E+02    299.635  0.200E-03  0.800E-02  0.176E-01  0.520E-04
  10260.00  0.280E+00 -0.286E-01 -0.186E-03 -0.757E+02    299.637  0.200E-03  0.800E-02  0.176E-01  0.520E-04
  10320.00  0.280E+00 -0.286E-01 -0.186E-03 -0.755E+02    299.638  0.200E-03  0.800E-02  0.176E-01  0.520E-04
  10380.00  0.280E+00 -0.286E-01 -0.186E-03 -0.753E+02    299.640  0.200E-03  0.800E-02  0.176E-01  0.520E-04
  10440.00  0.280E+00 -0.286E-01 -0.186E-03 -0.751E+02    299.641  0.200E-03  0.800E-02  0.176E-01  0.520E-04
  10500.00  0.280E+00 -0.286E-01 -0.186E-03 -0.750E+02    299.643  0.200E-03  0.800E-02  0.176E-01  0.520E-04
  10560.00  0.280E+00 -0.286E-01 -0.186E-03 -0.748E+02    299.644  0.200E-03  0.800E-02  0.176E-01  0.520E-04
  10620.00  0.280E+00 -0.286E-01 -0.186E-03 -0.746E+02    299.646  0.200E-03  0.800E-02  0.176E-01  0.520E-04
  10680.00  0.280E+00 -0.286E-01 -0.186E-03 -0.744E+02    299.647  0.200E-03  0.800E-02  0.176E-01  0.520E-04
  10740.00  0.280E+00 -0.286E-01 -0.186E-03 -0.742E+02    299.649  0.200E-03  0.800E-02  0.176E-01  0.520E-04
  10800.00  0.280E+00 -0.286E-01 -0.186E-03 -0.741E+02    299.650  0.200E-03  0.800E-02  0.176E-01  0.520E-04
  10860.00  0.280E+00 -0.286E-01 -0.186E-03 -0.739E+02    299.651  0.200E-03  0.800E-02  0.176E-01  0.520E-04
  10920.00  0.280E+00 -0.286E-01 -0.186E-03 -0.738E+02    299.652  0.200E-03  0.800E-02  0.176E-01  0.520E-04
  10980.00  0.280E+00 -0.286E-01 -0.186E-03 -0.737E+02    299.654  0.200E-03  0.800E-02  0.176E-01  0.520E-04
  11040.00  0.280E+00 -0.286E-01 -0.186E-03 -0.735E+02    299.655  0.200E-03  0.800E-02  0.176E-01  0.520E-04
  11100.00  0.280E+00 -0.286E-01 -0.186E-03 -0.734E+02    299.656  0.200E-03  0.800E-02  0.176E-01  0.520E-04
  11160.00  0.280E+00 -0.286E-01 -0.186E-03 -0.733E+02    299.657  0.200E-03  0.800E-02  0.176E-01  0.520E-04
  11220.00  0.280E+00 -0.286E-01 -0.186E-03 -0.732E+02    299.658  0.200E-03  0.800E-02  0.176E-01  0.520E-04
  11280.00  0.280E+00 -0.286E-01 -0.186E-03 -0.731E+02    299.659  0.200E-03  0.800E-02  0.176E-01  0.520E-04
  11340.00  0.280E+00 -0.286E-01 -0.186E-03 -0.730E+02    299.660  0.200E-03  0.800E-02  0.176E-01  0.520E-04
  11400.00  0.280E+00 -0.286E-01 -0.186E-03 -0.729E+02    299.662  0.200E-03  0.800E-02  0.176E-01  0.520E-04
  11460.00  0.280E+00 -0.286E-01 -0.186E-03 -0.727E+02    299.663  0.200E-03  0.800E-02  0.176E-01  0.520E-04
  11520.00  0.280E+00 -0.286E-01 -0.186E-03 -0.726E+02    299.664  0.200E-03  0.800E-02  0.176E-01  0.520E-04
  11580.00  0.280E+00 -0.286E-01 -0.186E-03 -0.725E+02    299.665  0.200E-03  0.800E-02  0.176E-01  0.520E-04
  11640.00  0.280E+00 -0.286E-01 -0.186E-03 -0.724E+02    299.666  0.200E-03  0.800E-02  0.176E-01  0.520E-04
  11700.00  0.280E+00 -0.286E-01 -0.186E-03 -0.722E+02    299.668  0.200E-03  0.800E-02  0.176E-01  0.520E-04
  11760.00  0.280E+00 -0.286E-01 -0.186E-03 -0.721E+02    299.669  0.200E-03  0.800E-02  0.176E-01  0.520E-04
  11820.00  0.280E+00 -0.286E-01 -0.186E-03 -0.720E+02    299.670  0.200E-03  0.800E-02  0.176E-01  0.520E-04
  11880.00  0.280E+00 -0.286E-01 -0.186E-03 -0.719E+02    299.671  0.200E-03  0.800E-02  0.176E-01  0.520E-04
  11940.00  0.280E+00 -0.286E-01 -0.186E-03 -0.718E+02    299.673  0.200E-03  0.800E-02  0.176E-01  0.520E-04
  12000.00  0.280E+00 -0.286E-01 -0.186E-03 -0.717E+02    299.674  0.200E-03  0.800E-02  0.176E-01  0.520E-04
  12060.00  0.280E+00 -0.286E-01 -0.186E-03 -0.716E+02    299.675  0.200E-03  0.800E-02  0.176E-01  0.520E-04
  12120.00  0.280E+00 -0.286E-01 -0.186E-03 -0.715E+02    299.676  0.200E-03  0.800E-02  0.176E-01  0.520E-04
  12180.00  0.280E+00 -0.286E-01 -0.186E-03 -0.715E+02    299.677  0.200E-03  0.800E-02  0.176E-01  0.520E-04
  12240.00  0.280E+00 -0.286E-01 -0.186E-03 -0.714E+02    299.679  0.200E-03  0.800E-02  0.176E-01  0.520E-04
  12300.00  0.280E+00 -0.286E-01 -0.186E-03 -0.714E+02    299.680  0.200E-03  0.800E-02  0.176E-01  0.520E-04
  12360.00  0.280E+00 -0.286E-01 -0.186E-03 -0.713E+02    299.681  0.200E-03  0.800E-02  0.176E-01  0.520E-04
  12420.00  0.280E+00 -0.286E-01 -0.186E-03 -0.712E+02    299.682  0.200E-03  0.800E-02  0.176E-01  0.520E-04
  12480.00  0.280E+00 -0.286E-01 -0.186E-03 -0.711E+02    299.684  0.200E-03  0.800E-02  0.176E-01  0.520E-04
  12540.00  0.280E+00 -0.286E-01 -0.186E-03 -0.710E+02    299.685  0.200E-03  0.800E-02  0.176E-01  0.520E-04
  12600.00  0.280E+00 -0.286E-01 -0.186E-03 -0.709E+02    299.686  0.200E-03  0.800E-02  0.176E-01  0.520E-04
  12660.00  0.280E+00 -0.286E-01 -0.186E-03 -0.708E+02    299.688  0.200E-03  0.800E-02  0.176E-01  0.520E-04
  12720.00  0.280E+00 -0.286E-01 -0.186E-03 -0.707E+02    299.689  0.200E-03  0.800E-02  0.176E-01  0.520E-04
  12780.00  0.280E+00 -0.286E-01 -0.186E-03 -0.706E+02    299.691  0.200E-03  0.800E-02  0.176E-01  0.520E-04
  12840.00  0.280E+00 -0.286E-01 -0.186E-03 -0.704E+02    299.693  0.200E-03  0.800E-02  0.176E-01  0.520E-04
  12900.00  0.280E+00 -0.286E-01 -0.186E-03 -0.703E+02    299.694  0.200E-03  0.800E-02  0.176E-01  0.520E-04
  12960.00  0.280E+00 -0.286E-01 -0.186E-03 -0.702E+02    299.696  0.200E-03  0.800E-02  0.176E-01  0.520E-04
  13020.00  0.280E+00 -0.286E-01 -0.186E-03 -0.700E+02    299.697  0.200E-03  0.800E-02  0.176E-01  0.520E-04
  13080.00  0.280E+00 -0.286E-01 -0.186E-03 -0.699E+02    299.699  0.200E-03  0.800E-02  0.176E-01  0.520E-04
  13140.00  0.280E+00 -0.286E-01 -0.186E-03 -0.697E+02    299.701  0.200E-03  0.800E-02  0.176E-01  0.520E-04
  13200.00  0.280E+00 -0.286E-01 -0.186E-03 -0.696E+02    299.702  0.200E-03  0.800E-02  0.176E-01  0.520E-04
  13260.00  0.280E+00 -0.286E-01 -0.186E-03 -0.694E+02    299.704  0.200E-03  0.800E-02  0.176E-01  0.520E-04
  13320.00  0.280E+00 -0.286E-01 -0.186E-03 -0.693E+02    299.705  0.200E-03  0.800E-02  0.176E-01  0.520E-04
  13380.00  0.280E+00 -0.286E-01 -0.186E-03 -0.692E+02    299.707  0.200E-03  0.800E-02  0.176E-01  0.520E-04
  13440.00  0.280E+00 -0.286E-01 -0.186E-03 -0.691E+02    299.708  0.200E-03  0.800E-02  0.176E-01  0.520E-04
  13500.00  0.280E+00 -0.286E-01 -0.186E-03 -0.689E+02    299.710  0.200E-03  0.800E-02  0.176E-01  0.520E-04
  13560.00  0.280E+00 -0.286E-01 -0.186E-03 -0.688E+02    299.711  0.200E-03  0.800E-02  0.176E-01  0.520E-04
  13620.00  0.280E+00 -0.286E-01 -0.186E-03 -0.687E+02    299.713  0.200E-03  0.800E-02  0.176E-01  0.520E-04
  13680.00  0.280E+00 -0.286E-01 -0.186E-03 -0.686E+02    299.714  0.200E-03  0.800E-02  0.176E-01  0.520E-04
  13740.00  0.280E+00 -0.286E-01 -0.186E-03 -0.685E+02    299.715  0.200E-03  0.800E-02  0.176E-01  0.520E-04
  13800.00  0.280E+00 -0.286E-01 -0.186E-03 -0.683E+02    299.717  0.200E-03  0.800E-02  0.176E-01  0.520E-04
  13860.00  0.280E+00 -0.286E-01 -0.186E-03 -0.682E+02    299.718  0.200E-03  0.800E-02  0.176E-01  0.520E-04
  13920.00  0.280E+00 -0.286E-01 -0.186E-03 -0.680E+02    299.720  0.200E-03  0.800E-02  0.176E-01  0.520E-04
  13980.00  0.280E+00 -0.286E-01 -0.186E-03 -0.678E+02    299.721  0.200E-03  0.800E-02  0.176E-01  0.520E-04
  14040.00  0.280E+00 -0.286E-01 -0.186E-03 -0.676E+02    299.723  0.200E-03  0.800E-02  0.176E-01  0.520E-04
  14100.00  0.280E+00 -0.286E-01 -0.186E-03 -0.674E+02    299.725  0.200E-03  0.800E-02  0.176E-01  0.520E-04
  14160.00  0.280E+00 -0.286E-01 -0.186E-03 -0.672E+02    299.727  0.200E-03  0.800E-02  0.176E-01  0.520E-04
  14220.00  0.280E+00 -0.286E-01 -0.186E-03 -0.669E+02    299.728  0.200E-03  0.800E-02  0.176E-01  0.520E-04
  14280.00  0.280E+00 -0.286E-01 -0.186E-03 -0.667E+02    299.730  0.200E-03  0.800E-02  0.176E-01  0.520E-04
  14340.00  0.280E+00 -0.286E-01 -0.186E-03 -0.665E+02    299.731  0.200E-03  0.800E-02  0.176E-01  0.520E-04
  14400.00  0.280E+00 -0.286E-01 -0.186E-03 -0.663E+02    299.733  0.200E-03  0.800E-02  0.176E-01  0.520E-04
  14460.00  0.280E+00 -0.286E-01 -0.186E-03 -0.661E+02    299.735  0.200E-03  0.800E-02  0.176E-01  0.520E-04
  14520.00  0.280E+00 -0.286E-01 -0.186E-03 -0.660E+02    299.736  0.200E-03  0.800E-02  0.176E-01  0.520E-04
  14580.00  0.280E+00 -0.286E-01 -0.186E-03 -0.658E+02    299.738  0.200E-03  0.800E-02  0.176E-01  0.520E-04
  14640.00  0.280E+00 -0.286E-01 -0.186E-03 -0.657E+02    299.739  0.200E-03  0.800E-02  0.176E-01  0.520E-04
  14700.00  0.280E+00 -0.286E-01 -0.186E-03 -0.655E+02    299.741  0.200E-03  0.800E-02  0.176E-01  0.520E-04
  14760.00  0.280E+00 -0.286E-01 -0.186E-03 -0.654E+02    299.742  0.200E-03  0.800E-02  0.176E-01  0.520E-04
  14820.00  0.280E+00 -0.286E-01 -0.186E-03 -0.652E+02    299.744  0.200E-03  0.800E-02  0.176E-01  0.520E-04
  14880.00  0.280E+00 -0.286E-01 -0.186E-03 -0.651E+02    299.745  0.200E-03  0.800E-02  0.176E-01  0.520E-04
  14940.00  0.280E+00 -0.286E-01 -0.186E-03 -0.649E+02    299.747  0.200E-03  0.800E-02  0.176E-01  0.520E-04
  15000.00  0.280E+00 -0.286E-01 -0.186E-03 -0.648E+02    299.748  0.200E-03  0.800E-02  0.176E-01  0.520E-04
  15060.00  0.280E+00 -0.286E-01 -0.186E-03 -0.647E+02    299.750  0.200E-03  0.800E-02  0.176E-01  0.520E-04
  15120.00  0.280E+00 -0.286E-01 -0.186E-03 -0.645E+02    299.751  0.200E-03  0.800E-02  0.176E-01  0.520E-04
  15180.00  0.280E+00 -0.286E-01 -0.186E-03 -0.644E+02    299.753  0.200E-03  0.800E-02  0.176E-01  0.520E-04
  15240.00  0.280E+00 -0.286E-01 -0.186E-03 -0.642E+02    299.755  0.200E-03  0.800E-02  0.176E-01  0.520E-04
  15300.00  0.280E+00 -0.286E-01 -0.186E-03 -0.640E+02    299.756  0.200E-03  0.800E-02  0.176E-01  0.520E-04
  15360.00  0.280E+00 -0.286E-01 -0.186E-03 -0.639E+02    299.758  0.200E-03  0.800E-02  0.176E-01  0.520E-04
  15420.00  0.280E+00 -0.286E-01 -0.186E-03 -0.637E+02    299.759  0.200E-03  0.800E-02  0.176E-01  0.520E-04
  15480.00  0.280E+00 -0.286E-01 -0.186E-03 -0.635E+02    299.761  0.200E-03  0.800E-02  0.176E-01  0.520E-04
  15540.00  0.280E+00 -0.286E-01 -0.186E-03 -0.634E+02    299.762  0.200E-03  0.800E-02  0.176E-01  0.520E-04
  15600.00  0.280E+00 -0.286E-01 -0.186E-03 -0.633E+02    299.764  0.200E-03  0.800E-02  0.176E-01  0.520E-04
  15660.00  0.280E+00 -0.286E-01 -0.186E-03 -0.631E+02    299.765  0.200E-03  0.800E-02  0.176E-01  0.520E-04
  15720.00  0.280E+00 -0.286E-01 -0.186E-03 -0.630E+02    299.766  0.200E-03  0.800E-02  0.176E-01  0.520E-04
  15780.00  0.280E+00 -0.286E-01 -0.186E-03 -0.629E+02    299.768  0.200E-03  0.800E-02  0.176E-01  0.520E-04
  15840.00  0.280E+00 -0.286E-01 -0.186E-03 -0.629E+02    299.769  0.200E-03  0.800E-02  0.176E-01  0.520E-04
  15900.00  0.280E+00 -0.286E-01 -0.186E-03 -0.628E+02    299.770  0.200E-03  0.800E-02  0.176E-01  0.520E-04
  15960.00  0.280E+00 -0.286E-01 -0.186E-03 -0.628E+02    299.771  0.200E-03  0.800E-02  0.176E-01  0.520E-04
  16020.00  0.280E+00 -0.286E-01 -0.186E-03 -0.628E+02    299.772  0.200E-03  0.800E-02  0.176E-01  0.520E-04
  16080.00  0.280E+00 -0.286E-01 -0.186E-03 -0.628E+02    299.772  0.200E-03  0.800E-02  0.176E-01  0.520E-04
  16140.00  0.280E+00 -0.286E-01 -0.186E-03 -0.628E+02    299.773  0.200E-03  0.800E-02  0.176E-01  0.520E-04
  16200.00  0.280E+00 -0.286E-01 -0.186E-03 -0.628E+02    299.774  0.200E-03  0.800E-02  0.176E-01  0.520E-04
  16260.00  0.280E+00 -0.286E-01 -0.186E-03 -0.628E+02    299.775  0.200E-03  0.800E-02  0.176E-01  0.520E-04
  16320.00  0.280E+00 -0.286E-01 -0.186E-03 -0.628E+02    299.776  0.200E-03  0.800E-02  0.176E-01  0.520E-04
  16380.00  0.280E+00 -0.286E-01 -0.186E-03 -0.628E+02    299.777  0.200E-03  0.800E-02  0.176E-01  0.520E-04
  16440.00  0.280E+00 -0.286E-01 -0.186E-03 -0.628E+02    299.778  0.200E-03  0.800E-02  0.176E-01  0.520E-04
  16500.00  0.280E+00 -0.286E-01 -0.186E-03 -0.628E+02    299.779  0.200E-03  0.800E-02  0.176E-01  0.520E-04
  16560.00  0.280E+00 -0.286E-01 -0.186E-03 -0.627E+02    299.780  0.200E-03  0.800E-02  0.176E-01  0.520E-04
  16620.00  0.280E+00 -0.286E-01 -0.186E-03 -0.627E+02    299.782  0.200E-03  0.800E-02  0.176E-01  0.520E-04
  16680.00  0.280E+00 -0.286E-01 -0.186E-03 -0.626E+02    299.783  0.200E-03  0.800E-02  0.176E-01  0.520E-04
  16740.00  0.280E+00 -0.286E-01 -0.186E-03 -0.625E+02    299.785  0.200E-03  0.800E-02  0.176E-01  0.520E-04
  16800.00  0.280E+00 -0.286E-01 -0.186E-03 -0.624E+02    299.786  0.200E-03  0.800E-02  0.176E-01  0.520E-04
  16860.00  0.280E+00 -0.286E-01 -0.186E-03 -0.623E+02    299.788  0.200E-03  0.800E-02  0.176E-01  0.520E-04
  16920.00  0.280E+00 -0.286E-01 -0.186E-03 -0.622E+02    299.789  0.200E-03  0.800E-02  0.176E-01  0.520E-04
  16980.00  0.280E+00 -0.286E-01 -0.186E-03 -0.621E+02    299.791  0.200E-03  0.800E-02  0.176E-01  0.520E-04
  17040.00  0.280E+00 -0.286E-01 -0.186E-03 -0.620E+02    299.792  0.200E-03  0.800E-02  0.176E-01  0.520E-04
  17100.00  0.280E+00 -0.286E-01 -0.186E-03 -0.619E+02    299.794  0.200E-03  0.800E-02  0.176E-01  0.520E-04
  17160.00  0.280E+00 -0.286E-01 -0.186E-03 -0.618E+02    299.795  0.200E-03  0.800E-02  0.176E-01  0.520E-04
  17220.00  0.280E+00 -0.286E-01 -0.186E-03 -0.618E+02    299.797  0.200E-03  0.800E-02  0.176E-01  0.520E-04
  17280.00  0.280E+00 -0.286E-01 -0.186E-03 -0.617E+02    299.798  0.200E-03  0.800E-02  0.176E-01  0.520E-04
  17340.00  0.280E+00 -0.286E-01 -0.186E-03 -0.616E+02    299.800  0.200E-03  0.800E-02  0.176E-01  0.520E-04
  17400.00  0.280E+00 -0.286E-01 -0.186E-03 -0.615E+02    299.801  0.200E-03  0.800E-02  0.176E-01  0.520E-04
  17460.00  0.280E+00 -0.286E-01 -0.186E-03 -0.615E+02    299.802  0.200E-03  0.800E-02  0.176E-01  0.520E-04
  17520.00  0.280E+00 -0.286E-01 -0.186E-03 -0.614E+02    299.804  0.200E-03  0.800E-02  0.176E-01  0.520E-04
  17580.00  0.280E+00 -0.286E-01 -0.186E-03 -0.614E+02    299.805  0.200E-03  0.800E-02  0.176E-01  0.520E-04
  17640.00  0.280E+00 -0.286E-01 -0.186E-03 -0.613E+02    299.806  0.200E-03  0.800E-02  0.176E-01  0.520E-04
  17700.00  0.280E+00 -0.286E-01 -0.186E-03 -0.612E+02    299.807  0.200E-03  0.800E-02  0.176E-01  0.520E-04
  17760.00  0.280E+00 -0.286E-01 -0.186E-03 -0.612E+02    299.809  0.200E-03  0.800E-02  0.176E-01  0.520E-04
  17820.00  0.280E+00 -0.286E-01 -0.186E-03 -0.611E+02    299.810  0.200E-03  0.800E-02  0.176E-01  0.520E-04
  17880.00  0.280E+00 -0.286E-01 -0.186E-03 -0.611E+02    299.811  0.200E-03  0.800E-02  0.176E-01  0.520E-04
  17940.00  0.280E+00 -0.286E-01 -0.186E-03 -0.611E+02    299.812  0.200E-03  0.800E-02  0.176E-01  0.520E-04
  18000.00  0.280E+00 -0.286E-01 -0.186E-03 -0.611E+02    299.813  0.200E-03  0.800E-02  0.176E-01  0.520E-04
  18060.00  0.280E+00 -0.286E-01 -0.186E-03 -0.611E+02    299.814  0.200E-03  0.800E-02  0.176E-01  0.520E-04
  18120.00  0.280E+00 -0.286E-01 -0.186E-03 -0.612E+02    299.814  0.200E-03  0.800E-02  0.176E-01  0.520E-04
  18180.00  0.280E+00 -0.286E-01 -0.186E-03 -0.612E+02    299.815  0.200E-03  0.800E-02  0.176E-01  0.520E-04
  18240.00  0.280E+00 -0.286E-01 -0.186E-03 -0.612E+02    299.816  0.200E-03  0.800E-02  0.176E-01  0.520E-04
  18300.00  0.280E+00 -0.286E-01 -0.186E-03 -0.613E+02    299.817  0.200E-03  0.800E-02  0.176E-01  0.520E-04
  18360.00  0.280E+00 -0.286E-01 -0.186E-03 -0.614E+02    299.818  0.200E-03  0.800E-02  0.176E-01  0.520E-04
  18420.00  0.280E+00 -0.286E-01 -0.186E-03 -0.614E+02    299.819  0.200E-03  0.800E-02  0.176E-01  0.520E-04
  18480.00  0.280E+00 -0.286E-01 -0.186E-03 -0.615E+02    299.820  0.200E-03  0.800E-02  0.176E-01  0.520E-04
  18540.00  0.280E+00 -0.286E-01 -0.186E-03 -0.615E+02    299.820  0.200E-03  0.800E-02  0.176E-01  0.520E-04
  18600.00  0.280E+00 -0.286E-01 -0.186E-03 -0.616E+02    299.821  0.200E-03  0.800E-02  0.176E-01  0.520E-04
  18660.00  0.280E+00 -0.286E-01 -0.186E-03 -0.616E+02    299.822  0.200E-03  0.800E-02  0.176E-01  0.520E-04
  18720.00  0.280E+00 -0.286E-01 -0.186E-03 -0.617E+02    299.823  0.200E-03  0.800E-02  0.176E-01  0.520E-04
  18780.00  0.280E+00 -0.286E-01 -0.186E-03 -0.617E+02    299.824  0.200E-03  0.800E-02  0.176E-01  0.520E-04
  18840.00  0.280E+00 -0.286E-01 -0.186E-03 -0.617E+02    299.826  0.200E-03  0.800E-02  0.176E-01  0.520E-04
  18900.00  0.280E+00 -0.286E-01 -0.186E-03 -0.617E+02    299.827  0.200E-03  0.800E-02  0.176E-01  0.520E-04
  18960.00  0.280E+00 -0.286E-01 -0.186E-03 -0.617E+02    299.828  0.200E-03  0.800E-02  0.176E-01  0.520E-04
  19020.00  0.280E+00 -0.286E-01 -0.186E-03 -0.617E+02    299.829  0.200E-03  0.800E-02  0.176E-01  0.520E-04
  19080.00  0.280E+00 -0.286E-01 -0.186E-03 -0.616E+02    299.831  0.200E-03  0.800E-02  0.176E-01  0.520E-04
  19140.00  0.280E+00 -0.286E-01 -0.186E-03 -0.616E+02    299.832  0.200E-03  0.800E-02  0.176E-01  0.520E-04
  19200.00  0.280E+00 -0.286E-01 -0.186E-03 -0.616E+02    299.834  0.200E-03  0.800E-02  0.176E-01  0.520E-04
  19260.00  0.280E+00 -0.286E-01 -0.186E-03 -0.615E+02    299.835  0.200E-03  0.800E-02  0.176E-01  0.520E-04
  19320.00  0.280E+00 -0.286E-01 -0.186E-03 -0.615E+02    299.836  0.200E-03  0.800E-02  0.176E-01  0.520E-04
  19380.00  0.280E+00 -0.286E-01 -0.186E-03 -0.614E+02    299.838  0.200E-03  0.800E-02  0.176E-01  0.520E-04
  19440.00  0.280E+00 -0.286E-01 -0.186E-03 -0.614E+02    299.839  0.200E-03  0.800E-02  0.176E-01  0.520E-04
  19500.00  0.280E+00 -0.286E-01 -0.186E-03 -0.613E+02    299.841  0.200E-03  0.800E-02  0.176E-01  0.520E-04
  19560.00  0.280E+00 -0.286E-01 -0.186E-03 -0.612E+02    299.843  0.200E-03  0.800E-02  0.176E-01  0.520E-04
  19620.00  0.280E+00 -0.286E-01 -0.186E-03 -0.610E+02    299.844  0.200E-03  0.800E-02  0.176E-01  0.520E-04
  19680.00  0.280E+00 -0.286E-01 -0.186E-03 -0.609E+02    299.846  0.200E-03  0.800E-02  0.176E-01  0.520E-04
  19740.00  0.280E+00 -0.286E-01 -0.186E-03 -0.608E+02    299.848  0.200E-03  0.800E-02  0.176E-01  0.520E-04
  19800.00  0.280E+00 -0.286E-01 -0.186E-03 -0.607E+02    299.849  0.200E-03  0.800E-02  0.176E-01  0.520E-04
  19860.00  0.280E+00 -0.286E-01 -0.186E-03 -0.605E+02    299.851  0.200E-03  0.800E-02  0.176E-01  0.520E-04
  19920.00  0.280E+00 -0.286E-01 -0.186E-03 -0.604E+02    299.853  0.200E-03  0.800E-02  0.176E-01  0.520E-04
  19980.00  0.280E+00 -0.286E-01 -0.186E-03 -0.603E+02    299.854  0.200E-03  0.800E-02  0.176E-01  0.520E-04
  20040.00  0.280E+00 -0.286E-01 -0.186E-03 -0.601E+02    299.856  0.200E-03  0.800E-02  0.176E-01  0.520E-04
  20100.00  0.280E+00 -0.286E-01 -0.186E-03 -0.600E+02    299.858  0.200E-03  0.800E-02  0.176E-01  0.520E-04
  20160.00  0.280E+00 -0.286E-01 -0.186E-03 -0.599E+02    299.859  0.200E-03  0.800E-02  0.176E-01  0.520E-04
  20220.00  0.280E+00 -0.286E-01 -0.186E-03 -0.597E+02    299.861  0.200E-03  0.800E-02  0.176E-01  0.520E-04
  20280.00  0.280E+00 -0.286E-01 -0.186E-03 -0.595E+02    299.863  0.200E-03  0.800E-02  0.176E-01  0.520E-04
  20340.00  0.280E+00 -0.286E-01 -0.186E-03 -0.593E+02    299.865  0.200E-03  0.800E-02  0.176E-01  0.520E-04
  20400.00  0.280E+00 -0.286E-01 -0.186E-03 -0.591E+02    299.866  0.200E-03  0.800E-02  0.176E-01  0.520E-04
  20460.00  0.280E+00 -0.286E-01 -0.186E-03 -0.590E+02    299.868  0.200E-03  0.800E-02  0.176E-01  0.520E-04
  20520.00  0.280E+00 -0.286E-01 -0.186E-03 -0.588E+02    299.870  0.200E-03  0.800E-02  0.176E-01  0.520E-04
  20580.00  0.280E+00 -0.286E-01 -0.186E-03 -0.586E+02    299.871  0.200E-03  0.800E-02  0.176E-01  0.520E-04
  20640.00  0.280E+00 -0.286E-01 -0.186E-03 -0.584E+02    299.873  0.200E-03  0.800E-02  0.176E-01  0.520E-04
  20700.00  0.280E+00 -0.286E-01 -0.186E-03 -0.582E+02    299.875  0.200E-03  0.800E-02  0.176E-01  0.520E-04
  20760.00  0.280E+00 -0.286E-01 -0.186E-03 -0.580E+02    299.877  0.200E-03  0.800E-02  0.176E-01  0.520E-04
  20820.00  0.280E+00 -0.286E-01 -0.186E-03 -0.579E+02    299.878  0.200E-03  0.800E-02  0.176E-01  0.520E-04
  20880.00  0.280E+00 -0.286E-01 -0.186E-03 -0.577E+02    299.880  0.200E-03  0.800E-02  0.176E-01  0.520E-04
  20940.00  0.280E+00 -0.286E-01 -0.186E-03 -0.575E+02    299.881  0.200E-03  0.800E-02  0.176E-01  0.520E-04
  21000.00  0.280E+00 -0.286E-01 -0.186E-03 -0.573E+02    299.883  0.200E-03  0.800E-02  0.176E-01  0.520E-04
  21060.00  0.280E+00 -0.286E-01 -0.186E-03 -0.572E+02    299.884  0.200E-03  0.800E-02  0.176E-01  0.520E-04
  21120.00  0.280E+00 -0.286E-01 -0.186E-03 -0.570E+02    299.886  0.200E-03  0.800E-02  0.176E-01  0.520E-04
  21180.00  0.280E+00 -0.286E-01 -0.186E-03 -0.569E+02    299.887  0.200E-03  0.800E-02  0.176E-01  0.520E-04
  21240.00  0.280E+00 -0.286E-01 -0.186E-03 -0.568E+02    299.889  0.200E-03  0.800E-02  0.176E-01  0.520E-04
  21300.00  0.280E+00 -0.286E-01 -0.186E-03 -0.567E+02    299.890  0.200E-03  0.800E-02  0.176E-01  0.520E-04
  21360.00  0.280E+00 -0.286E-01 -0.186E-03 -0.566E+02    299.891  0.200E-03  0.800E-02  0.176E-01  0.520E-04
  21420.00  0.280E+00 -0.286E-01 -0.186E-03 -0.565E+02    299.892  0.200E-03  0.800E-02  0.176E-01  0.520E-04
  21480.00  0.280E+00 -0.286E-01 -0.186E-03 -0.564E+02    299.893  0.200E-03  0.800E-02  0.176E-01  0.520E-04
  21540.00  0.280E+00 -0.286E-01 -0.186E-03 -0.564E+02    299.894  0.200E-03  0.800E-02  0.176E-01  0.520E-04
  21600.00  0.280E+00 -0.286E-01 -0.186E-03 -0.563E+02    299.895  0.200E-03  0.800E-02  0.176E-01  0.520E-04
  21660.00  0.280E+00 -0.286E-01 -0.186E-03 -0.563E+02    299.896  0.200E-03  0.800E-02  0.176E-01  0.520E-04
  21720.00  0.280E+00 -0.286E-01 -0.186E-03 -0.562E+02    299.897  0.200E-03  0.800E-02  0.176E-01  0.520E-04
  21780.00  0.280E+00 -0.286E-01 -0.186E-03 -0.561E+02    299.898  0.200E-03  0.800E-02  0.176E-01  0.520E-04
  21840.00  0.280E+00 -0.286E-01 -0.186E-03 -0.560E+02    299.899  0.200E-03  0.800E-02  0.176E-01  0.520E-04
  21900.00  0.280E+00 -0.286E-01 -0.186E-03 -0.559E+02    299.900  0.200E-03  0.800E-02  0.176E-01  0.520E-04
  21960.00  0.280E+00 -0.286E-01 -0.186E-03 -0.558E+02    299.901  0.200E-03  0.800E-02  0.176E-01  0.520E-04
  22020.00  0.280E+00 -0.286E-01 -0.186E-03 -0.557E+02    299.902  0.200E-03  0.800E-02  0.176E-01  0.520E-04
  22080.00  0.280E+00 -0.286E-01 -0.186E-03 -0.556E+02    299.904  0.200E-03  0.800E-02  0.176E-01  0.520E-04
  22140.00  0.280E+00 -0.286E-01 -0.186E-03 -0.555E+02    299.905  0.200E-03  0.800E-02  0.176E-01  0.520E-04
  22200.00  0.280E+00 -0.286E-01 -0.186E-03 -0.554E+02    299.906  0.200E-03  0.800E-02  0.176E-01  0.520E-04
  22260.00  0.280E+00 -0.286E-01 -0.186E-03 -0.554E+02    299.907  0.200E-03  0.800E-02  0.176E-01  0.520E-04
  22320.00  0.280E+00 -0.286E-01 -0.186E-03 -0.554E+02    299.908  0.200E-03  0.800E-02  0.176E-01  0.520E-04
  22380.00  0.280E+00 -0.286E-01 -0.186E-03 -0.554E+02    299.908  0.200E-03  0.800E-02  0.176E-01  0.520E-04
  22440.00  0.280E+00 -0.286E-01 -0.186E-03 -0.553E+02    299.909  0.200E-03  0.800E-02  0.176E-01  0.520E-04
  22500.00  0.280E+00 -0.286E-01 -0.186E-03 -0.553E+02    299.910  0.200E-03  0.800E-02  0.176E-01  0.520E-04
  22560.00  0.280E+00 -0.286E-01 -0.186E-03 -0.553E+02    299.911  0.200E-03  0.800E-02  0.176E-01  0.520E-04
  22620.00  0.280E+00 -0.286E-01 -0.186E-03 -0.553E+02    299.912  0.200E-03  0.800E-02  0.176E-01  0.520E-04
  22680.00  0.280E+00 -0.286E-01 -0.186E-03 -0.554E+02    299.913  0.200E-03  0.800E-02  0.176E-01  0.520E-04
  22740.00  0.280E+00 -0.286E-01 -0.186E-03 -0.554E+02    299.914  0.200E-03  0.800E-02  0.176E-01  0.520E-04
  22800.00  0.280E+00 -0.286E-01 -0.186E-03 -0.554E+02    299.915  0.200E-03  0.800E-02  0.176E-01  0.520E-04
  22860.00  0.280E+00 -0.286E-01 -0.186E-03 -0.554E+02    299.916  0.200E-03  0.800E-02  0.176E-01  0.520E-04
  22920.00  0.280E+00 -0.286E-01 -0.186E-03 -0.554E+02    299.917  0.200E-03  0.800E-02  0.176E-01  0.520E-04
  22980.00  0.280E+00 -0.286E-01 -0.186E-03 -0.554E+02    299.918  0.200E-03  0.800E-02  0.176E-01  0.520E-04
  23040.00  0.280E+00 -0.286E-01 -0.186E-03 -0.555E+02    299.919  0.200E-03  0.800E-02  0.176E-01  0.520E-04
  23100.00  0.280E+00 -0.286E-01 -0.186E-03 -0.555E+02    299.921  0.200E-03  0.800E-02  0.176E-01  0.520E-04
  23160.00  0.280E+00 -0.286E-01 -0.186E-03 -0.556E+02    299.922  0.200E-03  0.800E-02  0.176E-01  0.520E-04
  23220.00  0.280E+00 -0.286E-01 -0.186E-03 -0.556E+02    299.923  0.200E-03  0.800E-02  0.176E-01  0.520E-04
  23280.00  0.280E+00 -0.286E-01 -0.186E-03 -0.557E+02    299.924  0.200E-03  0.800E-02  0.176E-01  0.520E-04
  23340.00  0.280E+00 -0.286E-01 -0.186E-03 -0.558E+02    299.925  0.200E-03  0.800E-02  0.176E-01  0.520E-04
  23400.00  0.280E+00 -0.286E-01 -0.186E-03 -0.559E+02    299.925  0.200E-03  0.800E-02  0.176E-01  0.520E-04
  23460.00  0.280E+00 -0.286E-01 -0.186E-03 -0.560E+02    299.926  0.200E-03  0.800E-02  0.176E-01  0.520E-04
  23520.00  0.280E+00 -0.286E-01 -0.186E-03 -0.562E+02    299.927  0.200E-03  0.800E-02  0.176E-01  0.520E-04
  23580.00  0.280E+00 -0.286E-01 -0.186E-03 -0.563E+02    299.927  0.200E-03  0.800E-02  0.176E-01  0.520E-04
  23640.00  0.280E+00 -0.286E-01 -0.186E-03 -0.564E+02    299.928  0.200E-03  0.800E-02  0.176E-01  0.520E-04
  23700.00  0.280E+00 -0.286E-01 -0.186E-03 -0.565E+02    299.929  0.200E-03  0.800E-02  0.176E-01  0.520E-04
  23760.00  0.280E+00 -0.286E-01 -0.186E-03 -0.565E+02    299.930  0.200E-03  0.800E-02  0.176E-01  0.520E-04
  23820.00  0.280E+00 -0.286E-01 -0.186E-03 -0.566E+02    299.930  0.200E-03  0.800E-02  0.176E-01  0.520E-04
  23880.00  0.280E+00 -0.286E-01 -0.186E-03 -0.566E+02    299.931  0.200E-03  0.800E-02  0.176E-01  0.520E-04
  23940.00  0.280E+00 -0.286E-01 -0.186E-03 -0.566E+02    299.932  0.200E-03  0.800E-02  0.176E-01  0.520E-04
  24000.00  0.280E+00 -0.286E-01 -0.186E-03 -0.566E+02    299.933  0.200E-03  0.800E-02  0.176E-01  0.520E-04
  24060.00  0.280E+00 -0.286E-01 -0.186E-03 -0.566E+02    299.934  0.200E-03  0.800E-02  0.176E-01  0.520E-04
  24120.00  0.280E+00 -0.286E-01 -0.186E-03 -0.566E+02    299.935  0.200E-03  0.800E-02  0.176E-01  0.520E-04
  24180.00  0.280E+00 -0.286E-01 -0.186E-03 -0.566E+02    299.936  0.200E-03  0.800E-02  0.176E-01  0.520E-04
  24240.00  0.280E+00 -0.286E-01 -0.186E-03 -0.566E+02    299.937  0.200E-03  0.800E-02  0.176E-01  0.520E-04
  24300.00  0.280E+00 -0.286E-01 -0.186E-03 -0.566E+02    299.938  0.200E-03  0.800E-02  0.176E-01  0.520E-04
  24360.00  0.280E+00 -0.286E-01 -0.186E-03 -0.565E+02    299.939  0.200E-03  0.800E-02  0.176E-01  0.520E-04
  24420.00  0.280E+00 -0.286E-01 -0.186E-03 -0.565E+02    299.940  0.200E-03  0.800E-02  0.176E-01  0.520E-04
  24480.00  0.280E+00 -0.286E-01 -0.186E-03 -0.564E+02    299.941  0.200E-03  0.800E-02  0.176E-01  0.520E-04
  24540.00  0.280E+00 -0.286E-01 -0.186E-03 -0.563E+02    299.943  0.200E-03  0.800E-02  0.176E-01  0.520E-04
  24600.00  0.280E+00 -0.286E-01 -0.186E-03 -0.562E+02    299.944  0.200E-03  0.800E-02  0.176E-01  0.520E-04
  24660.00  0.280E+00 -0.286E-01 -0.186E-03 -0.561E+02    299.946  0.200E-03  0.800E-02  0.176E-01  0.520E-04
  24720.00  0.280E+00 -0.286E-01 -0.186E-03 -0.560E+02    299.948  0.200E-03  0.800E-02  0.176E-01  0.520E-04
  24780.00  0.280E+00 -0.286E-01 -0.186E-03 -0.559E+02    299.950  0.200E-03  0.800E-02  0.176E-01  0.520E-04
  24840.00  0.280E+00 -0.286E-01 -0.186E-03 -0.558E+02    299.951  0.200E-03  0.800E-02  0.176E-01  0.520E-04
  24900.00  0.280E+00 -0.286E-01 -0.186E-03 -0.557E+02    299.953  0.200E-03  0.800E-02  0.176E-01  0.520E-04
  24960.00  0.280E+00 -0.286E-01 -0.186E-03 -0.556E+02    299.955  0.200E-03  0.800E-02  0.176E-01  0.520E-04
  25020.00  0.280E+00 -0.286E-01 -0.186E-03 -0.554E+02    299.957  0.200E-03  0.800E-02  0.176E-01  0.520E-04
  25080.00  0.280E+00 -0.286E-01 -0.186E-03 -0.553E+02    299.959  0.200E-03  0.800E-02  0.176E-01  0.520E-04
  25140.00  0.280E+00 -0.286E-01 -0.186E-03 -0.551E+02    299.961  0.200E-03  0.800E-02  0.176E-01  0.520E-04
  25200.00  0.280E+00 -0.286E-01 -0.186E-03 -0.550E+02    299.963  0.200E-03  0.800E-02  0.176E-01  0.520E-04
  25260.00  0.280E+00 -0.286E-01 -0.186E-03 -0.548E+02    299.965  0.200E-03  0.800E-02  0.176E-01  0.520E-04
  25320.00  0.280E+00 -0.286E-01 -0.186E-03 -0.547E+02    299.966  0.200E-03  0.800E-02  0.176E-01  0.520E-04
  25380.00  0.280E+00 -0.286E-01 -0.186E-03 -0.545E+02    299.968  0.200E-03  0.800E-02  0.176E-01  0.520E-04
  25440.00  0.280E+00 -0.286E-01 -0.186E-03 -0.544E+02    299.970  0.200E-03  0.800E-02  0.176E-01  0.520E-04
  25500.00  0.280E+00 -0.286E-01 -0.186E-03 -0.543E+02    299.971  0.200E-03  0.800E-02  0.176E-01  0.520E-04
  25560.00  0.280E+00 -0.286E-01 -0.186E-03 -0.542E+02    299.973  0.200E-03  0.800E-02  0.176E-01  0.520E-04
  25620.00  0.280E+00 -0.286E-01 -0.186E-03 -0.541E+02    299.974  0.200E-03  0.800E-02  0.176E-01  0.520E-04
  25680.00  0.280E+00 -0.286E-01 -0.186E-03 -0.541E+02    299.975  0.200E-03  0.800E-02  0.176E-01  0.520E-04
  25740.00  0.280E+00 -0.286E-01 -0.186E-03 -0.540E+02    299.977  0.200E-03  0.800E-02  0.176E-01  0.520E-04
  25800.00  0.280E+00 -0.286E-01 -0.186E-03 -0.540E+02    299.978  0.200E-03  0.800E-02  0.176E-01  0.520E-04
  25860.00  0.280E+00 -0.286E-01 -0.186E-03 -0.539E+02    299.979  0.200E-03  0.800E-02  0.176E-01  0.520E-04
  25920.00  0.280E+00 -0.286E-01 -0.186E-03 -0.539E+02    299.980  0.200E-03  0.800E-02  0.176E-01  0.520E-04
  25980.00  0.280E+00 -0.286E-01 -0.186E-03 -0.539E+02    299.981  0.200E-03  0.800E-02  0.176E-01  0.520E-04
  26040.00  0.280E+00 -0.286E-01 -0.186E-03 -0.538E+02    299.982  0.200E-03  0.800E-02  0.176E-01  0.520E-04
  26100.00  0.280E+00 -0.286E-01 -0.186E-03 -0.538E+02    299.983  0.200E-03  0.800E-02  0.176E-01  0.520E-04
  26160.00  0.280E+00 -0.286E-01 -0.186E-03 -0.538E+02    299.983  0.200E-03  0.800E-02  0.176E-01  0.520E-04
  26220.00  0.280E+00 -0.286E-01 -0.186E-03 -0.537E+02    299.984  0.200E-03  0.800E-02  0.176E-01  0.520E-04
  26280.00  0.280E+00 -0.286E-01 -0.186E-03 -0.537E+02    299.985  0.200E-03  0.800E-02  0.176E-01  0.520E-04
  26340.00  0.280E+00 -0.286E-01 -0.186E-03 -0.536E+02    299.987  0.200E-03  0.800E-02  0.176E-01  0.520E-04
  26400.00  0.280E+00 -0.286E-01 -0.186E-03 -0.535E+02    299.988  0.200E-03  0.800E-02  0.176E-01  0.520E-04
  26460.00  0.280E+00 -0.286E-01 -0.186E-03 -0.534E+02    299.989  0.200E-03  0.800E-02  0.176E-01  0.520E-04
  26520.00  0.280E+00 -0.286E-01 -0.186E-03 -0.532E+02    299.991  0.200E-03  0.800E-02  0.176E-01  0.520E-04
  26580.00  0.280E+00 -0.286E-01 -0.186E-03 -0.531E+02    299.992  0.200E-03  0.800E-02  0.176E-01  0.520E-04
  26640.00  0.280E+00 -0.286E-01 -0.186E-03 -0.530E+02    299.994  0.200E-03  0.800E-02  0.176E-01  0.520E-04
  26700.00  0.280E+00 -0.286E-01 -0.186E-03 -0.529E+02    299.995  0.200E-03  0.800E-02  0.176E-01  0.520E-04
  26760.00  0.280E+00 -0.286E-01 -0.186E-03 -0.528E+02    299.997  0.200E-03  0.800E-02  0.176E-01  0.520E-04
  26820.00  0.280E+00 -0.286E-01 -0.186E-03 -0.527E+02    299.998  0.200E-03  0.800E-02  0.176E-01  0.520E-04
  26880.00  0.280E+00 -0.286E-01 -0.186E-03 -0.526E+02    299.999  0.200E-03  0.800E-02  0.176E-01  0.520E-04
  26940.00  0.280E+00 -0.286E-01 -0.186E-03 -0.526E+02    300.000  0.200E-03  0.800E-02  0.176E-01  0.520E-04
  27000.00  0.280E+00 -0.286E-01 -0.186E-03 -0.525E+02    300.000  0.200E-03  0.800E-02  0.176E-01  0.520E-04
  27060.00  0.280E+00 -0.286E-01 -0.186E-03 -0.525E+02    300.001  0.200E-03  0.800E-02  0.176E-01  0.520E-04
  27120.00  0.280E+00 -0.286E-01 -0.186E-03 -0.524E+02    300.002  0.200E-03  0.800E-02  0.176E-01  0.520E-04
  27180.00  0.280E+00 -0.286E-01 -0.186E-03 -0.524E+02    300.003  0.200E-03  0.800E-02  0.176E-01  0.520E-04
  27240.00  0.280E+00 -0.286E-01 -0.186E-03 -0.524E+02    300.003  0.200E-03  0.800E-02  0.176E-01  0.520E-04
  27300.00  0.280E+00 -0.286E-01 -0.186E-03 -0.524E+02    300.004  0.200E-03  0.800E-02  0.176E-01  0.520E-04
  27360.00  0.280E+00 -0.286E-01 -0.186E-03 -0.524E+02    300.004  0.200E-03  0.800E-02  0.176E-01  0.520E-04
  27420.00  0.280E+00 -0.286E-01 -0.186E-03 -0.524E+02    300.005  0.200E-03  0.800E-02  0.176E-01  0.520E-04
  27480.00  0.280E+00 -0.286E-01 -0.186E-03 -0.525E+02    300.005  0.200E-03  0.800E-02  0.176E-01  0.520E-04
  27540.00  0.280E+00 -0.286E-01 -0.186E-03 -0.525E+02    300.006  0.200E-03  0.800E-02  0.176E-01  0.520E-04
  27600.00  0.280E+00 -0.286E-01 -0.186E-03 -0.526E+02    300.006  0.200E-03  0.800E-02  0.176E-01  0.520E-04
  27660.00  0.280E+00 -0.286E-01 -0.186E-03 -0.527E+02    300.006  0.200E-03  0.800E-02  0.176E-01  0.520E-04
  27720.00  0.280E+00 -0.286E-01 -0.186E-03 -0.527E+02    300.007  0.200E-03  0.800E-02  0.176E-01  0.520E-04
  27780.00  0.280E+00 -0.286E-01 -0.186E-03 -0.528E+02    300.007  0.200E-03  0.800E-02  0.176E-01  0.520E-04
  27840.00  0.280E+00 -0.286E-01 -0.186E-03 -0.529E+02    300.008  0.200E-03  0.800E-02  0.176E-01  0.520E-04
  27900.00  0.280E+00 -0.286E-01 -0.186E-03 -0.530E+02    300.008  0.200E-03  0.800E-02  0.176E-01  0.520E-04
  27960.00  0.280E+00 -0.286E-01 -0.186E-03 -0.530E+02    300.008  0.200E-03  0.800E-02  0.176E-01  0.520E-04
  28020.00  0.280E+00 -0.286E-01 -0.186E-03 -0.531E+02    300.009  0.200E-03  0.800E-02  0.176E-01  0.520E-04
  28080.00  0.280E+00 -0.286E-01 -0.186E-03 -0.532E+02    300.010  0.200E-03  0.800E-02  0.176E-01  0.520E-04
  28140.00  0.280E+00 -0.286E-01 -0.186E-03 -0.532E+02    300.011  0.200E-03  0.800E-02  0.176E-01  0.520E-04
  28200.00  0.280E+00 -0.286E-01 -0.186E-03 -0.532E+02    300.012  0.200E-03  0.800E-02  0.176E-01  0.520E-04
  28260.00  0.280E+00 -0.286E-01 -0.186E-03 -0.532E+02    300.013  0.200E-03  0.800E-02  0.176E-01  0.520E-04
  28320.00  0.280E+00 -0.286E-01 -0.186E-03 -0.532E+02    300.014  0.200E-03  0.800E-02  0.176E-01  0.520E-04
  28380.00  0.280E+00 -0.286E-01 -0.186E-03 -0.532E+02    300.015  0.200E-03  0.800E-02  0.176E-01  0.520E-04
  28440.00  0.280E+00 -0.286E-01 -0.186E-03 -0.532E+02    300.017  0.200E-03  0.800E-02  0.176E-01  0.520E-04
  28500.00  0.280E+00 -0.286E-01 -0.186E-03 -0.532E+02    300.018  0.200E-03  0.800E-02  0.176E-01  0.520E-04
  28560.00  0.280E+00 -0.286E-01 -0.186E-03 -0.532E+02    300.019  0.200E-03  0.800E-02  0.176E-01  0.520E-04
  28620.00  0.280E+00 -0.286E-01 -0.186E-03 -0.533E+02    300.021  0.200E-03  0.800E-02  0.176E-01  0.520E-04
  28680.00  0.280E+00 -0.286E-01 -0.186E-03 -0.533E+02    300.022  0.200E-03  0.800E-02  0.176E-01  0.520E-04
  28740.00  0.280E+00 -0.286E-01 -0.186E-03 -0.534E+02    300.023  0.200E-03  0.800E-02  0.176E-01  0.520E-04
  28800.00  0.280E+00 -0.286E-01 -0.186E-03 -0.534E+02    300.024  0.200E-03  0.800E-02  0.176E-01  0.520E-04
