#  time      cc     z_cbase    z_ctop_avg  z_ctop_max      zi         we   <<ql>>  <<ql>>_max   w_max   tke     ql_max
     60.00 0.000       0.000       0.000       0.000       0.000    0.0002    0.000    0.000    0.186  616.624    0.000
    120.00 0.000       0.000       0.000       0.000       0.000    0.0002    0.000    0.000    0.288  417.115    0.000
    180.00 0.000       0.000       0.000       0.000       0.000    0.0002    0.000    0.000    0.319  300.175    0.000
    240.00 0.000       0.000       0.000       0.000       0.000    0.0002    0.000    0.000    0.288  225.844    0.000
    300.00 0.000       0.000       0.000       0.000       0.000    0.0002    0.000    0.000    0.231  176.616    0.000
    360.00 0.000       0.000       0.000       0.000       0.000    0.0002    0.000    0.000    0.264  143.440    0.000
    420.00 0.000       0.000       0.000       0.000       0.000    0.0002    0.000    0.000    0.297  121.171    0.000
    480.00 0.000       0.000       0.000       0.000       0.000    0.0002    0.000    0.000    0.335  105.765    0.000
    540.00 0.000       0.000       0.000       0.000       0.000    0.0002    0.000    0.000    0.377   93.945    0.000
    600.00 0.000       0.000       0.000       0.000       0.000    0.0002    0.000    0.000    0.406   84.656    0.000
    660.00 0.000       0.000       0.000       0.000       0.000    0.0002    0.000    0.000    0.485   78.072    0.000
    720.00 0.000       0.000       0.000       0.000       0.000    0.0002    0.000    0.000    0.549   73.740    0.000
    780.00 0.000       0.000       0.000       0.000       0.000    0.0002    0.000    0.000    0.578   70.927    0.000
    840.00 0.000       0.000       0.000       0.000       0.000    0.0002    0.000    0.000    0.643   69.141    0.000
    900.00 0.000       0.000       0.000       0.000       0.000    0.0002    0.000    0.000    0.723   67.923    0.000
    960.00 0.000       0.000       0.000       0.000       0.000    0.0002    0.000    0.000    0.732   67.304    0.000
   1020.00 0.000       0.000       0.000       0.000       0.000    0.0002    0.000    0.000    0.711   67.758    0.000
   1080.00 0.000       0.000       0.000       0.000       0.000    0.0002    0.000    0.000    0.799   69.281    0.000
   1140.00 0.000       0.000       0.000       0.000       0.000    0.0002    0.000    0.000    0.845   71.506    0.000
   1200.00 0.000     580.000       0.000     580.000       0.000    0.0002    0.000    0.693    0.922   74.416    0.016
   1260.00 0.001     560.000       0.000     580.000       0.000    0.0002    0.001    3.356    1.034   78.180    0.075
   1320.00 0.004     567.500       0.000     580.000       0.000    0.0002    0.006    4.413    1.094   82.915    0.079
   1380.00 0.007     566.207      20.000     580.000       0.000    0.0002    0.020    8.368    1.191   88.812    0.106
   1440.00 0.015     565.333       0.000     660.000       0.000    0.0002    0.048   11.399    1.393   95.942    0.177
   1500.00 0.024     565.600       0.000     660.000       0.000    0.0002    0.105   21.717    1.587  104.202    0.256
   1560.00 0.039     566.087      10.807     660.000       0.000    0.0002    0.200   35.870    1.745  113.567    0.335
   1620.00 0.056     565.043       5.739     660.000       0.000    0.0002    0.362   60.070    2.299  124.050    0.489
   1680.00 0.071     564.913       7.889     700.000       0.000    0.0002    0.615   98.074    2.746  135.576    0.658
   1740.00 0.089     566.703      10.220     740.000       0.000    0.0002    0.960  142.212    2.792  148.050    0.819
   1800.00 0.104     568.545      10.798     740.000       0.000    0.0002    1.416  174.696    3.621  161.277    0.872
   1860.00 0.123     568.968       4.603     740.000       0.000    0.0002    1.957  202.990    3.843  174.852    0.949
   1920.00 0.135     568.757       4.324     820.000       0.000    0.0002    2.625  255.822    3.507  188.655    0.934
   1980.00 0.153     571.680       8.192    1300.000       0.000    0.0002    3.370  280.674    3.600  202.412    0.964
   2040.00 0.167     575.256       8.170    1300.000       0.000    0.0002    4.164  323.666    3.749  215.629    1.025
   2100.00 0.174     580.113       4.895    1300.000       0.000    0.0002    4.969  359.060    4.063  228.009    1.149
   2160.00 0.182     584.611       7.909    1300.000       0.000    0.0002    5.721  353.921    4.249  239.106    1.170
   2220.00 0.184     589.642       9.086    1300.000       0.000    0.0002    6.427  384.437    4.507  248.446    1.134
   2280.00 0.189     597.209       7.804    1340.000       0.000    0.0002    6.961  349.962    4.388  255.533    1.067
   2340.00 0.190     602.909       4.350    1340.000       0.000    0.0002    7.332  349.582    4.155  260.742    1.161
   2400.00 0.191     604.277       7.964    1300.000       0.000    0.0002    7.549  379.667    4.615  264.055    1.273
   2460.00 0.189     607.732       6.753    1340.000       0.000    0.0002    7.559  398.455    4.870  265.332    1.164
   2520.00 0.186     614.495       8.336    1380.000       0.000    0.0002    7.372  441.495    4.627  264.278    1.230
   2580.00 0.184     619.840       9.947    1420.000       0.000    0.0002    7.004  502.620    4.361  261.408    1.235
   2640.00 0.182     621.826       7.490    1460.000       0.000    0.0002    6.586  564.257    4.499  257.280    1.264
   2700.00 0.170     619.771       7.450    1460.000       0.000    0.0002    6.080  635.260    4.790  252.238    1.329
   2760.00 0.168     625.217       8.377    1460.000       0.000    0.0002    5.560  725.944    5.208  246.040    1.414
   2820.00 0.159     621.534       4.172    1380.000       0.000    0.0002    5.163  723.359    4.600  238.777    1.512
   2880.00 0.155     622.464       4.961    1380.000       0.000    0.0002    4.949  611.128    3.719  231.657    1.067
   2940.00 0.148     619.274       4.224    1340.000       0.000    0.0002    4.859  585.599    4.071  225.889    1.190
   3000.00 0.144     625.850       7.517    1420.000       0.000    0.0002    4.783  560.587    4.358  220.967    1.256
   3060.00 0.139     628.239      11.092    1300.000       0.000    0.0002    4.698  516.693    4.452  216.838    1.268
   3120.00 0.134     633.236       4.680    1380.000       0.000    0.0002    4.608  503.745    4.892  213.461    1.355
   3180.00 0.130     632.383       8.330    1460.000       0.000    0.0002    4.437  442.579    5.228  209.670    1.255
   3240.00 0.129     637.457       5.958    1540.000       0.000    0.0002    4.172  481.761    5.707  205.460    1.495
   3300.00 0.128     647.276       5.295    1340.000       0.000    0.0002    3.867  511.294    6.114  201.154    1.399
   3360.00 0.126     650.757       5.126    1340.000       0.000    0.0002    3.524  508.356    4.787  196.668    1.120
   3420.00 0.116     651.561       5.781    1340.000       0.000    0.0002    3.163  397.737    4.357  193.185    1.344
   3480.00 0.108     651.982       3.874    1420.000       0.000    0.0002    2.816  386.773    4.444  190.992    1.246
   3540.00 0.100     651.373       8.480    1460.000       0.000    0.0002    2.575  427.327    4.900  188.783    1.165
   3600.00 0.095     644.859       5.678    1380.000       0.000    0.0002    2.452  452.128    4.485  186.126    1.028
   3660.00 0.097     634.975       5.276    1460.000       0.000    0.0002    2.376  486.143    4.096  183.765    1.275
   3720.00 0.095     633.676       6.067    1340.000       0.000    0.0002    2.281  586.041    4.474  182.317    1.549
   3780.00 0.095     634.731       3.171    1340.000       0.000    0.0002    2.117  692.452    5.091  181.761    1.744
   3840.00 0.092     626.400       6.613    1380.000       0.000    0.0002    1.883  641.062    4.185  180.838    1.317
   3900.00 0.096     625.306       3.469    1460.000       0.000    0.0002    1.654  607.687    3.864  179.429    1.304
   3960.00 0.095     623.599       6.992    1300.000       0.000    0.0002    1.462  536.894    2.601  178.337    0.993
   4020.00 0.098     616.030       9.231    1300.000       0.000    0.0002    1.279  425.666    2.688  176.988    0.997
   4080.00 0.096     614.198      11.959    1380.000       0.000    0.0002    1.125  295.236    2.796  175.606    0.894
   4140.00 0.099     610.222       4.296    1300.000       0.000    0.0002    1.057  184.874    2.590  174.828    0.587
   4200.00 0.101     604.213       4.794    1300.000       0.000    0.0002    1.049  179.762    3.044  174.924    0.724
   4260.00 0.102     603.923       5.837    1100.000       0.000    0.0002    1.130  203.374    3.406  175.585    0.871
   4320.00 0.105     598.148       4.213    1060.000       0.000    0.0002    1.289  228.490    3.587  176.968    0.815
   4380.00 0.103     596.817       8.836    1300.000       0.000    0.0002    1.524  260.069    3.185  178.809    0.745
   4440.00 0.107     603.105       7.260    1300.000       0.000    0.0002    1.833  285.497    3.199  180.576    0.886
   4500.00 0.109     604.305       2.691    1300.000       0.000    0.0002    2.190  313.082    3.475  182.777    0.967
   4560.00 0.116     605.063      11.519    1380.000       0.000    0.0002    2.578  335.279    4.282  185.838    1.153
   4620.00 0.117     605.887       7.557    1340.000       0.000    0.0002    2.935  360.516    4.378  189.365    1.314
   4680.00 0.118     608.714       7.718    1300.000       0.000    0.0002    3.228  376.213    4.511  193.047    1.383
   4740.00 0.122     607.390      13.936    1300.000       0.000    0.0002    3.493  357.293    4.372  197.011    1.127
   4800.00 0.121     614.044       9.256    1340.000       0.000    0.0002    3.678  390.398    4.481  200.846    1.230
   4860.00 0.122     612.894       6.667    1500.000       0.000    0.0002    3.783  470.087    4.894  204.485    1.330
   4920.00 0.126     610.990       9.476    1380.000       0.000    0.0002    3.871  488.383    4.700  207.795    1.147
   4980.00 0.128     610.611      10.000    1460.000       0.000    0.0002    3.917  447.653    4.284  210.374    1.070
   5040.00 0.133     609.872       8.073    1460.000       0.000    0.0002    3.922  388.554    4.100  212.378    1.034
   5100.00 0.133     609.171       9.576    1300.000       0.000    0.0002    3.878  284.966    3.535  214.064    1.040
   5160.00 0.136     612.773       8.658    1340.000       0.000    0.0002    3.876  251.363    3.994  215.815    1.087
   5220.00 0.141     611.806      13.576    1460.000       0.000    0.0002    3.991  277.032    4.143  217.692    1.065
   5280.00 0.141     615.000      11.458    1460.000       0.000    0.0002    4.213  328.818    3.836  219.631    0.984
   5340.00 0.145     613.535       9.428    1500.000       0.000    0.0002    4.477  355.910    3.979  221.757    1.043
   5400.00 0.143     610.733       7.598    1300.000       0.000    0.0002    4.756  388.090    3.878  224.205    1.213
   5460.00 0.142     613.333      11.168    1420.000       0.000    0.0002    5.070  450.521    4.293  227.564    1.019
   5520.00 0.143     618.498      11.399    1460.000       0.000    0.0002    5.455  553.356    4.892  232.033    1.192
   5580.00 0.145     628.687       5.253    1380.000       0.000    0.0002    5.945  696.877    5.509  237.137    1.449
   5640.00 0.147     628.079       5.762    1380.000       0.000    0.0002    6.498  797.020    5.958  242.223    1.555
   5700.00 0.150     625.065      10.097    1420.000       0.000    0.0002    6.981  787.331    5.414  245.764    1.717
   5760.00 0.148     629.079       9.507    1420.000       0.000    0.0002    7.321  699.431    5.177  248.269    1.346
   5820.00 0.150     634.202       8.469    1420.000       0.000    0.0002    7.604  657.641    5.827  252.543    1.296
   5880.00 0.146     636.549       8.811    1500.000       0.000    0.0002    7.865  629.973    6.003  257.948    1.417
   5940.00 0.146     639.296       3.317    1460.000       0.000    0.0002    8.154  671.626    5.466  262.725    1.506
   6000.00 0.151     642.366       6.353    1420.000       0.000    0.0002    8.372  640.955    5.879  266.533    1.569
   6060.00 0.151     640.194       5.146    1420.000       0.000    0.0002    8.472  569.131    6.972  270.519    1.599
   6120.00 0.146     646.311       8.815    1460.000       0.000    0.0002    8.483  718.328    7.107  274.264    1.587
   6180.00 0.149     650.327       6.275    1460.000       0.000    0.0002    8.365  751.520    5.484  277.102    1.493
   6240.00 0.143     658.014       5.582    1420.000       0.000    0.0002    8.173  773.265    6.473  279.330    1.896
   6300.00 0.140     659.092       4.887    1420.000       0.000    0.0002    7.838  919.982    6.497  279.326    1.837
   6360.00 0.139     654.025      14.657    1460.000       0.000    0.0002    7.380  936.179    5.078  277.719    1.537
   6420.00 0.135     655.226       5.895    1420.000       0.000    0.0002    6.913  853.479    5.981  275.980    1.882
   6480.00 0.136     652.760       7.168    1460.000       0.000    0.0002    6.441  714.178    4.051  273.722    1.263
   6540.00 0.136     647.289       7.935    1500.000       0.000    0.0002    6.058  500.984    3.965  271.403    1.096
   6600.00 0.133     639.227       2.431    1460.000       0.000    0.0002    5.858  552.419    4.860  270.534    1.131
   6660.00 0.131     639.403       6.007    1380.000       0.000    0.0002    5.923  625.759    5.717  271.949    1.493
   6720.00 0.129     631.774       4.755    1460.000       0.000    0.0002    6.257  744.004    6.134  273.460    1.543
   6780.00 0.132     633.210       4.972    1500.000       0.000    0.0002    6.625  813.017    6.362  274.190    1.870
   6840.00 0.132     640.779       8.237    1540.000       0.000    0.0002    6.860  807.102    5.992  275.242    1.811
   6900.00 0.131     650.131      11.701    1460.000       0.000    0.0002    6.887  876.025    6.735  276.153    2.021
   6960.00 0.132     647.037       8.593    1500.000       0.000    0.0002    6.677  995.993    6.373  275.736    1.776
   7020.00 0.136     646.118       6.655    1540.000       0.000    0.0002    6.277  930.020    4.595  275.544    1.397
   7080.00 0.141     653.080       7.370    1620.000       0.000    0.0002    5.964  789.646    4.869  275.462    1.419
   7140.00 0.138     644.468       3.191    1540.000       0.000    0.0002    5.679  721.132    4.974  271.822    1.284
   7200.00 0.137     644.714       1.250    1500.000       0.000    0.0002    5.485  561.216    5.398  268.656    1.163
   7260.00 0.137     651.000       7.929    1500.000       0.000    0.0002    5.397  522.352    5.605  268.451    1.306
   7320.00 0.131     645.102      10.912    1500.000       0.000    0.0002    5.377  621.477    6.016  269.107    1.387
   7380.00 0.132     661.185       4.519    1420.000       0.000    0.0002    5.344  641.536    5.565  269.532    1.630
   7440.00 0.130     659.475       6.867    1420.000       0.000    0.0002    5.245  749.080    6.190  269.149    1.769
   7500.00 0.128     663.574       5.894    1420.000       0.000    0.0002    5.062  781.022    5.255  267.262    1.615
   7560.00 0.131     660.822       8.673    1460.000       0.000    0.0002    4.836  697.788    4.142  266.040    1.188
   7620.00 0.125     667.137      10.863    1540.000       0.000    0.0002    4.643  578.736    4.370  266.545    1.155
   7680.00 0.124     653.518       3.676    1420.000       0.000    0.0002    4.479  396.155    5.079  266.836    1.412
   7740.00 0.123     660.875       7.913    1380.000       0.000    0.0002    4.340  432.412    5.177  266.654    1.418
   7800.00 0.126     656.680       3.514    1460.000       0.000    0.0002    4.195  397.306    5.002  265.295    1.341
   7860.00 0.122     647.735       7.174    1460.000       0.000    0.0002    4.004  418.778    4.745  263.331    1.171
   7920.00 0.124     646.824      10.533    1460.000       0.000    0.0002    3.767  317.104    3.816  262.515    1.028
   7980.00 0.120     649.209       7.262    1420.000       0.000    0.0002    3.609  283.925    3.999  263.393    0.902
   8040.00 0.123     646.322       6.243    1420.000       0.000    0.0002    3.591  308.126    3.966  264.421    1.015
   8100.00 0.120     636.748       6.789    1380.000       0.000    0.0002    3.701  296.280    4.533  264.570    1.001
   8160.00 0.126     643.767       8.155    1460.000       0.000    0.0002    3.942  319.779    5.080  264.741    1.076
   8220.00 0.128     638.479      10.038    1300.000       0.000    0.0002    4.267  392.203    5.276  266.140    1.131
   8280.00 0.127     634.280       1.267    1340.000       0.000    0.0002    4.682  470.809    4.863  268.884    1.100
   8340.00 0.125     635.625       8.398    1460.000       0.000    0.0002    5.124  487.682    5.403  272.168    1.193
   8400.00 0.122     643.074       7.545    1420.000       0.000    0.0002    5.528  482.276    4.871  275.990    1.222
   8460.00 0.123     643.413      11.468    1540.000       0.000    0.0002    5.885  465.734    5.141  280.312    1.210
   8520.00 0.121     644.869       2.414    1380.000       0.000    0.0002    6.072  575.701    5.803  284.430    1.375
   8580.00 0.121     652.065       7.328    1420.000       0.000    0.0002    6.159  774.354    5.761  288.329    1.587
   8640.00 0.125     649.063       8.828    1580.000       0.000    0.0002    6.116  957.600    5.970  290.953    1.626
   8700.00 0.124     651.383       6.285    1580.000       0.000    0.0002    6.009 1002.892    5.285  291.445    1.745
   8760.00 0.126     646.977      10.465    1420.000       0.000    0.0002    5.783  943.635    5.331  291.271    1.525
   8820.00 0.120     637.606       6.004    1460.000       0.000    0.0002    5.560  898.701    5.242  291.342    1.496
   8880.00 0.123     642.709      10.319    1460.000       0.000    0.0002    5.367  842.819    5.431  291.462    1.354
   8940.00 0.126     639.029       4.738    1500.000       0.000    0.0002    5.214  725.250    4.918  290.949    1.366
   9000.00 0.133     647.403       8.471    1420.000       0.000    0.0002    5.053  542.817    4.785  289.521    1.434
   9060.00 0.129     646.692       9.490    1460.000       0.000    0.0002    4.894  577.182    5.313  288.167    1.456
   9120.00 0.133     651.176       6.250    1420.000       0.000    0.0002    4.707  640.183    4.687  286.935    1.216
   9180.00 0.134     650.438       9.124    1540.000       0.000    0.0002    4.451  650.023    4.715  285.387    1.709
   9240.00 0.138     646.243       4.374    1420.000       0.000    0.0002    4.304  597.264    4.988  283.781    1.695
   9300.00 0.137     652.429       7.964    1540.000       0.000    0.0002    4.309  518.494    4.505  282.754    1.475
   9360.00 0.134     641.382       6.436    1420.000       0.000    0.0002    4.434  378.195    4.938  283.171    1.128
   9420.00 0.141     651.434       6.701    1460.000       0.000    0.0002    4.609  423.348    5.737  285.347    1.310
   9480.00 0.138     643.646       2.336    1380.000       0.000    0.0002    4.983  547.149    7.062  288.649    1.386
   9540.00 0.139     638.418       8.506    1420.000       0.000    0.0002    5.578  695.916    6.842  293.821    1.492
   9600.00 0.139     645.634       8.944    1380.000       0.000    0.0002    6.309  762.807    6.182  301.932    1.552
   9660.00 0.134     647.007       6.168    1460.000       0.000    0.0002    7.104  928.629    6.918  312.771    1.998
   9720.00 0.136     658.707       9.551    1500.000       0.000    0.0002    7.786 1120.260    7.667  322.016    2.330
   9780.00 0.134     658.691       9.745    1420.000       0.000    0.0002    8.130 1254.642    7.660  326.944    2.795
   9840.00 0.141     661.315       8.443    1940.000       0.000    0.0002    8.103 1083.587    5.184  328.985    2.473
   9900.00 0.136     669.875       9.553    1940.000       0.000    0.0002    7.864  777.143    5.565  333.642    1.654
   9960.00 0.138     674.726       6.088    1660.000       0.000    0.0002    7.511  994.138    5.806  342.557    1.523
  10020.00 0.134     656.867      11.621    1500.000       0.000    0.0002    7.422 1108.538    7.199  346.052    1.648
  10080.00 0.130     656.761      13.409    1940.000       0.000    0.0002    7.586 1136.013    7.097  346.321    1.844
  10140.00 0.131     659.851      15.149    1940.000       0.000    0.0002    7.886 1203.410    8.336  351.580    2.182
  10200.00 0.127     656.994       7.823    1940.000       0.000    0.0002    8.075 1127.269    6.231  358.513    1.981
  10260.00 0.118     654.948       9.482    1940.000       0.000    0.0002    8.077 1095.761    6.296  359.925    2.244
  10320.00 0.125     649.766       9.414    1940.000       0.000    0.0002    7.871 1058.732    6.677  360.092    1.721
  10380.00 0.132     655.028       8.460    1940.000       0.000    0.0002    7.569  930.718    5.594  362.787    1.414
  10440.00 0.129     671.818       5.758    1940.000       0.000    0.0002    7.409  827.661    6.293  364.078    1.587
  10500.00 0.125     672.188      11.680    1580.000       0.000    0.0002    7.299  769.879    6.324  363.392    1.517
  10560.00 0.126     663.495       6.447    1580.000       0.000    0.0002    7.358  847.366    8.459  362.995    1.905
  10620.00 0.126     661.081       4.556    1540.000       0.000    0.0002    7.538 1156.166    8.422  363.567    2.130
  10680.00 0.131     654.647       2.454    1940.000       0.000    0.0002    7.790 1309.401    6.482  362.670    1.887
  10740.00 0.139     661.825       6.912    1980.000       0.000    0.0002    7.759 1161.186    6.397  360.834    2.628
  10800.00 0.139     664.904       3.678    1940.000       0.000    0.0002    7.294  891.449    4.741  360.156    2.006
  10860.00 0.141     665.250       5.941    1940.000       0.000    0.0002    6.769  768.145    5.090  362.096    1.669
  10920.00 0.140     666.911       2.653    1620.000       0.000    0.0002    6.545  605.847    4.831  361.828    1.269
  10980.00 0.140     663.700       3.386    1580.000       0.000    0.0002    6.521  566.833    5.100  355.531    1.580
  11040.00 0.143     662.735       7.863    1500.000       0.000    0.0002    6.491  534.017    4.191  351.668    1.271
  11100.00 0.142     654.423       7.160    1420.000       0.000    0.0002    6.517  505.752    5.033  351.507    1.255
  11160.00 0.140     662.369       8.153    1460.000       0.000    0.0002    6.587  470.405    5.293  352.347    1.328
  11220.00 0.139     666.257      12.162    1500.000       0.000    0.0002    6.749  579.940    6.325  355.616    1.439
  11280.00 0.136     666.154       6.583    1620.000       0.000    0.0002    6.969  682.972    6.107  359.335    1.540
  11340.00 0.135     682.287      10.272    1620.000       0.000    0.0002    7.274  782.357    6.593  360.938    1.665
  11400.00 0.136     677.738      10.844    1500.000       0.000    0.0002    7.524  951.169    6.922  361.177    1.834
  11460.00 0.135     674.342      10.595    1500.000       0.000    0.0002    7.590  932.569    6.542  361.276    2.302
  11520.00 0.135     679.964       6.438    1460.000       0.000    0.0002    7.288  769.253    6.092  361.457    1.582
  11580.00 0.135     678.261      10.072    1500.000       0.000    0.0002    6.686  681.571    6.192  362.563    1.561
  11640.00 0.136     677.410       9.173    1460.000       0.000    0.0002    6.166  763.797    6.028  361.336    1.350
  11700.00 0.134     676.364       8.618    1540.000       0.000    0.0002    5.585  661.050    5.525  355.572    1.315
  11760.00 0.141     675.959       2.383    1460.000       0.000    0.0002    5.070  707.653    6.418  350.414    1.477
  11820.00 0.133     675.691       7.772    1500.000       0.000    0.0002    4.737  672.077    6.634  344.827    1.729
  11880.00 0.135     667.899       8.551    1580.000       0.000    0.0002    4.522  643.249    5.832  338.715    1.266
  11940.00 0.132     665.904      15.203    1460.000       0.000    0.0002    4.378  521.830    5.945  337.184    1.301
  12000.00 0.130     664.719      13.071    1500.000       0.000    0.0002    4.414  655.552    6.602  340.162    1.700
  12060.00 0.131     665.234       6.692    1460.000       0.000    0.0002    4.674  828.277    7.314  341.437    1.689
  12120.00 0.127     654.789       3.640    1500.000       0.000    0.0002    5.089 1051.344    6.118  341.363    1.607
  12180.00 0.133     650.055       4.715    1580.000       0.000    0.0002    5.410 1121.120    8.077  341.460    2.046
  12240.00 0.130     652.120       7.242    1940.000       0.000    0.0002    5.518 1157.721    5.766  342.042    1.932
  12300.00 0.137     652.929       6.964    1940.000       0.000    0.0002    5.462  805.076    4.939  344.049    1.699
  12360.00 0.136     655.627       2.437    1620.000       0.000    0.0002    5.236  589.999    5.209  346.099    1.437
  12420.00 0.138     675.238       2.540    1540.000       0.000    0.0002    5.007  564.076    5.019  344.770    1.314
  12480.00 0.134     667.824      11.188    1540.000       0.000    0.0002    4.912  537.745    5.442  342.044    1.406
  12540.00 0.129     666.742      10.000    1500.000       0.000    0.0002    4.958  651.443    5.333  341.832    1.466
  12600.00 0.126     658.224       6.988    1500.000       0.000    0.0002    5.136  748.919    5.437  343.617    1.584
  12660.00 0.128     663.824      11.319    1460.000       0.000    0.0002    5.369  777.033    6.815  344.372    1.586
  12720.00 0.130     656.929       3.708    1580.000       0.000    0.0002    5.646  830.750    5.939  345.113    1.936
  12780.00 0.130     671.224       3.729    1580.000       0.000    0.0002    5.845  830.526    6.032  347.262    1.855
  12840.00 0.128     663.969       3.397    1820.000       0.000    0.0002    5.910  784.065    6.783  349.786    2.066
  12900.00 0.125     665.759      11.012    1660.000       0.000    0.0002    5.865  996.137    7.721  352.829    1.925
  12960.00 0.125     658.904       8.845    1660.000       0.000    0.0002    5.802 1220.012    7.285  354.936    2.093
  13020.00 0.121     659.839       6.492    1940.000       0.000    0.0002    5.694 1075.171    5.699  353.744    1.633
  13080.00 0.126     675.087      10.368    1940.000       0.000    0.0002    5.550  986.691    5.743  353.473    1.635
  13140.00 0.128     685.545       1.262    1540.000       0.000    0.0002    5.428  842.998    4.801  355.477    1.570
  13200.00 0.127     681.651       8.445    1660.000       0.000    0.0002    5.277  622.675    5.117  356.624    1.246
  13260.00 0.125     676.608      12.788    1500.000       0.000    0.0002    5.334  695.495    5.474  356.102    1.575
  13320.00 0.125     688.616       6.355    1500.000       0.000    0.0002    5.502  715.027    6.003  356.107    1.685
  13380.00 0.129     682.011      13.435    1580.000       0.000    0.0002    5.674  568.018    5.841  356.640    1.699
  13440.00 0.132     689.536      11.317    1500.000       0.000    0.0002    5.814  504.093    5.948  357.198    1.704
  13500.00 0.130     696.255      14.981    1580.000       0.000    0.0002    5.787  538.443    5.241  356.226    1.235
  13560.00 0.131     701.561       9.145    1540.000       0.000    0.0002    5.647  527.952    5.250  355.734    1.275
  13620.00 0.129     706.049       7.183    1580.000       0.000    0.0002    5.399  521.988    5.642  356.670    1.258
  13680.00 0.127     708.555       4.778    1540.000       0.000    0.0002    5.124  574.779    7.269  356.719    1.449
  13740.00 0.124     691.906       4.990    1540.000       0.000    0.0002    4.766  625.233    6.293  354.233    1.336
  13800.00 0.120     695.927       4.969    1460.000       0.000    0.0002    4.484  584.938    5.001  351.130    1.477
  13860.00 0.116     708.235      10.672    1540.000       0.000    0.0002    4.271  438.766    4.729  349.436    1.293
  13920.00 0.119     691.129      13.470    1540.000       0.000    0.0002    4.238  339.008    4.288  349.650    1.129
  13980.00 0.119     681.848       3.901    1460.000       0.000    0.0002    4.365  438.464    5.297  350.296    1.247
  14040.00 0.123     668.016      10.595    1420.000       0.000    0.0002    4.689  512.672    5.405  350.244    1.304
  14100.00 0.125     676.078       6.314    1380.000       0.000    0.0002    5.040  627.113    6.005  351.772    1.382
  14160.00 0.123     675.794      12.817    1300.000       0.000    0.0002    5.352  678.683    6.027  355.438    1.616
  14220.00 0.128     668.397       3.855    1540.000       0.000    0.0002    5.523  689.500    6.325  358.077    1.871
  14280.00 0.130     674.237       9.228    1540.000       0.000    0.0002    5.404  850.198    6.551  358.356    1.886
  14340.00 0.127     693.218       7.938    1940.000       0.000    0.0002    5.081  855.194    5.026  357.433    1.676
  14400.00 0.131     685.121      14.467    1420.000       0.000    0.0002    4.591  678.804    4.720  356.623    1.278
  14460.00 0.134     687.322       3.315    1460.000       0.000    0.0002    4.077  409.556    5.397  355.331    1.211
  14520.00 0.131     682.056      19.215    1500.000       0.000    0.0002    3.754  437.971    5.726  353.055    1.126
  14580.00 0.129     667.774       7.396    1380.000       0.000    0.0002    3.593  486.728    5.169  351.885    1.107
  14640.00 0.128     659.240       3.536    1500.000       0.000    0.0002    3.632  486.819    5.485  352.436    1.331
  14700.00 0.129     652.727       8.295    1420.000       0.000    0.0002    3.732  542.124    5.829  351.582    1.381
  14760.00 0.133     668.440       8.844    1620.000       0.000    0.0002    3.765  468.954    4.880  348.641    1.260
  14820.00 0.132     664.296       4.852    1460.000       0.000    0.0002    3.754  341.649    4.682  348.176    0.964
  14880.00 0.138     663.823       8.425    1460.000       0.000    0.0002    3.824  361.773    4.639  350.513    1.001
  14940.00 0.135     673.212       6.497    1620.000       0.000    0.0002    3.939  440.656    4.913  351.564    1.206
  15000.00 0.138     667.760      11.817    1500.000       0.000    0.0002    4.138  443.097    4.975  352.408    1.190
  15060.00 0.135     659.204       3.074    1460.000       0.000    0.0002    4.330  418.011    4.920  355.084    1.146
  15120.00 0.140     665.854       1.010    1460.000       0.000    0.0002    4.413  429.500    5.435  357.166    1.340
  15180.00 0.142     666.747       5.542    1460.000       0.000    0.0002    4.517  512.225    5.774  357.787    1.344
  15240.00 0.142     667.586      12.138    1460.000       0.000    0.0002    4.617  547.427    4.899  358.813    1.132
  15300.00 0.141     672.180      14.498    1420.000       0.000    0.0002    4.584  419.132    5.395  360.271    1.217
  15360.00 0.148     676.832       2.046    1500.000       0.000    0.0002    4.534  390.071    5.674  362.192    1.344
  15420.00 0.140     682.330       8.522    1420.000       0.000    0.0002    4.521  431.617    5.671  363.262    1.268
  15480.00 0.139     689.455       3.972    1380.000       0.000    0.0002    4.560  498.956    5.939  363.661    1.202
  15540.00 0.137     690.605       3.060    1420.000       0.000    0.0002    4.624  574.310    5.765  364.951    1.240
  15600.00 0.136     680.467       6.535    1460.000       0.000    0.0002    4.795  582.652    5.730  366.536    1.249
  15660.00 0.133     680.809       6.654    1420.000       0.000    0.0002    5.005  519.331    5.747  368.150    1.239
  15720.00 0.135     678.156       3.219    1500.000       0.000    0.0002    5.205  475.711    5.473  369.844    1.329
  15780.00 0.136     673.932       7.074    1380.000       0.000    0.0002    5.224  485.919    5.450  370.672    1.430
  15840.00 0.136     677.961      13.381    1420.000       0.000    0.0002    5.176  577.695    6.410  371.066    1.553
  15900.00 0.139     684.448      14.536    1500.000       0.000    0.0002    5.071  791.082    7.427  371.828    1.817
  15960.00 0.140     686.527       8.726    1500.000       0.000    0.0002    4.866  870.531    7.105  371.910    1.946
  16020.00 0.135     681.910      11.387    1580.000       0.000    0.0002    4.572  887.031    6.238  370.038    1.897
  16080.00 0.131     677.918       6.059    1460.000       0.000    0.0002    4.127  716.313    5.307  367.033    1.351
  16140.00 0.128     667.148       6.806    1580.000       0.000    0.0002    3.673  433.588    5.532  364.671    1.383
  16200.00 0.125     666.419       9.550    1620.000       0.000    0.0002    3.307  432.765    6.417  362.952    1.364
  16260.00 0.125     663.587      10.838    1540.000       0.000    0.0002    3.097  498.848    7.373  362.065    1.385
  16320.00 0.123     657.778       8.056    1460.000       0.000    0.0002    3.115  551.967    6.939  362.003    1.326
  16380.00 0.124     648.696       6.838    1460.000       0.000    0.0002    3.327  567.103    6.353  361.788    1.372
  16440.00 0.126     637.984       8.721    1460.000       0.000    0.0002    3.586  543.122    7.361  360.639    1.496
  16500.00 0.125     646.039       5.412    1540.000       0.000    0.0002    3.784  614.890    6.664  360.179    1.629
  16560.00 0.130     645.461      14.802    1420.000       0.000    0.0002    3.950  629.262    6.443  360.682    1.659
  16620.00 0.129     645.958       6.490    1620.000       0.000    0.0002    4.149  656.691    6.446  362.986    1.359
  16680.00 0.133     647.919      10.792    1500.000       0.000    0.0002    4.416  604.612    6.816  365.344    1.420
  16740.00 0.136     638.600      13.968    1460.000       0.000    0.0002    4.722  628.997    6.119  367.162    1.248
  16800.00 0.138     643.887      14.700    1500.000       0.000    0.0002    5.195  720.482    6.198  371.164    1.554
  16860.00 0.149     650.000      13.725    1580.000       0.000    0.0002    5.936  920.852    7.302  377.960    1.885
  16920.00 0.148     654.926      14.959    1460.000       0.000    0.0002    6.875  977.338    6.827  385.043    2.019
  16980.00 0.151     663.032      10.323    1940.000       0.000    0.0002    7.897 1182.066    7.032  389.954    2.259
  17040.00 0.155     673.291       7.307    1940.000       0.000    0.0002    8.631 1245.385    5.979  395.226    2.385
  17100.00 0.154     687.027      11.733    1940.000       0.000    0.0002    9.071  993.059    5.222  406.075    1.778
  17160.00 0.153     699.424       9.824    1620.000       0.000    0.0002    9.338  928.095    6.505  421.377    1.650
  17220.00 0.158     704.575       5.935    1660.000       0.000    0.0002    9.646  890.203    6.580  429.701    1.939
  17280.00 0.158     699.133       8.483    1620.000       0.000    0.0002   10.164 1010.874    6.758  431.682    1.600
  17340.00 0.159     696.185       4.462    1620.000       0.000    0.0002   10.621 1000.607    7.250  439.127    1.691
  17400.00 0.163     699.341      10.210    1500.000       0.000    0.0002   11.044 1207.573    7.006  453.775    1.821
  17460.00 0.162     706.707       6.858    1540.000       0.000    0.0002   11.121 1327.606    7.283  462.449    2.195
  17520.00 0.158     713.910       6.244    1940.000       0.000    0.0002   11.131 1293.024    6.638  466.400    2.180
  17580.00 0.160     712.866       7.226    1940.000       0.000    0.0002   11.347 1389.756    7.212  471.310    2.002
  17640.00 0.158     712.384       9.783    1940.000       0.000    0.0002   11.443 1187.615    7.282  476.867    2.010
  17700.00 0.161     710.408       7.201    1940.000       0.000    0.0002   11.474 1104.034    6.607  479.123    1.975
  17760.00 0.166     710.573      10.220    1940.000       0.000    0.0002   11.382  954.927    6.598  481.196    1.872
  17820.00 0.165     710.682       5.638    1940.000       0.000    0.0002   11.111  916.185    6.482  482.968    2.243
  17880.00 0.168     703.547       9.157    1940.000       0.000    0.0002   10.631  788.798    6.565  483.687    1.623
  17940.00 0.165     707.681       9.129    1700.000       0.000    0.0002   10.025  652.168    6.546  485.676    1.567
  18000.00 0.164     716.667      15.565    1660.000       0.000    0.0002    9.494  693.827    6.398  483.854    1.537
  18060.00 0.167     715.066       5.752    1700.000       0.000    0.0002    9.143  648.763    6.229  477.770    1.469
  18120.00 0.167     731.228      10.234    1660.000       0.000    0.0002    9.027  699.497    5.706  474.687    1.482
  18180.00 0.170     738.563       8.075    1500.000       0.000    0.0002    9.189  679.882    5.702  477.215    1.645
  18240.00 0.169     732.764       9.696    1500.000       0.000    0.0002    9.482  695.530    5.496  479.149    1.507
  18300.00 0.166     726.608      10.631    1500.000       0.000    0.0002    9.946  614.408    6.237  479.657    1.525
  18360.00 0.159     734.409      11.306    1540.000       0.000    0.0002   10.426  650.819    6.596  482.920    1.478
  18420.00 0.163     744.024       9.399    1580.000       0.000    0.0002   10.883  836.333    6.974  490.365    1.694
  18480.00 0.156     741.938       8.500    1500.000       0.000    0.0002   11.515 1058.996    8.799  500.688    1.855
  18540.00 0.149     726.144      10.784    1500.000       0.000    0.0002   12.377 1348.602    8.167  512.158    2.262
  18600.00 0.144     715.296      10.897    1940.000       0.000    0.0002   13.253 1690.208    7.566  523.543    2.803
  18660.00 0.146     723.067       3.667    1980.000       0.000    0.0002   13.671 1678.316    9.627  537.119    3.045
  18720.00 0.144     728.291      11.641    1940.000       0.000    0.0002   13.448 1921.634   10.075  550.862    2.980
  18780.00 0.146     727.559       5.786    2020.000       0.000    0.0002   12.244 1813.651    9.245  555.238    2.956
  18840.00 0.150     728.320       3.067    1940.000       0.000    0.0002   10.556 1311.121    7.558  554.584    2.320
  18900.00 0.145     707.568       3.007    1940.000       0.000    0.0002    8.928  972.314    6.469  551.159    2.327
  18960.00 0.151     726.667       6.440    1940.000       0.000    0.0002    7.427  684.372    6.379  543.157    2.363
  19020.00 0.146     710.586      13.434    1660.000       0.000    0.0002    6.450  664.858    6.203  522.944    1.500
  19080.00 0.141     695.717      11.054    1620.000       0.000    0.0002    6.235  774.936    6.781  506.529    1.523
  19140.00 0.147     689.868       8.113    1620.000       0.000    0.0002    6.526  878.131    6.895  506.453    1.721
  19200.00 0.146     689.615       3.317    1580.000       0.000    0.0002    6.963 1056.924    7.138  508.578    1.835
  19260.00 0.147     695.960       8.245    1940.000       0.000    0.0002    7.336 1245.600    8.021  503.271    2.212
  19320.00 0.151     712.751       4.337    1940.000       0.000    0.0002    7.654 1211.747    8.290  498.989    2.272
  19380.00 0.154     716.343       4.229    1940.000       0.000    0.0002    7.898 1160.014    7.671  500.695    2.240
  19440.00 0.157     711.242       8.602    1940.000       0.000    0.0002    8.073 1158.354    8.351  505.500    2.201
  19500.00 0.157     708.349      13.364    1940.000       0.000    0.0002    8.075  897.522    8.617  508.313    2.019
  19560.00 0.153     708.115       5.304    1940.000       0.000    0.0002    8.056  948.284    7.561  507.870    2.055
  19620.00 0.144     708.367       8.299    1940.000       0.000    0.0002    7.877  991.961    7.333  505.819    2.131
  19680.00 0.142     706.529       4.261    1940.000       0.000    0.0002    7.583  896.016    8.029  502.962    1.831
  19740.00 0.142     694.983       8.110    1940.000       0.000    0.0002    7.185  590.423    6.439  500.741    1.624
  19800.00 0.141     703.328       8.354    1620.000       0.000    0.0002    6.658  527.562    6.666  497.703    1.404
  19860.00 0.142     730.293       6.713    1580.000       0.000    0.0002    6.420  503.208    6.639  490.975    1.409
  19920.00 0.144     719.252       6.293    1500.000       0.000    0.0002    6.404  718.895    7.270  485.376    1.629
  19980.00 0.147     737.870      12.080    1580.000       0.000    0.0002    6.560  953.176    7.870  483.215    1.840
  20040.00 0.150     745.649      10.390    1820.000       0.000    0.0002    6.653 1129.666    9.383  482.909    2.119
  20100.00 0.148     751.579      14.408    1580.000       0.000    0.0002    6.389 1321.067    8.463  483.404    2.384
  20160.00 0.146     742.738       8.214    1940.000       0.000    0.0002    5.961 1330.819    7.648  482.142    2.291
  20220.00 0.142     728.179      13.505    1940.000       0.000    0.0002    5.434 1300.176    7.504  478.224    1.939
  20280.00 0.142     715.052       9.759    1940.000       0.000    0.0002    4.947  857.002    7.764  474.722    1.574
  20340.00 0.125     709.375      12.031    1500.000       0.000    0.0002    4.457  657.678    5.991  472.591    1.725
  20400.00 0.122     701.683       3.968    1580.000       0.000    0.0002    4.075  670.713    6.732  468.082    1.594
  20460.00 0.123     684.891      13.201    1580.000       0.000    0.0002    3.862  675.009    6.826  461.530    1.437
  20520.00 0.123     700.713       7.089    1620.000       0.000    0.0002    3.907  683.203    6.385  455.676    1.295
  20580.00 0.129     694.102      11.115    1500.000       0.000    0.0002    4.018  576.548    6.366  450.615    1.302
  20640.00 0.131     688.082       7.374    1660.000       0.000    0.0002    4.200  480.331    4.748  447.829    1.581
  20700.00 0.134     699.122       7.386    1500.000       0.000    0.0002    4.293  421.393    5.257  447.813    1.355
  20760.00 0.137     700.428      11.586    1620.000       0.000    0.0002    4.450  442.213    5.440  449.876    1.451
  20820.00 0.139     703.592       5.599    1620.000       0.000    0.0002    4.641  548.199    6.709  451.636    1.627
  20880.00 0.138     697.305       7.163    1540.000       0.000    0.0002    4.943  715.251    7.512  452.473    1.523
  20940.00 0.136     697.558      12.136    1420.000       0.000    0.0002    5.252  734.109    7.684  453.321    1.830
  21000.00 0.137     695.152      11.159    1540.000       0.000    0.0002    5.447  792.060    6.993  454.662    2.024
  21060.00 0.143     701.704       4.429    1620.000       0.000    0.0002    5.433  844.050    7.141  455.484    1.765
  21120.00 0.148     698.748       7.249    1940.000       0.000    0.0002    5.323  641.061    6.605  457.776    1.822
  21180.00 0.143     697.133       4.369    1540.000       0.000    0.0002    5.093  745.747    6.853  458.128    1.740
  21240.00 0.146     695.600      12.933    1660.000       0.000    0.0002    4.841  707.606    5.964  454.960    1.859
  21300.00 0.145     688.735       7.892    1940.000       0.000    0.0002    4.531  631.487    6.490  451.964    1.862
  21360.00 0.140     686.713      10.087    1940.000       0.000    0.0002    4.033  679.114    6.366  449.945    1.740
  21420.00 0.139     687.909       8.928    1740.000       0.000    0.0002    3.320  421.368    5.408  446.742    1.679
  21480.00 0.140     691.235       9.357    1540.000       0.000    0.0002    2.802  361.850    5.524  442.996    1.394
  21540.00 0.131     682.454       7.249    1460.000       0.000    0.0002    2.610  231.470    4.664  437.806    1.065
  21600.00 0.129     674.792       3.736    1420.000       0.000    0.0002    2.645  208.126    4.908  434.301    1.078
  21660.00 0.134     680.256       1.133    1420.000       0.000    0.0002    2.821  245.364    4.975  433.762    1.154
  21720.00 0.136     674.050       8.208    1500.000       0.000    0.0002    3.043  283.067    5.362  433.278    1.064
  21780.00 0.142     680.000       5.739    1500.000       0.000    0.0002    3.302  322.246    6.183  432.597    1.243
  21840.00 0.138     680.670       6.526    1460.000       0.000    0.0002    3.622  333.251    5.809  433.266    1.195
  21900.00 0.141     681.278       5.389    1540.000       0.000    0.0002    3.807  303.107    4.961  434.216    1.201
  21960.00 0.140     695.672       2.373    1460.000       0.000    0.0002    3.897  294.419    4.818  433.398    1.247
  22020.00 0.137     688.592      13.226    1460.000       0.000    0.0002    4.036  294.329    5.037  431.768    1.058
  22080.00 0.135     694.503      11.284    1460.000       0.000    0.0002    4.214  353.584    5.474  432.328    1.269
  22140.00 0.133     697.868      16.397    1460.000       0.000    0.0002    4.447  487.687    6.014  435.792    1.392
  22200.00 0.138     697.672      10.970    1460.000       0.000    0.0002    4.754  596.046    6.583  439.073    1.383
  22260.00 0.136     694.901      12.496    1420.000       0.000    0.0002    5.199  637.973    6.471  440.888    1.519
  22320.00 0.132     700.591       8.207    1460.000       0.000    0.0002    5.663  708.213    6.397  443.005    1.492
  22380.00 0.130     713.133       8.143    1500.000       0.000    0.0002    5.990  571.246    6.205  445.341    1.737
  22440.00 0.135     718.951       4.629    1580.000       0.000    0.0002    6.208  544.435    5.293  447.705    1.801
  22500.00 0.134     718.905       6.460    1460.000       0.000    0.0002    6.291  581.273    6.282  450.312    1.378
  22560.00 0.130     729.869      10.131    1540.000       0.000    0.0002    6.265  540.345    6.350  453.891    1.538
  22620.00 0.135     733.441       8.973    1500.000       0.000    0.0002    6.131  630.768    6.387  456.730    1.439
  22680.00 0.136     735.404       5.386    1500.000       0.000    0.0002    6.123  670.962    7.190  457.168    1.770
  22740.00 0.130     727.842       6.717    1540.000       0.000    0.0002    6.118  701.198    6.888  454.692    1.763
  22800.00 0.128     727.276       7.886    1540.000       0.000    0.0002    6.011  610.337    6.624  454.220    1.564
  22860.00 0.127     742.457       8.829    1660.000       0.000    0.0002    5.821  479.730    5.772  457.320    1.438
  22920.00 0.130     738.117      14.727    1540.000       0.000    0.0002    5.649  570.533    6.686  459.660    1.608
  22980.00 0.133     735.458       7.289    1500.000       0.000    0.0002    5.567  739.202    6.982  459.190    1.793
  23040.00 0.137     730.374       8.699    1540.000       0.000    0.0002    5.592  767.897    7.837  459.333    2.009
  23100.00 0.137     730.500      10.893    1940.000       0.000    0.0002    5.563  815.669    5.972  459.253    1.757
  23160.00 0.133     725.321       6.936    1940.000       0.000    0.0002    5.422  638.655    7.581  459.867    1.521
  23220.00 0.144     730.289       5.093    1540.000       0.000    0.0002    5.159  502.363    6.755  460.720    1.665
  23280.00 0.143     730.853       8.020    1500.000       0.000    0.0002    4.839  523.136    5.408  457.339    1.437
  23340.00 0.146     734.381      13.478    1540.000       0.000    0.0002    4.512  382.675    5.293  453.077    1.231
  23400.00 0.145     730.422      11.535    1500.000       0.000    0.0002    4.347  298.461    4.537  450.698    1.211
  23460.00 0.147     727.754      11.414    1420.000       0.000    0.0002    4.225  317.342    4.836  449.308    1.306
  23520.00 0.146     723.612       5.719    1420.000       0.000    0.0002    4.078  312.804    5.512  449.005    1.373
  23580.00 0.140     716.794       8.746    1460.000       0.000    0.0002    3.936  431.213    5.788  448.824    1.435
  23640.00 0.144     712.927       5.279    1460.000       0.000    0.0002    3.866  481.157    6.893  448.047    1.456
  23700.00 0.145     703.030      12.189    1540.000       0.000    0.0002    3.878  524.876    6.155  446.385    1.445
  23760.00 0.141     701.250       8.056    1620.000       0.000    0.0002    4.089  491.028    5.424  445.428    1.560
  23820.00 0.141     696.408       6.978    1540.000       0.000    0.0002    4.259  512.209    5.575  446.242    1.464
  23880.00 0.146     696.861       5.910    1540.000       0.000    0.0002    4.424  568.929    5.504  447.145    1.612
  23940.00 0.153     699.424       6.656    1580.000       0.000    0.0002    4.548  605.123    4.868  446.239    1.404
  24000.00 0.151     706.742       9.530    1460.000       0.000    0.0002    4.542  524.517    4.823  446.779    1.021
  24060.00 0.152     713.655       4.187    1500.000       0.000    0.0002    4.644  335.428    4.449  451.053    1.122
  24120.00 0.153     706.912      13.440    1620.000       0.000    0.0002    4.913  340.187    4.574  455.167    1.218
  24180.00 0.154     714.944       8.967    1540.000       0.000    0.0002    5.422  430.190    5.387  458.364    1.460
  24240.00 0.157     715.327       3.271    1580.000       0.000    0.0002    6.225  486.530    6.781  465.262    1.533
  24300.00 0.152     711.530       9.630    1500.000       0.000    0.0002    7.304  728.440    6.901  477.515    1.735
  24360.00 0.156     721.375      11.188    1460.000       0.000    0.0002    8.482  826.020    8.091  492.843    2.041
  24420.00 0.156     733.573      12.949    1460.000       0.000    0.0002    9.753  952.292    8.587  509.431    2.011
  24480.00 0.156     735.125       5.875    1500.000       0.000    0.0002   10.982 1088.506    9.797  525.554    2.196
  24540.00 0.159     743.569       5.415    1940.000       0.000    0.0002   11.811 1450.806   10.448  540.067    2.424
  24600.00 0.161     749.440      11.800    1940.000       0.000    0.0002   11.994 1603.754    9.697  548.518    2.802
  24660.00 0.163     743.123       5.736    1940.000       0.000    0.0002   11.414 1641.107    9.532  550.893    2.930
  24720.00 0.166     748.201       6.726    1940.000       0.000    0.0002   10.430 1510.230    9.978  554.543    2.782
  24780.00 0.168     738.551      12.348    1940.000       0.000    0.0002    9.360 1012.094    7.957  562.385    2.224
  24840.00 0.171     740.973      14.363    1940.000       0.000    0.0002    8.679  833.403    7.471  565.842    1.757
  24900.00 0.170     741.437       6.638    1940.000       0.000    0.0002    8.054  641.013    8.213  555.911    1.790
  24960.00 0.163     741.622       7.838    1540.000       0.000    0.0002    7.611  683.211    6.766  541.459    1.746
  25020.00 0.171     744.578       6.381    1940.000       0.000    0.0002    7.069  598.312    5.840  533.212    1.701
  25080.00 0.165     744.385       5.807    1940.000       0.000    0.0002    6.523  497.383    6.538  530.975    1.481
  25140.00 0.170     748.403       7.626    1700.000       0.000    0.0002    6.004  612.670    6.215  528.021    1.549
  25200.00 0.170     752.894       6.390    1780.000       0.000    0.0002    5.838  592.855    7.180  521.214    1.744
  25260.00 0.168     760.435       5.893    1700.000       0.000    0.0002    5.896  641.051    8.769  516.108    1.673
  25320.00 0.162     745.189      11.523    1660.000       0.000    0.0002    6.061  752.175    7.726  515.938    1.702
  25380.00 0.158     732.012       5.789    1540.000       0.000    0.0002    6.304  744.211    8.071  515.933    1.696
  25440.00 0.155     724.277       9.340    1660.000       0.000    0.0002    6.563  797.622    8.068  515.871    1.713
  25500.00 0.153     721.946       4.338    1540.000       0.000    0.0002    6.808  678.460    7.089  518.580    1.598
  25560.00 0.156     718.813       8.313    1580.000       0.000    0.0002    6.874  766.386    7.202  520.862    1.848
  25620.00 0.153     722.684      10.799    1620.000       0.000    0.0002    6.908  639.746    8.362  520.340    1.983
  25680.00 0.153     715.335       3.227    1940.000       0.000    0.0002    6.869  705.120    8.368  519.849    1.819
  25740.00 0.152     718.778       8.489    1580.000       0.000    0.0002    6.809  778.332    7.027  519.575    1.838
  25800.00 0.148     720.789       5.066    1940.000       0.000    0.0002    6.730  667.242    6.777  515.665    1.859
  25860.00 0.144     732.313       5.714    1940.000       0.000    0.0002    6.659  468.349    6.375  512.109    1.551
  25920.00 0.142     742.127      10.154    1660.000       0.000    0.0002    6.680  640.482    7.297  514.797    1.672
  25980.00 0.141     745.121      13.218    1500.000       0.000    0.0002    6.955  670.776    7.232  518.999    1.542
  26040.00 0.144     748.896       4.822    1500.000       0.000    0.0002    7.452  615.306    6.136  521.740    1.549
  26100.00 0.141     749.359      10.503    1580.000       0.000    0.0002    7.988  505.830    6.011  524.895    1.746
  26160.00 0.140     753.287      13.322    1540.000       0.000    0.0002    8.514  574.448    6.174  529.952    1.619
  26220.00 0.136     771.055       6.691    1620.000       0.000    0.0002    9.019  674.019    6.770  535.647    1.611
  26280.00 0.136     766.118       7.442    1500.000       0.000    0.0002    9.554  705.559    7.096  542.215    1.755
  26340.00 0.135     773.141       8.412    1460.000       0.000    0.0002   10.062  943.878    7.205  550.147    1.922
  26400.00 0.128     791.549       6.922    1660.000       0.000    0.0002   10.577 1082.065    8.919  559.333    2.218
  26460.00 0.127     800.269      10.288    1940.000       0.000    0.0002   10.889 1192.811    8.290  568.846    2.250
  26520.00 0.131     788.299       8.523    1940.000       0.000    0.0002   10.910 1345.199    9.216  574.604    2.390
  26580.00 0.132     796.475      12.727    1940.000       0.000    0.0002   10.393 1359.337    8.630  574.424    2.844
  26640.00 0.132     787.259      12.148    1940.000       0.000    0.0002    9.428 1299.234    7.766  572.604    2.168
  26700.00 0.130     780.451       9.887    1940.000       0.000    0.0002    8.076 1024.410    7.184  572.464    2.144
  26760.00 0.133     765.055       9.817    1940.000       0.000    0.0002    6.756 1008.275    6.344  573.223    2.020
  26820.00 0.128     742.662      11.255    1940.000       0.000    0.0002    5.770  817.571    6.138  564.244    1.790
  26880.00 0.132     730.462       9.908    1580.000       0.000    0.0002    4.963  641.694    5.739  545.424    1.554
  26940.00 0.133     725.488       6.703    1540.000       0.000    0.0002    4.475  745.170    7.945  532.419    1.901
  27000.00 0.129     709.564       8.615    1580.000       0.000    0.0002    4.367  940.323    8.327  530.646    2.462
  27060.00 0.132     701.553       8.244    1940.000       0.000    0.0002    4.413  920.232    7.394  526.828    2.292
  27120.00 0.136     713.238       7.728    1660.000       0.000    0.0002    4.454 1016.865    8.415  518.561    2.121
  27180.00 0.142     734.158       7.148    1940.000       0.000    0.0002    4.595  819.205    4.998  512.802    1.692
  27240.00 0.152     742.825       3.435    1620.000       0.000    0.0002    4.759  521.169    4.872  511.712    1.429
  27300.00 0.161     751.125       7.173    1580.000       0.000    0.0002    4.932  516.011    7.437  512.091    1.610
  27360.00 0.159     737.481       7.189    1460.000       0.000    0.0002    5.180  731.649    8.063  511.019    1.813
  27420.00 0.152     735.762       8.475    1460.000       0.000    0.0002    5.497  951.764    9.069  510.609    2.126
  27480.00 0.153     733.939       4.848    1940.000       0.000    0.0002    5.916 1014.561    7.986  512.937    2.014
  27540.00 0.149     744.190      13.191    1940.000       0.000    0.0002    6.360 1050.368    8.824  517.823    2.369
  27600.00 0.146     735.400       5.133    1940.000       0.000    0.0002    6.552 1218.686    9.893  518.486    2.786
  27660.00 0.144     732.961       4.467    1940.000       0.000    0.0002    6.377 1106.199    6.179  514.804    2.112
  27720.00 0.144     734.034       8.847    1940.000       0.000    0.0002    6.026  830.624    6.777  514.546    1.833
  27780.00 0.144     726.893      11.409    1940.000       0.000    0.0002    5.632  616.972    7.252  515.468    1.639
  27840.00 0.145     743.227       6.924    1660.000       0.000    0.0002    5.196  523.661    6.097  511.616    1.597
  27900.00 0.148     738.350       6.931    1580.000       0.000    0.0002    4.773  514.246    6.855  504.619    1.406
  27960.00 0.148     733.278       9.555    1500.000       0.000    0.0002    4.465  498.714    7.499  503.493    1.728
  28020.00 0.138     731.182       6.667    1540.000       0.000    0.0002    4.374  535.094    6.839  505.237    1.941
  28080.00 0.134     732.145       3.745    1580.000       0.000    0.0002    4.432  585.327    7.362  501.648    1.799
  28140.00 0.136     750.108      14.014    1580.000       0.000    0.0002    4.436  526.969    7.424  495.791    1.661
  28200.00 0.132     750.055       3.882    1660.000       0.000    0.0002    4.308  488.610    5.945  493.395    1.464
  28260.00 0.133     748.603       6.287    1580.000       0.000    0.0002    4.151  474.559    5.567  491.548    1.537
  28320.00 0.132     750.241       8.163    1500.000       0.000    0.0002    3.969  386.870    5.601  488.652    1.330
  28380.00 0.132     753.581       7.866    1540.000       0.000    0.0002    3.814  406.202    5.677  486.297    1.370
  28440.00 0.128     751.472      14.532    1540.000       0.000    0.0002    3.682  400.093    5.598  483.597    1.331
  28500.00 0.130     757.786       5.553    1580.000       0.000    0.0002    3.598  313.334    4.990  480.207    1.198
  28560.00 0.131     755.477       8.822    1500.000       0.000    0.0002    3.509  304.242    5.548  477.730    1.138
  28620.00 0.125     749.903       3.938    1500.000       0.000    0.0002    3.484  351.922    6.332  478.121    1.317
  28680.00 0.126     741.395       5.078    1500.000       0.000    0.0002    3.553  485.786    7.518  480.154    1.570
  28740.00 0.129     724.377       9.019    1500.000       0.000    0.0002    3.899  502.075    7.397  480.790    1.671
  28800.00 0.128     723.954       6.654    1580.000       0.000    0.0002    4.363  577.292    7.110  480.489    1.581
