#  time      cc     z_cbase    z_ctop_avg  z_ctop_max      zi         we   <<ql>>  <<ql>>_max   w_max   tke     ql_max
     60.00 0.000       0.000       0.000       0.000       0.000    0.0002    0.000    0.000    0.187  616.597    0.000
    120.00 0.000       0.000       0.000       0.000       0.000    0.0002    0.000    0.000    0.297  417.065    0.000
    180.00 0.000       0.000       0.000       0.000       0.000    0.0002    0.000    0.000    0.318  300.108    0.000
    240.00 0.000       0.000       0.000       0.000       0.000    0.0002    0.000    0.000    0.305  225.779    0.000
    300.00 0.000       0.000       0.000       0.000       0.000    0.0002    0.000    0.000    0.245  176.567    0.000
    360.00 0.000       0.000       0.000       0.000       0.000    0.0002    0.000    0.000    0.283  143.397    0.000
    420.00 0.000       0.000       0.000       0.000       0.000    0.0002    0.000    0.000    0.309  121.118    0.000
    480.00 0.000       0.000       0.000       0.000       0.000    0.0002    0.000    0.000    0.328  105.705    0.000
    540.00 0.000       0.000       0.000       0.000       0.000    0.0002    0.000    0.000    0.404   93.888    0.000
    600.00 0.000       0.000       0.000       0.000       0.000    0.0002    0.000    0.000    0.503   84.605    0.000
    660.00 0.000       0.000       0.000       0.000       0.000    0.0002    0.000    0.000    0.580   78.027    0.000
    720.00 0.000       0.000       0.000       0.000       0.000    0.0002    0.000    0.000    0.607   73.697    0.000
    780.00 0.000       0.000       0.000       0.000       0.000    0.0002    0.000    0.000    0.586   70.882    0.000
    840.00 0.000       0.000       0.000       0.000       0.000    0.0002    0.000    0.000    0.706   69.095    0.000
    900.00 0.000       0.000       0.000       0.000       0.000    0.0002    0.000    0.000    0.769   67.882    0.000
    960.00 0.000       0.000       0.000       0.000       0.000    0.0002    0.000    0.000    0.762   67.261    0.000
   1020.00 0.000       0.000       0.000       0.000       0.000    0.0002    0.000    0.000    0.773   67.699    0.000
   1080.00 0.000     580.000       0.000     580.000       0.000    0.0002    0.000    0.215    0.837   69.192    0.005
   1140.00 0.000     580.000       0.000     580.000       0.000    0.0002    0.001    2.068    0.851   71.376    0.046
   1200.00 0.001     580.000       0.000     580.000       0.000    0.0002    0.002    3.643    0.946   74.229    0.082
   1260.00 0.003     573.333       0.000     580.000       0.000    0.0002    0.007    8.305    0.993   77.902    0.119
   1320.00 0.005     566.667       0.000     660.000       0.000    0.0002    0.015   10.209    1.133   82.504    0.150
   1380.00 0.010     564.615       0.000     660.000       0.000    0.0002    0.033   18.402    1.242   88.242    0.197
   1440.00 0.016     565.846       0.000     660.000       0.000    0.0002    0.068   27.158    1.314   95.194    0.284
   1500.00 0.025     567.308       0.000     660.000       0.000    0.0002    0.133   36.937    1.571  103.244    0.339
   1560.00 0.039     566.750       7.000     660.000       0.000    0.0002    0.231   52.001    1.754  112.377    0.428
   1620.00 0.053     567.215      11.142     740.000       0.000    0.0002    0.378   72.290    1.804  122.634    0.571
   1680.00 0.071     565.430      10.103     780.000       0.000    0.0002    0.606   94.814    2.456  133.957    0.645
   1740.00 0.089     567.760       8.361     780.000       0.000    0.0002    0.918  118.671    2.879  146.264    0.833
   1800.00 0.109     568.404       7.910     820.000       0.000    0.0002    1.311  133.226    2.720  159.381    0.884
   1860.00 0.122     571.120       5.120     860.000       0.000    0.0002    1.793  160.022    3.370  172.944    0.895
   1920.00 0.139     572.113       9.894     940.000       0.000    0.0002    2.330  180.906    3.464  186.615    0.925
   1980.00 0.150     575.909       4.903     980.000       0.000    0.0002    2.953  237.207    3.462  200.078    0.904
   2040.00 0.162     577.590       3.614    1020.000       0.000    0.0002    3.620  225.811    4.172  213.122    1.026
   2100.00 0.174     580.731       5.823    1100.000       0.000    0.0002    4.304  305.942    4.585  225.498    1.144
   2160.00 0.183     584.706       5.749     980.000       0.000    0.0002    5.023  383.213    4.541  236.893    1.005
   2220.00 0.188     585.292       7.393    1300.000       0.000    0.0002    5.729  417.617    4.447  246.971    1.280
   2280.00 0.193     594.564       9.406    1300.000       0.000    0.0002    6.298  481.945    5.249  255.011    1.405
   2340.00 0.197     601.314       5.675    1300.000       0.000    0.0002    6.768  532.331    5.104  260.881    1.205
   2400.00 0.203     606.619       3.923    1300.000       0.000    0.0002    7.160  526.519    4.200  264.574    1.333
   2460.00 0.199     608.894       5.135    1340.000       0.000    0.0002    7.453  450.120    4.011  266.139    1.164
   2520.00 0.194     610.553       6.106    1340.000       0.000    0.0002    7.599  345.420    4.286  266.019    1.092
   2580.00 0.195     616.150       5.000    1380.000       0.000    0.0002    7.592  395.422    4.508  264.556    1.133
   2640.00 0.194     621.967       4.716    1380.000       0.000    0.0002    7.457  467.617    4.395  261.756    1.112
   2700.00 0.191     626.496      10.384    1300.000       0.000    0.0002    7.233  516.126    4.474  257.666    1.097
   2760.00 0.185     633.862       7.725    1340.000       0.000    0.0002    6.904  481.383    4.774  252.648    1.082
   2820.00 0.176     637.753       7.822    1380.000       0.000    0.0002    6.536  522.741    4.685  247.394    1.196
   2880.00 0.167     632.669       7.478    1420.000       0.000    0.0002    6.241  601.235    5.112  241.999    1.144
   2940.00 0.157     635.265       8.972    1420.000       0.000    0.0002    5.997  600.727    4.333  236.266    1.122
   3000.00 0.154     636.862       8.431    1380.000       0.000    0.0002    5.752  558.654    5.663  230.989    1.503
   3060.00 0.152     638.486      10.016    1300.000       0.000    0.0002    5.580  650.483    6.206  226.578    1.732
   3120.00 0.140     641.324       9.338    1420.000       0.000    0.0002    5.412  719.796    5.110  222.537    1.410
   3180.00 0.137     651.459       6.441    1380.000       0.000    0.0002    5.284  650.255    4.799  218.346    1.290
   3240.00 0.128     650.134      12.084    1380.000       0.000    0.0002    5.145  659.747    5.060  214.456    1.299
   3300.00 0.128     657.181       7.695    1380.000       0.000    0.0002    4.899  781.674    5.252  210.331    1.283
   3360.00 0.125     655.859       9.414    1340.000       0.000    0.0002    4.637  895.384    5.125  206.571    1.429
   3420.00 0.118     661.909      15.560    1420.000       0.000    0.0002    4.398  897.346    5.927  204.018    1.650
   3480.00 0.108     651.927       9.524    1380.000       0.000    0.0002    4.179  847.925    5.443  202.300    1.525
   3540.00 0.110     658.933       8.756    1420.000       0.000    0.0002    3.974  765.103    4.330  200.856    1.382
   3600.00 0.107     659.364       8.455    1460.000       0.000    0.0002    3.744  650.371    4.431  199.726    1.642
   3660.00 0.104     655.012       9.741    1460.000       0.000    0.0002    3.492  545.408    4.666  197.808    1.485
   3720.00 0.102     649.712      10.577    1420.000       0.000    0.0002    3.258  543.888    5.358  195.065    1.373
   3780.00 0.096     641.367       4.962    1420.000       0.000    0.0002    3.032  586.211    4.991  192.363    1.501
   3840.00 0.095     646.769      13.179    1460.000       0.000    0.0002    2.737  587.562    4.246  190.410    1.349
   3900.00 0.088     641.058       5.794    1540.000       0.000    0.0002    2.446  482.230    4.597  188.989    1.155
   3960.00 0.091     642.534      11.968    1500.000       0.000    0.0002    2.181  383.475    4.016  187.265    0.983
   4020.00 0.094     637.604      14.271    1420.000       0.000    0.0002    1.965  351.935    2.920  185.377    0.824
   4080.00 0.095     639.332       8.072    1460.000       0.000    0.0002    1.804  297.054    3.501  183.654    0.914
   4140.00 0.090     628.283      11.989    1300.000       0.000    0.0002    1.717  301.370    3.551  182.385    0.918
   4200.00 0.091     634.340      10.458    1380.000       0.000    0.0002    1.722  300.642    3.320  181.619    0.755
   4260.00 0.094     638.088       4.703    1380.000       0.000    0.0002    1.790  278.186    2.931  181.218    0.813
   4320.00 0.091     639.355      10.753    1420.000       0.000    0.0002    1.830  313.664    3.164  181.382    0.844
   4380.00 0.091     629.115      10.831    1380.000       0.000    0.0002    1.850  387.501    3.856  182.515    0.833
   4440.00 0.089     628.877       9.699    1300.000       0.000    0.0002    1.855  443.912    4.153  184.184    0.903
   4500.00 0.091     620.107       9.733    1380.000       0.000    0.0002    1.889  467.495    3.862  185.811    0.870
   4560.00 0.096     619.190       3.848    1300.000       0.000    0.0002    1.956  457.871    3.679  187.513    0.845
   4620.00 0.099     607.921       7.129    1300.000       0.000    0.0002    2.041  395.154    3.501  189.174    0.905
   4680.00 0.102     615.800       8.067    1300.000       0.000    0.0002    2.187  364.313    3.726  190.711    1.151
   4740.00 0.105     610.233       5.163    1300.000       0.000    0.0002    2.301  394.774    4.468  192.748    1.219
   4800.00 0.110     614.566       6.637    1300.000       0.000    0.0002    2.458  460.456    4.727  195.078    1.159
   4860.00 0.111     608.659       5.626    1460.000       0.000    0.0002    2.635  398.830    4.484  196.871    1.192
   4920.00 0.109     608.456       9.306    1420.000       0.000    0.0002    2.780  445.461    4.813  198.768    1.425
   4980.00 0.114     600.598       9.231    1380.000       0.000    0.0002    2.968  484.469    4.641  201.832    1.455
   5040.00 0.115     600.803       5.243    1300.000       0.000    0.0002    3.236  511.648    5.592  205.128    1.624
   5100.00 0.120     596.389       6.978    1300.000       0.000    0.0002    3.513  591.297    5.543  207.867    1.351
   5160.00 0.120     603.415       8.537    1420.000       0.000    0.0002    3.774  570.534    4.841  210.798    1.205
   5220.00 0.121     606.424       6.263    1380.000       0.000    0.0002    4.092  556.471    4.813  214.118    1.276
   5280.00 0.127     611.214       7.437    1340.000       0.000    0.0002    4.426  567.235    5.043  217.269    1.329
   5340.00 0.130     608.776       5.838    1340.000       0.000    0.0002    4.733  470.949    4.993  220.217    1.290
   5400.00 0.128     614.753      11.521    1300.000       0.000    0.0002    5.024  452.566    4.269  222.971    1.211
   5460.00 0.135     622.976       6.824    1380.000       0.000    0.0002    5.208  426.751    4.476  225.378    1.346
   5520.00 0.136     619.496       8.129    1420.000       0.000    0.0002    5.308  482.591    5.265  228.047    1.274
   5580.00 0.138     624.938       8.289    1380.000       0.000    0.0002    5.514  485.203    4.806  231.260    1.268
   5640.00 0.136     626.022       7.168    1500.000       0.000    0.0002    5.700  500.224    4.718  234.017    1.244
   5700.00 0.136     625.868       8.014    1380.000       0.000    0.0002    5.883  527.653    4.666  236.449    1.176
   5760.00 0.131     637.346      10.953    1460.000       0.000    0.0002    6.032  527.227    4.733  238.438    1.249
   5820.00 0.129     638.904      11.645    1460.000       0.000    0.0002    6.056  639.490    4.999  240.273    1.269
   5880.00 0.129     637.618      10.662    1500.000       0.000    0.0002    6.073  731.110    5.233  242.913    1.387
   5940.00 0.133     639.227       5.083    1580.000       0.000    0.0002    6.104  743.083    4.882  245.685    1.373
   6000.00 0.133     641.026       6.264    1460.000       0.000    0.0002    6.071  635.391    4.522  247.702    1.299
   6060.00 0.132     638.745       2.214    1340.000       0.000    0.0002    6.067  600.032    5.123  249.137    1.272
   6120.00 0.136     636.043       7.878    1300.000       0.000    0.0002    6.121  760.426    5.768  250.896    1.442
   6180.00 0.133     642.647      10.699    1340.000       0.000    0.0002    6.238  857.793    5.833  253.267    1.449
   6240.00 0.135     649.892       6.498    1340.000       0.000    0.0002    6.478  993.010    5.625  256.092    1.664
   6300.00 0.137     643.203       7.046    1340.000       0.000    0.0002    6.705 1043.824    6.392  259.906    1.659
   6360.00 0.133     640.074       7.206    1500.000       0.000    0.0002    6.943 1081.319    6.574  265.150    1.584
   6420.00 0.133     647.256       3.499    1460.000       0.000    0.0002    7.320 1174.672    7.924  271.840    1.886
   6480.00 0.133     649.872       3.780    1620.000       0.000    0.0002    7.753 1438.642    7.857  278.806    2.277
   6540.00 0.128     643.848       5.029    1940.000       0.000    0.0002    7.970 1395.237    8.958  283.691    2.465
   6600.00 0.126     643.985       7.814    1940.000       0.000    0.0002    7.926 1378.791    5.862  288.039    1.707
   6660.00 0.124     649.960       7.668    1940.000       0.000    0.0002    7.610 1191.180    5.688  292.934    1.615
   6720.00 0.124     645.296       8.024    1940.000       0.000    0.0002    7.132 1122.509    5.906  292.774    1.586
   6780.00 0.125     650.607       9.863    1940.000       0.000    0.0002    6.525 1010.506    5.165  288.509    1.284
   6840.00 0.128     653.130       3.626    1540.000       0.000    0.0002    5.991  798.518    4.062  285.181    1.136
   6900.00 0.125     653.281      10.391    1460.000       0.000    0.0002    5.830  678.604    5.467  283.524    1.157
   6960.00 0.124     653.465       7.205    1500.000       0.000    0.0002    5.991  576.281    5.531  281.197    1.174
   7020.00 0.121     662.581       6.734    1460.000       0.000    0.0002    6.440  642.374    4.881  281.374    1.370
   7080.00 0.120     657.160       8.966    1460.000       0.000    0.0002    7.188  717.421    6.205  288.024    1.548
   7140.00 0.119     653.676       7.885    1500.000       0.000    0.0002    8.114  911.626    7.581  299.057    1.876
   7200.00 0.123     653.175       9.246    1460.000       0.000    0.0002    9.171 1108.359    8.950  310.129    2.106
   7260.00 0.126     658.369      11.068    1940.000       0.000    0.0002    9.959 1146.943    6.793  317.829    2.255
   7320.00 0.131     662.905       6.965    1940.000       0.000    0.0002   10.234 1139.624    6.750  319.923    2.528
   7380.00 0.133     662.198      12.344    1940.000       0.000    0.0002    9.927 1081.218    7.439  320.522    2.342
   7440.00 0.131     673.308      11.103    1940.000       0.000    0.0002    9.037 1261.289    6.175  326.721    2.043
   7500.00 0.134     684.863       2.340    1940.000       0.000    0.0002    7.921 1313.794    7.327  334.598    2.009
   7560.00 0.133     661.397      11.544    1940.000       0.000    0.0002    7.286 1288.953    7.052  335.070    2.138
   7620.00 0.133     650.276       3.131    1940.000       0.000    0.0002    7.044 1215.191    6.161  331.504    2.053
   7680.00 0.127     657.701       7.586    1940.000       0.000    0.0002    6.718 1272.224    6.621  331.359    2.015
   7740.00 0.127     641.303       9.655    1940.000       0.000    0.0002    6.250 1239.115    6.446  332.174    2.629
   7800.00 0.124     637.402       5.945    1940.000       0.000    0.0002    5.680  966.573    6.273  326.963    1.901
   7860.00 0.130     631.805       5.602    1940.000       0.000    0.0002    5.145  759.609    5.650  318.269    1.447
   7920.00 0.130     640.338       8.180    1580.000       0.000    0.0002    4.986  816.633    6.598  312.741    1.502
   7980.00 0.134     645.375       5.850    1460.000       0.000    0.0002    5.024  790.182    6.076  306.640    1.690
   8040.00 0.140     650.957      11.583    1540.000       0.000    0.0002    5.093  810.080    5.384  301.095    1.668
   8100.00 0.136     643.052      11.311    1580.000       0.000    0.0002    5.031  716.816    6.153  298.440    1.556
   8160.00 0.137     636.043      11.872    1460.000       0.000    0.0002    4.778  550.524    4.167  296.705    1.364
   8220.00 0.135     651.697       6.282    1540.000       0.000    0.0002    4.457  475.013    3.674  293.427    1.158
   8280.00 0.138     657.951       4.382    1500.000       0.000    0.0002    4.069  372.398    3.757  288.815    0.936
   8340.00 0.134     655.101       4.826    1580.000       0.000    0.0002    3.787  345.345    3.777  284.680    0.879
   8400.00 0.132     652.296       4.889    1540.000       0.000    0.0002    3.666  337.277    3.727  281.518    0.810
   8460.00 0.127     654.856       5.451    1500.000       0.000    0.0002    3.632  415.006    3.661  279.079    0.901
   8520.00 0.128     663.059       8.298    1420.000       0.000    0.0002    3.581  469.367    3.987  276.943    1.034
   8580.00 0.126     664.556      11.274    1460.000       0.000    0.0002    3.481  516.389    4.055  274.990    1.028
   8640.00 0.125     673.229      13.542    1460.000       0.000    0.0002    3.346  513.579    4.350  274.187    1.300
   8700.00 0.121     664.939       8.583    1500.000       0.000    0.0002    3.294  458.766    3.985  273.662    1.167
   8760.00 0.117     662.328       5.489    1460.000       0.000    0.0002    3.228  433.508    3.890  272.532    1.224
   8820.00 0.122     665.531       5.050    1540.000       0.000    0.0002    3.158  451.438    3.714  271.719    0.966
   8880.00 0.119     656.230       6.844    1540.000       0.000    0.0002    3.144  457.166    3.689  271.891    0.929
   8940.00 0.118     660.580       6.957    1500.000       0.000    0.0002    3.183  405.943    3.950  272.050    0.955
   9000.00 0.119     660.082       8.975    1500.000       0.000    0.0002    3.281  426.830    4.427  273.071    1.150
   9060.00 0.111     655.242       1.189    1500.000       0.000    0.0002    3.463  441.893    5.035  275.623    1.224
   9120.00 0.112     637.155       9.672    1460.000       0.000    0.0002    3.690  452.864    4.983  277.654    1.343
   9180.00 0.111     642.203      14.141    1580.000       0.000    0.0002    3.910  500.203    5.174  278.846    1.293
   9240.00 0.116     657.895       9.389    1420.000       0.000    0.0002    4.039  506.913    5.216  280.031    1.421
   9300.00 0.120     658.208       9.939    1460.000       0.000    0.0002    4.082  550.250    5.420  281.836    1.673
   9360.00 0.123     650.219       8.986    1420.000       0.000    0.0002    4.122  642.428    5.030  283.767    1.679
   9420.00 0.126     652.819       6.486    1460.000       0.000    0.0002    3.990  600.306    5.552  284.639    1.382
   9480.00 0.124     636.220      10.906    1380.000       0.000    0.0002    3.799  586.249    5.677  285.852    1.332
   9540.00 0.123     633.598       3.857    1420.000       0.000    0.0002    3.681  524.155    4.806  287.825    1.050
   9600.00 0.125     630.547       3.477    1340.000       0.000    0.0002    3.615  486.454    5.130  287.878    1.132
   9660.00 0.127     635.000       5.462    1460.000       0.000    0.0002    3.641  481.561    5.229  286.876    1.088
   9720.00 0.123     630.020       7.078    1380.000       0.000    0.0002    3.696  473.690    4.795  285.949    1.124
   9780.00 0.124     630.277       1.067    1420.000       0.000    0.0002    3.740  446.825    4.822  284.554    1.133
   9840.00 0.124     625.658       8.959    1420.000       0.000    0.0002    3.779  497.779    4.894  284.503    1.232
   9900.00 0.128     628.779      10.000    1460.000       0.000    0.0002    3.737  542.143    4.315  285.239    1.203
   9960.00 0.135     627.076       5.451    1420.000       0.000    0.0002    3.516  489.760    4.238  284.683    1.006
  10020.00 0.138     642.686       1.979    1460.000       0.000    0.0002    3.231  387.601    3.838  283.688    0.937
  10080.00 0.137     640.535       7.950    1380.000       0.000    0.0002    2.966  286.868    3.578  282.739    0.951
  10140.00 0.134     639.127       8.873    1340.000       0.000    0.0002    2.761  274.573    3.493  280.912    0.864
  10200.00 0.138     640.071       6.537    1420.000       0.000    0.0002    2.660  237.464    3.638  279.153    0.855
  10260.00 0.138     638.657       7.633    1380.000       0.000    0.0002    2.653  204.435    3.568  278.555    0.822
  10320.00 0.141     633.194       4.375    1420.000       0.000    0.0002    2.749  206.401    3.559  278.137    0.894
  10380.00 0.135     627.076       8.736    1340.000       0.000    0.0002    2.918  213.448    3.832  277.937    0.957
  10440.00 0.141     623.472       6.736    1380.000       0.000    0.0002    3.194  227.602    3.849  278.917    0.995
  10500.00 0.143     627.509       2.526    1380.000       0.000    0.0002    3.489  299.904    4.181  280.448    1.189
  10560.00 0.146     625.284       8.094    1420.000       0.000    0.0002    3.770  355.332    4.788  281.712    1.296
  10620.00 0.153     630.048      21.536    1380.000       0.000    0.0002    4.040  455.182    5.741  283.256    1.243
  10680.00 0.157     635.739       7.309    1380.000       0.000    0.0002    4.253  482.957    4.977  285.046    1.227
  10740.00 0.156     645.477       5.164    1340.000       0.000    0.0002    4.441  402.308    4.431  286.325    1.413
  10800.00 0.151     649.173      10.632    1420.000       0.000    0.0002    4.614  385.493    4.808  287.769    1.173
  10860.00 0.155     648.868       6.478    1500.000       0.000    0.0002    4.762  439.549    4.445  290.206    1.067
  10920.00 0.155     646.079       4.756    1420.000       0.000    0.0002    4.960  463.889    4.901  292.870    1.093
  10980.00 0.156     661.442       8.871    1460.000       0.000    0.0002    5.128  420.842    5.008  294.807    1.217
  11040.00 0.153     661.019       7.452    1420.000       0.000    0.0002    5.251  490.527    5.006  296.182    1.115
  11100.00 0.149     656.993      11.013    1380.000       0.000    0.0002    5.344  537.150    5.157  297.770    1.218
  11160.00 0.146     662.471      11.052    1420.000       0.000    0.0002    5.307  540.928    4.715  299.559    1.568
  11220.00 0.147     670.516       5.491    1460.000       0.000    0.0002    5.225  511.652    4.739  300.035    1.729
  11280.00 0.146     664.800       5.367    1540.000       0.000    0.0002    5.074  429.964    4.779  299.220    1.273
  11340.00 0.149     663.856       4.575    1420.000       0.000    0.0002    4.901  398.641    5.038  298.431    1.168
  11400.00 0.148     663.504       1.983    1420.000       0.000    0.0002    4.738  359.931    4.864  297.233    1.091
  11460.00 0.140     670.750       4.956    1420.000       0.000    0.0002    4.597  378.216    4.162  295.765    1.125
  11520.00 0.143     676.752      12.479    1460.000       0.000    0.0002    4.486  431.882    5.004  295.915    1.203
  11580.00 0.146     682.133       4.167    1420.000       0.000    0.0002    4.477  503.400    5.896  297.738    1.259
  11640.00 0.147     671.229       6.545    1380.000       0.000    0.0002    4.529  569.315    6.296  299.058    1.442
  11700.00 0.138     671.449       6.502    1340.000       0.000    0.0002    4.525  659.288    5.790  299.643    1.615
  11760.00 0.140     671.548      11.861    1420.000       0.000    0.0002    4.471  789.953    6.231  300.203    1.685
  11820.00 0.136     674.317       5.504    1540.000       0.000    0.0002    4.376  874.133    6.481  300.553    1.695
  11880.00 0.136     672.093       2.218    1380.000       0.000    0.0002    4.145  942.063    7.394  299.697    1.833
  11940.00 0.133     671.282       5.971    1420.000       0.000    0.0002    3.788  932.852    6.149  298.288    1.635
  12000.00 0.133     664.762       8.352    1580.000       0.000    0.0002    3.425  688.094    4.490  297.682    1.063
  12060.00 0.134     655.036       8.321    1540.000       0.000    0.0002    3.162  469.500    5.628  296.677    1.303
  12120.00 0.139     657.891      11.002    1500.000       0.000    0.0002    3.095  481.262    5.729  293.948    1.094
  12180.00 0.135     655.789       7.586    1460.000       0.000    0.0002    3.205  433.697    4.342  291.718    1.132
  12240.00 0.135     654.946       4.549    1460.000       0.000    0.0002    3.389  324.286    5.086  292.177    1.046
  12300.00 0.136     655.778       8.909    1460.000       0.000    0.0002    3.678  395.202    4.939  294.339    1.068
  12360.00 0.132     658.521      10.203    1420.000       0.000    0.0002    3.928  490.998    4.960  296.458    1.075
  12420.00 0.137     666.417       5.419    1500.000       0.000    0.0002    4.139  520.407    4.973  298.268    1.146
  12480.00 0.132     664.059       5.867    1620.000       0.000    0.0002    4.350  461.210    5.530  299.934    1.196
  12540.00 0.139     667.439       4.632    1460.000       0.000    0.0002    4.478  420.615    6.056  302.083    1.262
  12600.00 0.140     674.101       4.503    1380.000       0.000    0.0002    4.702  451.693    5.492  305.906    1.299
  12660.00 0.141     667.639      10.799    1380.000       0.000    0.0002    4.977  504.726    5.906  310.398    1.529
  12720.00 0.140     669.371      10.210    1460.000       0.000    0.0002    5.354  473.414    6.791  314.101    1.341
  12780.00 0.142     675.232      15.712    1500.000       0.000    0.0002    5.707  529.170    6.028  318.080    1.280
  12840.00 0.142     672.921       5.155    1460.000       0.000    0.0002    6.017  564.561    6.358  321.955    1.583
  12900.00 0.141     674.879       6.263    1500.000       0.000    0.0002    6.343  670.092    7.656  326.051    1.631
  12960.00 0.144     675.296       7.614    1500.000       0.000    0.0002    6.667  744.399    6.675  331.007    1.777
  13020.00 0.143     677.808       5.240    1540.000       0.000    0.0002    6.724  756.964    6.702  334.723    1.796
  13080.00 0.148     686.535      12.673    1540.000       0.000    0.0002    6.560  732.573    6.617  335.639    1.556
  13140.00 0.151     681.613       3.000    1540.000       0.000    0.0002    6.214  673.148    5.356  334.201    1.687
  13200.00 0.147     678.278       2.185    1580.000       0.000    0.0002    5.792  472.105    4.510  333.956    1.531
  13260.00 0.151     674.846       5.673    1500.000       0.000    0.0002    5.439  411.524    5.137  335.390    1.116
  13320.00 0.150     671.466      12.182    1460.000       0.000    0.0002    5.446  436.053    5.304  336.334    1.180
  13380.00 0.146     651.052       7.880    1460.000       0.000    0.0002    5.732  512.592    5.398  336.439    1.186
  13440.00 0.149     651.921       6.371    1420.000       0.000    0.0002    6.179  565.024    5.638  338.410    1.270
  13500.00 0.150     648.813       9.659    1420.000       0.000    0.0002    6.832  654.836    6.306  343.513    1.507
  13560.00 0.147     661.924       9.420    1540.000       0.000    0.0002    7.518  707.951    6.248  350.075    1.535
  13620.00 0.152     666.495       4.244    1500.000       0.000    0.0002    8.191  794.470    6.847  358.267    1.600
  13680.00 0.157     666.957       9.130    1420.000       0.000    0.0002    8.799  969.394    6.923  367.735    1.729
  13740.00 0.157     681.180      13.012    1460.000       0.000    0.0002    9.222 1001.569    7.103  376.271    1.730
  13800.00 0.160     683.415       7.896    1500.000       0.000    0.0002    9.634  890.295    5.781  383.723    1.707
  13860.00 0.164     686.985       9.463    1940.000       0.000    0.0002   10.059  774.120    6.822  391.825    1.654
  13920.00 0.167     690.437       6.210    1580.000       0.000    0.0002   10.436  906.108    6.504  400.691    1.557
  13980.00 0.174     693.997      10.996    1540.000       0.000    0.0002   10.587  803.692    6.968  407.491    1.663
  14040.00 0.173     701.862       6.911    1620.000       0.000    0.0002   10.631  748.319    7.311  413.190    1.736
  14100.00 0.178     698.851       6.074    1580.000       0.000    0.0002   10.799  865.325    8.084  415.902    1.931
  14160.00 0.177     696.259       8.858    1580.000       0.000    0.0002   10.669  973.806    7.423  417.991    2.056
  14220.00 0.172     705.349       9.189    1940.000       0.000    0.0002   10.245 1111.708    9.542  421.543    2.513
  14280.00 0.165     710.386       4.866    1940.000       0.000    0.0002    9.855 1173.519    7.868  422.158    2.708
  14340.00 0.166     683.387       5.449    1940.000       0.000    0.0002    9.375 1018.821    8.382  418.552    2.179
  14400.00 0.159     688.326       8.602    1660.000       0.000    0.0002    8.733  782.525    6.081  417.817    1.759
  14460.00 0.166     689.514       3.034    1940.000       0.000    0.0002    7.970  648.491    6.036  419.420    1.710
  14520.00 0.167     685.109       8.175    1500.000       0.000    0.0002    7.480  713.671    6.690  412.855    1.567
  14580.00 0.169     676.243       7.225    1620.000       0.000    0.0002    7.179  737.921    6.163  407.106    1.484
  14640.00 0.170     687.393       7.278    1460.000       0.000    0.0002    7.023  636.534    6.531  406.239    1.689
  14700.00 0.166     697.000      10.118    1580.000       0.000    0.0002    6.974  725.547    6.117  406.594    1.597
  14760.00 0.164     698.390       6.826    1540.000       0.000    0.0002    7.007  763.801    6.441  403.593    1.880
  14820.00 0.160     690.000       4.573    1620.000       0.000    0.0002    6.811  677.565    6.779  398.575    1.791
  14880.00 0.158     692.210       6.430    1620.000       0.000    0.0002    6.634  699.078    6.160  397.971    1.654
  14940.00 0.158     695.926       7.407    1500.000       0.000    0.0002    6.492  779.532    7.469  400.873    1.692
  15000.00 0.153     684.256       6.784    1460.000       0.000    0.0002    6.603  811.040    7.221  401.803    1.769
  15060.00 0.151     684.258       8.129    1580.000       0.000    0.0002    6.770 1046.900    8.419  401.273    1.938
  15120.00 0.148     667.249       5.568    1620.000       0.000    0.0002    6.844 1026.881    7.518  402.224    1.763
  15180.00 0.149     673.465       5.583    1500.000       0.000    0.0002    6.812 1146.144    8.643  403.690    2.085
  15240.00 0.148     669.521       6.050    1940.000       0.000    0.0002    6.934 1005.417    6.901  404.995    1.598
  15300.00 0.153     678.309       7.528    1620.000       0.000    0.0002    7.069  854.212    6.242  408.384    1.672
  15360.00 0.153     681.529      14.809    1580.000       0.000    0.0002    7.209  668.375    5.659  411.831    1.357
  15420.00 0.162     682.797      10.406    1620.000       0.000    0.0002    7.288  829.838    6.418  413.607    1.452
  15480.00 0.163     685.187       8.456    1500.000       0.000    0.0002    7.302  930.666    7.395  412.218    1.812
  15540.00 0.162     684.713      11.601    1500.000       0.000    0.0002    7.294  896.087    5.953  410.147    1.864
  15600.00 0.158     685.944       6.780    1940.000       0.000    0.0002    7.328  905.089    5.978  411.525    1.587
  15660.00 0.159     687.650       4.700    1580.000       0.000    0.0002    7.336  759.686    6.514  414.902    1.630
  15720.00 0.155     694.502       3.918    1620.000       0.000    0.0002    7.313  774.567    6.272  416.183    1.633
  15780.00 0.150     677.850       5.863    1500.000       0.000    0.0002    7.416  881.060    7.294  416.489    1.950
  15840.00 0.151     678.869       8.498    1500.000       0.000    0.0002    7.630  905.508    6.629  416.732    2.192
  15900.00 0.149     679.967       9.458    1940.000       0.000    0.0002    7.895  891.119    7.286  419.073    1.981
  15960.00 0.148     676.277      11.664    1940.000       0.000    0.0002    8.350  831.506    8.266  425.847    1.852
  16020.00 0.147     681.431       6.190    1580.000       0.000    0.0002    8.967 1024.139    7.997  434.392    1.933
  16080.00 0.150     694.286      12.435    1660.000       0.000    0.0002    9.658 1261.086    8.282  441.253    2.042
  16140.00 0.153     692.576      13.216    1980.000       0.000    0.0002   10.288 1447.060    8.668  449.496    2.416
  16200.00 0.151     688.479       8.123    1940.000       0.000    0.0002   10.751 1508.139   10.494  458.808    2.471
  16260.00 0.151     689.273      10.242    1940.000       0.000    0.0002   10.678 1511.007   10.579  464.098    2.649
  16320.00 0.157     687.745       3.453    1940.000       0.000    0.0002    9.891 1418.672    7.002  462.520    2.123
  16380.00 0.158     690.926       5.093    2020.000       0.000    0.0002    8.816  876.873    7.765  460.835    1.700
  16440.00 0.163     696.702       6.807    1940.000       0.000    0.0002    7.776  733.876    6.240  463.258    1.647
  16500.00 0.158     688.228       4.499    1580.000       0.000    0.0002    7.130  661.002    6.920  458.507    1.490
  16560.00 0.160     687.378       7.348    1460.000       0.000    0.0002    6.833  659.291    6.565  445.848    1.503
  16620.00 0.154     694.992       5.800    1580.000       0.000    0.0002    6.690  712.255    6.051  438.279    1.649
  16680.00 0.154     688.734       9.019    1580.000       0.000    0.0002    6.544  721.664    5.397  435.287    1.863
  16740.00 0.162     696.139      10.769    1660.000       0.000    0.0002    6.434  763.190    6.313  432.261    1.749
  16800.00 0.164     697.317       5.544    1620.000       0.000    0.0002    6.421  738.450    5.829  428.577    1.482
  16860.00 0.163     704.311       5.180    1540.000       0.000    0.0002    6.435  599.254    5.066  426.701    1.984
  16920.00 0.159     715.422       5.837    1540.000       0.000    0.0002    6.394  505.894    5.763  427.222    1.438
  16980.00 0.164     725.216      10.075    1500.000       0.000    0.0002    6.329  572.230    5.086  426.339    1.213
  17040.00 0.160     717.405       9.802    1500.000       0.000    0.0002    6.305  669.346    5.764  423.990    1.497
  17100.00 0.153     710.382      13.885    1540.000       0.000    0.0002    6.424  641.999    5.691  422.361    1.566
  17160.00 0.152     707.127       5.297    1500.000       0.000    0.0002    6.649  737.879    5.906  423.284    1.500
  17220.00 0.149     707.124       7.353    1500.000       0.000    0.0002    6.962  782.612    7.494  426.933    1.600
  17280.00 0.152     713.698       9.196    1580.000       0.000    0.0002    7.368  844.164    8.309  431.202    1.870
  17340.00 0.154     713.037       8.203    1580.000       0.000    0.0002    7.701  820.153    8.398  434.956    1.794
  17400.00 0.147     705.041       7.662    1940.000       0.000    0.0002    7.982  930.992    6.837  435.907    1.847
  17460.00 0.149     708.969       8.151    1940.000       0.000    0.0002    8.004  916.852    7.117  435.422    1.738
  17520.00 0.148     704.811       8.369    1540.000       0.000    0.0002    7.800  954.408    7.518  436.517    1.973
  17580.00 0.142     711.862      13.276    1660.000       0.000    0.0002    7.305  915.494    6.002  435.563    1.669
  17640.00 0.142     704.803       9.331    1580.000       0.000    0.0002    6.645  934.221    6.993  432.708    1.641
  17700.00 0.144     693.820      10.798    1580.000       0.000    0.0002    6.095  922.505    7.489  431.700    1.648
  17760.00 0.143     692.889      12.444    1620.000       0.000    0.0002    5.738  810.289    7.612  430.816    1.790
  17820.00 0.140     687.902       8.252    1460.000       0.000    0.0002    5.528  908.051    8.781  427.069    2.200
  17880.00 0.136     679.640       9.101    1940.000       0.000    0.0002    5.303  808.412    6.503  420.668    1.754
  17940.00 0.136     676.619       8.453    1580.000       0.000    0.0002    5.230  669.818    5.696  418.017    1.454
  18000.00 0.135     685.099       5.787    1580.000       0.000    0.0002    5.134  657.621    6.873  417.741    1.616
  18060.00 0.138     687.752       7.327    1580.000       0.000    0.0002    5.069  777.104    7.033  415.305    1.594
  18120.00 0.140     698.325       1.431    1540.000       0.000    0.0002    5.145  794.780    6.301  412.090    1.470
  18180.00 0.137     692.714       6.893    1540.000       0.000    0.0002    5.289  795.468    5.378  411.551    1.672
  18240.00 0.131     693.881       6.306    1500.000       0.000    0.0002    5.317  763.927    5.142  411.834    1.719
  18300.00 0.135     711.604       8.793    1500.000       0.000    0.0002    5.187  510.029    6.463  410.653    1.274
  18360.00 0.135     706.751       4.791    1420.000       0.000    0.0002    4.989  557.406    6.226  409.465    1.513
  18420.00 0.135     711.449       7.862    1420.000       0.000    0.0002    4.810  495.494    6.402  407.786    1.420
  18480.00 0.134     704.891      15.182    1500.000       0.000    0.0002    4.766  610.216    6.672  405.158    1.573
  18540.00 0.136     714.101      12.770    1460.000       0.000    0.0002    4.822  588.318    6.757  404.466    1.527
  18600.00 0.130     714.539      11.262    1580.000       0.000    0.0002    4.928  635.743    6.352  405.355    1.584
  18660.00 0.130     709.040       6.026    1500.000       0.000    0.0002    4.903  623.357    6.899  404.379    1.880
  18720.00 0.127     703.762       5.106    1580.000       0.000    0.0002    4.660  533.453    6.969  400.942    1.402
  18780.00 0.123     701.109      12.554    1580.000       0.000    0.0002    4.359  428.843    5.616  399.051    1.361
  18840.00 0.125     698.519       5.692    1580.000       0.000    0.0002    4.027  407.104    5.603  399.100    1.465
  18900.00 0.128     701.145       5.649    1620.000       0.000    0.0002    3.697  424.307    6.362  398.217    1.302
  18960.00 0.122     685.972       4.449    1540.000       0.000    0.0002    3.474  549.729    6.553  396.453    1.313
  19020.00 0.125     691.373       2.980    1580.000       0.000    0.0002    3.424  609.006    6.430  394.250    1.311
  19080.00 0.123     689.004       9.522    1540.000       0.000    0.0002    3.357  713.798    7.490  392.027    1.723
  19140.00 0.123     693.082      13.638    1540.000       0.000    0.0002    3.274  653.326    5.642  390.992    1.265
  19200.00 0.124     686.457       7.559    1540.000       0.000    0.0002    3.264  382.273    5.395  391.554    1.078
  19260.00 0.130     686.968       7.081    1540.000       0.000    0.0002    3.218  331.236    4.602  391.661    1.048
  19320.00 0.133     688.791      10.769    1500.000       0.000    0.0002    3.249  267.837    4.370  390.368    1.108
  19380.00 0.132     694.434      10.649    1500.000       0.000    0.0002    3.355  296.389    4.499  389.678    1.283
  19440.00 0.132     690.872       3.748    1420.000       0.000    0.0002    3.577  385.686    6.157  391.902    1.521
  19500.00 0.127     694.066       2.620    1420.000       0.000    0.0002    3.871  412.315    6.297  395.615    1.307
  19560.00 0.136     694.317       9.640    1420.000       0.000    0.0002    4.219  358.712    5.682  398.009    1.207
  19620.00 0.134     697.075       5.521    1500.000       0.000    0.0002    4.512  370.926    5.383  399.790    1.291
  19680.00 0.136     703.232      11.203    1540.000       0.000    0.0002    4.762  453.668    5.781  403.422    1.301
  19740.00 0.137     702.629       9.982    1460.000       0.000    0.0002    4.951  468.009    5.623  409.080    1.316
  19800.00 0.133     698.088       8.015    1540.000       0.000    0.0002    5.193  484.629    5.515  413.209    1.391
  19860.00 0.139     693.743       8.471    1580.000       0.000    0.0002    5.328  479.882    5.679  414.821    1.406
  19920.00 0.147     700.864       5.449    1620.000       0.000    0.0002    5.319  485.796    5.799  416.304    1.468
  19980.00 0.149     697.971       5.205    1500.000       0.000    0.0002    5.213  491.978    5.695  416.673    1.247
  20040.00 0.144     705.306       7.143    1540.000       0.000    0.0002    4.915  436.283    5.537  415.008    1.299
  20100.00 0.142     699.793       7.814    1500.000       0.000    0.0002    4.528  479.029    5.821  413.206    1.324
  20160.00 0.149     704.072       8.703    1540.000       0.000    0.0002    4.336  460.280    4.968  413.845    1.181
  20220.00 0.148     692.409       3.399    1500.000       0.000    0.0002    4.303  406.028    4.849  415.544    1.339
  20280.00 0.147     681.656      10.430    1380.000       0.000    0.0002    4.470  411.719    5.697  416.665    1.406
  20340.00 0.142     669.793       5.828    1460.000       0.000    0.0002    4.832  464.847    5.976  418.955    1.317
  20400.00 0.139     672.724      12.021    1500.000       0.000    0.0002    5.324  499.315    6.101  423.346    1.392
  20460.00 0.142     680.103       7.160    1380.000       0.000    0.0002    5.939  585.998    6.756  428.058    1.715
  20520.00 0.144     681.361       5.340    1460.000       0.000    0.0002    6.514  572.408    7.910  431.191    1.978
  20580.00 0.149     683.738       7.574    1500.000       0.000    0.0002    6.908  599.410    7.840  433.288    1.735
  20640.00 0.153     691.552       9.920    1540.000       0.000    0.0002    7.207  630.068    5.907  436.383    1.413
  20700.00 0.153     693.600      10.464    1580.000       0.000    0.0002    7.327  508.392    6.385  440.801    1.597
  20760.00 0.159     694.092       8.554    1500.000       0.000    0.0002    7.618  458.782    5.851  446.178    1.322
  20820.00 0.155     695.261       9.731    1620.000       0.000    0.0002    8.099  497.084    5.934  451.566    1.533
  20880.00 0.155     693.681      11.627    1580.000       0.000    0.0002    8.859  582.681    6.539  459.863    1.457
  20940.00 0.153     694.522       5.732    1580.000       0.000    0.0002    9.818  704.743    7.362  470.771    1.793
  21000.00 0.155     706.130       7.551    1500.000       0.000    0.0002   10.656  782.379    8.189  480.196    2.011
  21060.00 0.159     711.121       9.739    1500.000       0.000    0.0002   11.166  903.542    7.687  485.864    1.897
  21120.00 0.157     726.605       9.891    1940.000       0.000    0.0002   11.134  915.621    6.762  488.222    1.887
  21180.00 0.161     725.615       3.824    1940.000       0.000    0.0002   10.638  742.313    6.423  488.964    1.716
  21240.00 0.162     744.592      20.393    1620.000       0.000    0.0002    9.769  896.543    7.242  490.978    1.772
  21300.00 0.159     749.693       9.018    1620.000       0.000    0.0002    8.941  758.997    7.341  492.678    1.765
  21360.00 0.160     739.695       4.146    1580.000       0.000    0.0002    8.357  814.052    8.234  489.351    1.849
  21420.00 0.151     728.885       2.746    1500.000       0.000    0.0002    8.322  870.441    7.501  483.607    1.855
  21480.00 0.151     728.738      10.227    1460.000       0.000    0.0002    8.495  934.840    7.365  482.132    1.906
  21540.00 0.156     736.817      11.763    1540.000       0.000    0.0002    8.697  824.979    6.803  483.898    1.793
  21600.00 0.152     729.711       8.714    1700.000       0.000    0.0002    8.888  897.642    7.289  485.780    1.998
  21660.00 0.151     733.473       3.360    1700.000       0.000    0.0002    8.959 1031.174    8.129  486.366    2.161
  21720.00 0.153     726.944      11.488    1940.000       0.000    0.0002    8.580 1075.993    8.116  484.380    1.982
  21780.00 0.154     729.316       7.886    1940.000       0.000    0.0002    8.186  940.890    6.971  483.116    2.000
  21840.00 0.152     736.399       5.498    1620.000       0.000    0.0002    8.042  617.021    6.423  488.714    1.610
  21900.00 0.149     722.586      11.849    1500.000       0.000    0.0002    8.244  638.932    7.391  494.082    1.582
  21960.00 0.150     726.104      10.714    1500.000       0.000    0.0002    8.614  789.898    7.932  494.312    1.658
  22020.00 0.157     718.791       8.527    1500.000       0.000    0.0002    9.176  885.740    7.188  497.505    1.624
  22080.00 0.159     725.069       7.773    1580.000       0.000    0.0002    9.604  977.890    8.724  503.500    2.041
  22140.00 0.160     731.646      11.768    1940.000       0.000    0.0002    9.708  835.636    6.359  503.321    1.951
  22200.00 0.160     737.496       9.008    2020.000       0.000    0.0002    9.487  893.632    6.846  501.998    2.116
  22260.00 0.160     737.805       9.756    1940.000       0.000    0.0002    9.116  684.012    6.822  504.788    1.532
  22320.00 0.159     747.189       5.929    1700.000       0.000    0.0002    8.732  637.868    6.887  507.681    1.748
  22380.00 0.159     746.954      12.769    1580.000       0.000    0.0002    8.429  732.152    7.254  504.726    1.729
  22440.00 0.148     751.513       4.737    1660.000       0.000    0.0002    8.227  700.725    7.119  498.664    1.739
  22500.00 0.154     731.315       8.590    1580.000       0.000    0.0002    7.947  720.981    6.339  493.406    1.880
  22560.00 0.156     735.604       9.356    1580.000       0.000    0.0002    7.468  626.469    5.952  489.001    1.659
  22620.00 0.152     733.654      10.385    1620.000       0.000    0.0002    6.889  684.785    5.919  486.901    1.540
  22680.00 0.151     739.097      13.935    1620.000       0.000    0.0002    6.462  760.836    6.182  486.154    1.726
  22740.00 0.151     730.839       9.581    1540.000       0.000    0.0002    6.471  689.330    6.507  485.533    1.786
  22800.00 0.148     729.355      11.471    1700.000       0.000    0.0002    6.569  665.891    7.361  484.797    1.733
  22860.00 0.146     723.612      13.344    1700.000       0.000    0.0002    6.551  648.527    7.987  483.752    1.829
  22920.00 0.140     719.895       5.654    1580.000       0.000    0.0002    6.401  663.477    7.121  481.996    1.860
  22980.00 0.142     720.034       6.278    1940.000       0.000    0.0002    6.109  692.977    8.186  478.368    1.767
  23040.00 0.142     713.379      15.379    1620.000       0.000    0.0002    5.686  682.181    6.165  473.196    1.629
  23100.00 0.141     710.121       7.903    1540.000       0.000    0.0002    5.351  719.152    6.672  470.365    1.731
  23160.00 0.141     709.289      10.433    1620.000       0.000    0.0002    5.197  760.872    7.904  468.011    1.789
  23220.00 0.139     708.944      10.387    1500.000       0.000    0.0002    4.992  808.455    6.573  463.163    1.631
  23280.00 0.143     716.684       7.111    1620.000       0.000    0.0002    4.927  613.692    5.980  460.504    1.393
  23340.00 0.143     728.376       8.239    1580.000       0.000    0.0002    4.798  714.779    6.281  459.741    1.569
  23400.00 0.141     726.135       3.570    1580.000       0.000    0.0002    4.698  634.642    6.715  457.130    1.469
  23460.00 0.143     738.493      11.336    1540.000       0.000    0.0002    4.583  572.217    7.263  454.118    1.554
  23520.00 0.134     741.964       5.345    1580.000       0.000    0.0002    4.428  628.666    7.120  452.310    1.599
  23580.00 0.128     738.547       2.141    1620.000       0.000    0.0002    4.118  625.267    6.407  448.573    1.688
  23640.00 0.125     736.328       4.023    1620.000       0.000    0.0002    3.709  511.339    5.049  443.597    1.089
  23700.00 0.121     732.323       5.414    1500.000       0.000    0.0002    3.315  300.722    4.529  440.978    1.084
  23760.00 0.120     722.520       5.488    1500.000       0.000    0.0002    3.020  304.303    4.291  437.229    1.109
  23820.00 0.114     715.931       3.084    1500.000       0.000    0.0002    2.702  277.027    4.603  431.302    1.186
  23880.00 0.115     711.416       4.101    1420.000       0.000    0.0002    2.485  274.360    4.786  427.548    1.191
  23940.00 0.113     706.825       8.769    1420.000       0.000    0.0002    2.289  296.087    4.986  424.313    1.433
  24000.00 0.110     701.947       6.195    1460.000       0.000    0.0002    2.178  300.608    5.006  420.449    1.541
  24060.00 0.105     698.333      12.546    1540.000       0.000    0.0002    2.158  341.418    4.918  417.697    1.158
  24120.00 0.111     681.498       9.648    1420.000       0.000    0.0002    2.137  383.478    5.176  415.631    1.340
  24180.00 0.106     681.885       7.218    1500.000       0.000    0.0002    2.132  376.262    5.184  413.277    1.389
  24240.00 0.111     680.793       9.824    1500.000       0.000    0.0002    2.135  358.609    4.542  411.552    1.306
  24300.00 0.113     673.970       5.076    1540.000       0.000    0.0002    2.145  308.236    4.920  410.610    1.090
  24360.00 0.115     676.068      13.658    1380.000       0.000    0.0002    2.203  311.212    4.696  409.510    1.110
  24420.00 0.118     674.186       7.464    1380.000       0.000    0.0002    2.224  284.126    5.334  407.710    1.235
  24480.00 0.119     676.933      11.043    1380.000       0.000    0.0002    2.318  296.872    5.137  406.938    1.140
  24540.00 0.119     690.637       3.984    1580.000       0.000    0.0002    2.427  326.993    5.928  407.887    1.183
  24600.00 0.123     684.573       7.913    1500.000       0.000    0.0002    2.537  343.689    6.096  408.529    1.385
  24660.00 0.123     679.802      12.079    1460.000       0.000    0.0002    2.658  399.557    5.935  408.204    1.293
  24720.00 0.123     683.050      10.218    1460.000       0.000    0.0002    2.815  430.484    5.401  408.786    1.354
  24780.00 0.123     686.799       5.487    1420.000       0.000    0.0002    2.970  343.105    4.764  409.681    1.117
  24840.00 0.125     693.930      13.074    1380.000       0.000    0.0002    3.104  366.452    4.740  409.666    1.248
  24900.00 0.119     688.525       4.467    1460.000       0.000    0.0002    3.333  412.162    5.557  409.361    1.389
  24960.00 0.118     691.010       5.278    1460.000       0.000    0.0002    3.618  461.660    5.622  411.817    1.355
  25020.00 0.120     683.529       5.355    1460.000       0.000    0.0002    3.961  485.852    5.930  416.369    1.423
  25080.00 0.124     693.713       7.191    1460.000       0.000    0.0002    4.238  534.677    6.794  418.616    1.644
  25140.00 0.127     698.161      10.230    1500.000       0.000    0.0002    4.585  650.165    6.759  419.395    1.517
  25200.00 0.135     700.505       6.715    1620.000       0.000    0.0002    4.867  716.699    7.536  422.911    1.735
  25260.00 0.134     703.934       3.607    1460.000       0.000    0.0002    5.065  762.950    6.688  427.731    1.926
  25320.00 0.130     710.376       4.474    1580.000       0.000    0.0002    5.105  734.255    6.411  429.019    1.758
  25380.00 0.133     713.358      13.615    1620.000       0.000    0.0002    5.014  763.234    6.863  429.379    1.754
  25440.00 0.125     718.317       7.906    1580.000       0.000    0.0002    5.029  874.099    6.763  431.236    1.537
  25500.00 0.128     724.229       3.581    1620.000       0.000    0.0002    5.017  670.221    5.493  430.212    1.622
  25560.00 0.136     716.918       9.140    1500.000       0.000    0.0002    4.844  483.547    5.678  427.211    1.537
  25620.00 0.139     720.035       5.694    1500.000       0.000    0.0002    4.523  472.077    6.004  424.470    1.463
  25680.00 0.139     720.175       6.550    1580.000       0.000    0.0002    3.910  419.273    4.891  423.100    1.171
  25740.00 0.141     723.945       7.958    1580.000       0.000    0.0002    3.441  339.903    4.426  421.217    1.111
  25800.00 0.140     717.282      14.390    1500.000       0.000    0.0002    3.194  368.364    4.482  416.879    1.147
  25860.00 0.134     705.620       8.723    1460.000       0.000    0.0002    3.146  411.388    5.335  412.676    1.226
  25920.00 0.136     713.190      11.326    1500.000       0.000    0.0002    3.271  468.378    6.637  410.983    1.480
  25980.00 0.138     708.354       4.885    1460.000       0.000    0.0002    3.518  463.432    7.246  411.883    1.334
  26040.00 0.139     705.343       5.237    1500.000       0.000    0.0002    3.799  524.939    5.598  413.217    1.508
  26100.00 0.139     699.650       7.496    1500.000       0.000    0.0002    4.074  380.824    4.791  412.813    1.357
  26160.00 0.143     708.752       5.504    1500.000       0.000    0.0002    4.360  365.033    5.820  414.594    1.361
  26220.00 0.151     705.705       8.525    1500.000       0.000    0.0002    4.658  509.177    6.671  420.109    1.618
  26280.00 0.149     714.379       5.458    1540.000       0.000    0.0002    5.022  633.379    6.962  425.542    1.673
  26340.00 0.148     723.300      11.023    1500.000       0.000    0.0002    5.403  644.749    7.816  429.896    1.851
  26400.00 0.149     731.593       3.448    1500.000       0.000    0.0002    5.712  712.066    7.528  433.800    1.725
  26460.00 0.150     728.571       3.279    1940.000       0.000    0.0002    5.945  722.493    6.645  438.827    1.755
  26520.00 0.147     729.585      10.713    1940.000       0.000    0.0002    6.017  707.559    6.712  445.144    1.664
  26580.00 0.146     729.800       8.333    1700.000       0.000    0.0002    6.056  612.149    6.462  450.544    1.923
  26640.00 0.156     726.416       3.850    1620.000       0.000    0.0002    5.996  644.117    8.567  454.617    2.244
  26700.00 0.155     727.950      12.965    1580.000       0.000    0.0002    5.954  733.162    8.393  458.564    1.771
  26760.00 0.153     723.424       9.312    1540.000       0.000    0.0002    5.951  908.067    9.361  459.515    2.054
  26820.00 0.154     717.460       5.873    1940.000       0.000    0.0002    5.795  799.224    6.863  456.442    2.003
  26880.00 0.158     715.765       6.584    1940.000       0.000    0.0002    5.580  654.697    6.717  455.816    1.875
  26940.00 0.156     709.750      14.438    1940.000       0.000    0.0002    5.504  584.243    7.863  459.544    1.634
  27000.00 0.158     711.710       9.060    1460.000       0.000    0.0002    5.553  670.209    8.524  461.582    1.844
  27060.00 0.164     706.954       8.886    1500.000       0.000    0.0002    5.831  716.222    7.939  459.841    1.686
  27120.00 0.165     715.549       7.033    1500.000       0.000    0.0002    6.261  681.125    7.530  460.684    1.863
  27180.00 0.167     715.766       6.628    1940.000       0.000    0.0002    6.618  570.211    6.311  464.089    1.628
  27240.00 0.171     731.187       8.784    1740.000       0.000    0.0002    6.948  530.583    5.512  470.426    1.314
  27300.00 0.171     721.086       9.057    1620.000       0.000    0.0002    7.495  460.214    6.141  478.381    1.365
  27360.00 0.174     727.191       8.258    1540.000       0.000    0.0002    8.094  569.568    6.062  486.670    1.406
  27420.00 0.175     738.883      10.140    1780.000       0.000    0.0002    8.729  647.384    6.667  495.720    1.862
  27480.00 0.174     750.588       4.258    1580.000       0.000    0.0002    9.311  741.636    7.373  505.588    1.876
  27540.00 0.179     760.737      14.379    1540.000       0.000    0.0002    9.700  821.766    7.610  513.654    1.985
  27600.00 0.171     757.511      10.100    1940.000       0.000    0.0002    9.819  860.499    9.383  520.569    2.251
  27660.00 0.167     758.219       5.839    1940.000       0.000    0.0002    9.744  876.521    8.625  527.264    2.256
  27720.00 0.167     766.647       8.463    1660.000       0.000    0.0002    9.917  812.097    8.426  536.054    2.375
  27780.00 0.168     764.862       4.134    1660.000       0.000    0.0002   10.151  909.184    7.920  541.777    2.194
  27840.00 0.158     761.049      11.389    1940.000       0.000    0.0002   10.227  919.270    8.076  543.235    2.431
  27900.00 0.154     754.897       3.645    1940.000       0.000    0.0002   10.104  805.506    8.313  545.600    2.290
  27960.00 0.147     742.060      11.728    1940.000       0.000    0.0002   10.003  800.362    7.969  553.220    2.164
  28020.00 0.151     747.780       8.622    1940.000       0.000    0.0002    9.992  869.133    8.122  562.136    1.935
  28080.00 0.149     754.575       3.562    1940.000       0.000    0.0002   10.171  919.694    8.618  564.538    2.168
  28140.00 0.148     760.626      15.222    1940.000       0.000    0.0002   10.220  876.098    7.187  564.443    2.091
  28200.00 0.154     755.683       8.984    1940.000       0.000    0.0002   10.228  724.482    6.859  569.315    1.727
  28260.00 0.155     766.541       7.170    1940.000       0.000    0.0002   10.197  594.110    6.518  576.195    1.684
  28320.00 0.152     765.080       9.968    1580.000       0.000    0.0002   10.145  880.351    7.863  582.122    2.034
  28380.00 0.151     756.921      11.734    1780.000       0.000    0.0002   10.468 1017.957    8.647  589.297    2.154
  28440.00 0.147     746.057      10.682    1940.000       0.000    0.0002   11.084 1186.059    8.948  596.514    2.871
  28500.00 0.145     749.076       8.134    1940.000       0.000    0.0002   11.767 1304.553    9.304  602.531    3.047
  28560.00 0.152     744.551       4.551    2020.000       0.000    0.0002   12.093 1335.526    8.087  610.514    2.292
  28620.00 0.154     763.797      11.361    1940.000       0.000    0.0002   11.978 1200.388    9.385  624.582    2.374
  28680.00 0.158     779.014      13.929    1940.000       0.000    0.0002   11.723 1512.557   10.880  642.439    2.698
  28740.00 0.162     768.839       7.481    1940.000       0.000    0.0002   11.480 1802.027   12.514  646.404    3.257
  28800.00 0.159     762.358       5.054    1980.000       0.000    0.0002   11.008 1893.897   10.293  630.997    2.989
