#  time      cc     z_cbase    z_ctop_avg  z_ctop_max      zi         we   <<ql>>  <<ql>>_max   w_max   tke     ql_max
     60.00 0.000       0.000       0.000       0.000       0.000    0.0002    0.000    0.000    0.190  616.586    0.000
    120.00 0.000       0.000       0.000       0.000       0.000    0.0002    0.000    0.000    0.288  417.052    0.000
    180.00 0.000       0.000       0.000       0.000       0.000    0.0002    0.000    0.000    0.325  300.096    0.000
    240.00 0.000       0.000       0.000       0.000       0.000    0.0002    0.000    0.000    0.275  225.765    0.000
    300.00 0.000       0.000       0.000       0.000       0.000    0.0002    0.000    0.000    0.295  176.552    0.000
    360.00 0.000       0.000       0.000       0.000       0.000    0.0002    0.000    0.000    0.325  143.391    0.000
    420.00 0.000       0.000       0.000       0.000       0.000    0.0002    0.000    0.000    0.331  121.137    0.000
    480.00 0.000       0.000       0.000       0.000       0.000    0.0002    0.000    0.000    0.356  105.732    0.000
    540.00 0.000       0.000       0.000       0.000       0.000    0.0002    0.000    0.000    0.383   93.904    0.000
    600.00 0.000       0.000       0.000       0.000       0.000    0.0002    0.000    0.000    0.398   84.638    0.000
    660.00 0.000       0.000       0.000       0.000       0.000    0.0002    0.000    0.000    0.458   78.109    0.000
    720.00 0.000       0.000       0.000       0.000       0.000    0.0002    0.000    0.000    0.501   73.817    0.000
    780.00 0.000       0.000       0.000       0.000       0.000    0.0002    0.000    0.000    0.561   71.024    0.000
    840.00 0.000       0.000       0.000       0.000       0.000    0.0002    0.000    0.000    0.576   69.258    0.000
    900.00 0.000       0.000       0.000       0.000       0.000    0.0002    0.000    0.000    0.631   68.045    0.000
    960.00 0.000       0.000       0.000       0.000       0.000    0.0002    0.000    0.000    0.719   67.414    0.000
   1020.00 0.000       0.000       0.000       0.000       0.000    0.0002    0.000    0.000    0.749   67.884    0.000
   1080.00 0.000       0.000       0.000       0.000       0.000    0.0002    0.000    0.000    0.732   69.442    0.000
   1140.00 0.000     580.000       0.000     580.000       0.000    0.0002    0.000    0.208    0.826   71.675    0.005
   1200.00 0.000     580.000       0.000     580.000       0.000    0.0002    0.000    1.344    0.977   74.581    0.030
   1260.00 0.002     568.571      77.143     580.000       0.000    0.0002    0.002    3.139    1.029   78.339    0.071
   1320.00 0.002     564.000       0.000     580.000       0.000    0.0002    0.006    4.635    1.106   83.029    0.086
   1380.00 0.007     562.069      20.000     580.000       0.000    0.0002    0.016   10.947    1.349   88.870    0.148
   1440.00 0.014     568.571       0.000     660.000       0.000    0.0002    0.042   19.090    1.572   96.014    0.232
   1500.00 0.021     569.767       6.744     660.000       0.000    0.0002    0.084   26.066    1.588  104.312    0.277
   1560.00 0.031     569.524      18.095     660.000       0.000    0.0002    0.159   39.013    1.708  113.702    0.373
   1620.00 0.045     567.676       6.054     700.000       0.000    0.0002    0.283   58.532    1.991  124.245    0.505
   1680.00 0.059     568.099      10.248     740.000       0.000    0.0002    0.464   65.781    1.948  135.855    0.561
   1740.00 0.079     566.708       7.262     740.000       0.000    0.0002    0.740  105.595    2.773  148.390    0.765
   1800.00 0.098     568.030       8.678     740.000       0.000    0.0002    1.111  157.126    3.459  161.684    0.905
   1860.00 0.116     569.221       5.389     780.000       0.000    0.0002    1.595  191.833    3.348  175.408    0.869
   1920.00 0.131     569.308       8.822     820.000       0.000    0.0002    2.166  226.090    3.991  189.146    0.975
   1980.00 0.146     570.872       4.799     860.000       0.000    0.0002    2.819  217.144    3.530  202.538    0.882
   2040.00 0.158     572.346       4.907     860.000       0.000    0.0002    3.542  260.365    4.025  215.374    1.001
   2100.00 0.172     575.619       7.767    1300.000       0.000    0.0002    4.267  335.305    4.179  227.266    1.145
   2160.00 0.177     579.670       5.007    1300.000       0.000    0.0002    5.004  426.044    4.415  237.891    1.124
   2220.00 0.188     582.909       7.351    1300.000       0.000    0.0002    5.648  496.906    4.562  246.913    1.077
   2280.00 0.195     588.482       6.575    1300.000       0.000    0.0002    6.275  543.624    4.076  254.276    1.224
   2340.00 0.195     592.850       7.700    1300.000       0.000    0.0002    6.817  550.778    4.754  259.910    1.480
   2400.00 0.196     592.040       3.657    1420.000       0.000    0.0002    7.210  561.022    5.420  263.691    1.439
   2460.00 0.195     599.072       4.718    1380.000       0.000    0.0002    7.510  543.568    5.286  265.274    1.189
   2520.00 0.190     605.141       7.686    1500.000       0.000    0.0002    7.588  515.041    4.555  264.518    1.139
   2580.00 0.189     609.691      10.258    1380.000       0.000    0.0002    7.530  403.557    5.215  261.884    1.260
   2640.00 0.186     613.971       7.602    1420.000       0.000    0.0002    7.318  451.897    4.644  258.212    1.285
   2700.00 0.185     618.153       8.945    1460.000       0.000    0.0002    7.113  520.404    5.050  253.636    1.448
   2760.00 0.180     614.966       9.202    1300.000       0.000    0.0002    6.993  629.279    6.098  249.157    1.587
   2820.00 0.177     621.431      10.041    1340.000       0.000    0.0002    6.889  724.435    6.007  245.361    1.729
   2880.00 0.168     627.860       7.773    1420.000       0.000    0.0002    6.773  788.027    6.614  241.080    1.998
   2940.00 0.159     629.202       6.748    1500.000       0.000    0.0002    6.495  737.476    5.419  235.588    1.918
   3000.00 0.149     637.836       8.557    1540.000       0.000    0.0002    6.042  600.256    4.760  230.439    1.790
   3060.00 0.144     642.789       7.721    1460.000       0.000    0.0002    5.610  722.003    5.360  227.433    1.612
   3120.00 0.128     646.133      10.552    1620.000       0.000    0.0002    5.245  839.357    5.534  224.188    1.696
   3180.00 0.122     652.530       7.108    1460.000       0.000    0.0002    4.822  900.043    5.194  217.418    1.445
   3240.00 0.116     653.937      15.411    1460.000       0.000    0.0002    4.365  836.853    5.723  211.128    1.382
   3300.00 0.116     657.468       5.443    1460.000       0.000    0.0002    3.835  785.195    4.782  207.058    1.517
   3360.00 0.120     653.590       5.598    1340.000       0.000    0.0002    3.282  651.665    4.749  202.533    1.306
   3420.00 0.116     645.937       5.558    1380.000       0.000    0.0002    2.748  423.143    4.382  196.991    1.142
   3480.00 0.113     647.419       7.939    1620.000       0.000    0.0002    2.336  344.046    3.242  191.413    0.858
   3540.00 0.110     641.915       9.844    1500.000       0.000    0.0002    1.998  245.463    3.220  185.835    0.922
   3600.00 0.112     638.253       5.284    1580.000       0.000    0.0002    1.791  242.567    3.359  181.717    0.852
   3660.00 0.110     638.222       4.222    1300.000       0.000    0.0002    1.752  270.566    3.327  179.986    0.793
   3720.00 0.104     631.671       8.847    1300.000       0.000    0.0002    1.791  261.723    3.166  178.935    0.855
   3780.00 0.108     630.113       6.998    1300.000       0.000    0.0002    1.816  229.042    3.674  177.404    0.917
   3840.00 0.109     625.000       6.518    1300.000       0.000    0.0002    1.808  220.983    3.430  176.251    0.925
   3900.00 0.105     629.259       4.676    1300.000       0.000    0.0002    1.786  268.013    3.624  175.838    0.954
   3960.00 0.102     638.609       5.851    1300.000       0.000    0.0002    1.747  322.986    3.708  175.841    0.972
   4020.00 0.100     637.059       9.608    1500.000       0.000    0.0002    1.693  349.995    4.052  176.446    0.938
   4080.00 0.097     631.629      10.526    1380.000       0.000    0.0002    1.673  363.872    3.861  177.468    0.934
   4140.00 0.096     630.937       9.215    1300.000       0.000    0.0002    1.700  342.205    3.754  178.228    1.007
   4200.00 0.098     621.800       1.450    1300.000       0.000    0.0002    1.747  290.255    4.093  178.778    0.996
   4260.00 0.099     618.812       5.594    1300.000       0.000    0.0002    1.820  301.984    4.164  179.615    0.969
   4320.00 0.097     618.791       4.584    1380.000       0.000    0.0002    1.903  316.366    3.735  180.659    0.882
   4380.00 0.106     617.972       7.143    1340.000       0.000    0.0002    1.997  250.563    3.529  182.238    0.887
   4440.00 0.110     614.044      10.000    1300.000       0.000    0.0002    2.116  262.158    4.130  184.636    1.109
   4500.00 0.112     620.959       5.142    1300.000       0.000    0.0002    2.256  322.117    4.892  187.031    1.226
   4560.00 0.111     615.868       4.264    1300.000       0.000    0.0002    2.414  378.399    5.074  189.127    1.057
   4620.00 0.113     620.000      12.845    1300.000       0.000    0.0002    2.581  404.279    4.255  191.744    1.170
   4680.00 0.112     615.033       5.054    1300.000       0.000    0.0002    2.806  415.360    5.173  194.890    1.210
   4740.00 0.115     613.277       9.745    1340.000       0.000    0.0002    3.049  492.552    5.655  198.030    1.291
   4800.00 0.117     615.667      11.042    1300.000       0.000    0.0002    3.242  560.833    5.145  201.049    1.380
   4860.00 0.125     617.176       6.314    1420.000       0.000    0.0002    3.318  463.236    5.007  203.821    1.637
   4920.00 0.121     620.404       4.000    1420.000       0.000    0.0002    3.354  393.867    4.416  206.639    1.207
   4980.00 0.121     614.424       7.758    1460.000       0.000    0.0002    3.407  417.738    4.166  209.094    1.027
   5040.00 0.124     612.441       3.937    1500.000       0.000    0.0002    3.494  453.805    4.271  211.845    1.015
   5100.00 0.123     605.368       4.930    1380.000       0.000    0.0002    3.669  454.940    4.367  214.705    0.940
   5160.00 0.125     609.276       9.432    1340.000       0.000    0.0002    3.950  440.280    3.892  216.920    0.912
   5220.00 0.129     607.045       7.121    1340.000       0.000    0.0002    4.227  406.297    4.099  219.026    1.085
   5280.00 0.130     610.562       3.333    1380.000       0.000    0.0002    4.491  407.800    4.371  221.569    1.105
   5340.00 0.137     611.943       2.424    1380.000       0.000    0.0002    4.750  439.228    3.860  224.939    0.980
   5400.00 0.140     619.374       6.957    1420.000       0.000    0.0002    4.980  448.875    4.375  229.151    1.123
   5460.00 0.139     621.404       6.877    1380.000       0.000    0.0002    5.198  458.496    4.624  233.146    1.180
   5520.00 0.144     625.306       7.313    1460.000       0.000    0.0002    5.373  490.938    4.856  236.347    1.103
   5580.00 0.140     622.862       5.620    1340.000       0.000    0.0002    5.632  451.289    5.111  239.425    1.237
   5640.00 0.143     624.429       7.802    1380.000       0.000    0.0002    5.956  495.783    4.787  242.337    1.189
   5700.00 0.141     634.370      15.302    1340.000       0.000    0.0002    6.139  534.920    4.513  245.380    1.314
   5760.00 0.143     630.358       7.155    1380.000       0.000    0.0002    6.252  488.563    4.697  249.313    1.355
   5820.00 0.146     626.298       5.126    1420.000       0.000    0.0002    6.296  541.843    5.664  253.400    1.445
   5880.00 0.146     630.667       8.500    1380.000       0.000    0.0002    6.287  585.660    5.715  256.455    1.653
   5940.00 0.151     635.832       5.137    1340.000       0.000    0.0002    6.297  646.151    5.270  257.999    1.215
   6000.00 0.150     639.122      13.919    1460.000       0.000    0.0002    6.278  781.041    5.202  258.538    1.286
   6060.00 0.147     644.493       7.221    1380.000       0.000    0.0002    6.199  839.435    4.400  258.699    1.438
   6120.00 0.142     644.425       6.930    1540.000       0.000    0.0002    6.051  756.733    4.692  259.668    1.572
   6180.00 0.146     633.936       5.092    1420.000       0.000    0.0002    5.942  591.079    4.559  260.995    1.173
   6240.00 0.143     631.399      13.174    1540.000       0.000    0.0002    5.835  543.884    4.591  261.959    1.113
   6300.00 0.141     632.083      11.806    1460.000       0.000    0.0002    5.824  550.850    5.232  262.095    1.250
   6360.00 0.144     642.809       8.325    1500.000       0.000    0.0002    5.821  709.370    5.987  261.665    1.258
   6420.00 0.139     636.491       7.509    1340.000       0.000    0.0002    5.859  862.363    5.264  261.738    1.386
   6480.00 0.138     638.272       7.654    1420.000       0.000    0.0002    6.028  877.457    4.991  261.816    1.343
   6540.00 0.139     636.182       9.352    1460.000       0.000    0.0002    6.115  820.502    4.432  261.965    1.294
   6600.00 0.144     644.856       5.976    1460.000       0.000    0.0002    6.088  691.157    4.354  262.432    1.461
   6660.00 0.144     644.516      12.258    1540.000       0.000    0.0002    5.999  547.987    4.511  263.073    1.235
   6720.00 0.143     651.932       6.667    1420.000       0.000    0.0002    5.819  417.063    4.415  263.218    1.214
   6780.00 0.142     667.241      10.690    1420.000       0.000    0.0002    5.527  507.234    4.954  262.300    1.230
   6840.00 0.140     662.718       7.387    1420.000       0.000    0.0002    5.376  598.093    4.914  261.544    1.270
   6900.00 0.133     655.156       8.183    1420.000       0.000    0.0002    5.409  668.508    4.759  261.109    1.449
   6960.00 0.127     643.846       6.808    1460.000       0.000    0.0002    5.535  647.385    5.211  260.755    1.521
   7020.00 0.129     649.208       2.943    1460.000       0.000    0.0002    5.652  595.322    5.318  261.849    1.441
   7080.00 0.124     643.195       8.284    1420.000       0.000    0.0002    5.714  696.165    5.469  264.047    1.700
   7140.00 0.121     644.274       5.081    1420.000       0.000    0.0002    5.609  647.143    5.099  264.300    1.485
   7200.00 0.123     657.861       2.693    1500.000       0.000    0.0002    5.350  585.546    4.706  263.276    1.318
   7260.00 0.122     657.605       4.711    1460.000       0.000    0.0002    5.014  529.924    4.752  261.895    1.278
   7320.00 0.128     661.069       8.244    1460.000       0.000    0.0002    4.637  520.813    5.239  259.627    1.268
   7380.00 0.129     654.383      10.816    1500.000       0.000    0.0002    4.138  471.838    5.703  257.197    1.453
   7440.00 0.131     657.542      16.164    1420.000       0.000    0.0002    3.717  470.605    5.877  254.789    1.377
   7500.00 0.131     652.775      13.818    1420.000       0.000    0.0002    3.381  358.587    3.724  252.238    0.924
   7560.00 0.130     645.019       5.768    1420.000       0.000    0.0002    3.196  319.900    3.581  250.876    0.958
   7620.00 0.130     632.509       7.378    1500.000       0.000    0.0002    3.165  299.789    4.105  249.957    1.014
   7680.00 0.127     625.231       5.000    1380.000       0.000    0.0002    3.245  296.678    4.266  248.970    1.214
   7740.00 0.129     631.267       6.578    1460.000       0.000    0.0002    3.526  332.284    5.090  249.684    1.109
   7800.00 0.126     636.822      10.775    1380.000       0.000    0.0002    3.926  438.597    5.585  251.931    1.217
   7860.00 0.128     631.243       5.048    1340.000       0.000    0.0002    4.454  529.523    5.385  254.599    1.378
   7920.00 0.128     624.876       7.619    1380.000       0.000    0.0002    5.076  601.688    6.542  258.082    1.457
   7980.00 0.123     625.545      12.832    1380.000       0.000    0.0002    5.705  750.476    6.936  263.088    1.741
   8040.00 0.130     637.853       5.650    1420.000       0.000    0.0002    6.318  860.715    6.579  269.106    1.737
   8100.00 0.131     646.394      14.461    1420.000       0.000    0.0002    6.857  869.165    6.106  274.690    1.447
   8160.00 0.128     651.543       4.000    1580.000       0.000    0.0002    7.280  805.538    7.112  280.200    1.616
   8220.00 0.129     651.439       9.356    1540.000       0.000    0.0002    7.584  967.428    6.815  285.410    1.755
   8280.00 0.132     655.926      12.259    1540.000       0.000    0.0002    7.751  912.556    5.831  288.245    1.432
   8340.00 0.131     651.822       2.454    1500.000       0.000    0.0002    7.782  667.826    6.371  290.021    1.545
   8400.00 0.133     655.604       6.410    1500.000       0.000    0.0002    7.669  666.552    6.583  291.899    1.721
   8460.00 0.135     665.063      11.609    1460.000       0.000    0.0002    7.367  672.200    4.938  292.104    1.486
   8520.00 0.133     656.697       8.367    1460.000       0.000    0.0002    6.973  556.383    4.627  292.321    1.683
   8580.00 0.132     656.229       9.575    1500.000       0.000    0.0002    6.716  601.797    4.873  293.787    1.250
   8640.00 0.128     654.286       1.410    1500.000       0.000    0.0002    6.685  761.796    5.014  294.900    1.447
   8700.00 0.125     653.346      10.176    1540.000       0.000    0.0002    7.028  832.071    5.507  297.082    1.756
   8760.00 0.121     656.194      11.822    1460.000       0.000    0.0002    7.450  879.167    6.134  300.793    2.129
   8820.00 0.126     654.816       6.692    1500.000       0.000    0.0002    7.899  955.831    5.263  304.068    2.177
   8880.00 0.125     653.996       9.240    1660.000       0.000    0.0002    8.257  818.576    5.741  308.049    1.865
   8940.00 0.123     661.829      11.690    1660.000       0.000    0.0002    8.654  840.158    6.088  316.146    1.671
   9000.00 0.125     667.515       7.671    1580.000       0.000    0.0002    9.122 1034.999    7.095  327.323    2.182
   9060.00 0.123     668.287       5.618    1580.000       0.000    0.0002    9.579 1088.146    8.207  334.711    2.294
   9120.00 0.129     664.318      14.091    1940.000       0.000    0.0002    9.813  988.044    6.913  337.092    2.507
   9180.00 0.133     670.460       9.171    1940.000       0.000    0.0002    9.831 1085.527    7.344  340.463    1.988
   9240.00 0.136     671.655      10.324    1660.000       0.000    0.0002    9.465 1134.820    8.706  347.277    2.137
   9300.00 0.138     683.575       5.593    1620.000       0.000    0.0002    8.992 1249.876    7.400  352.812    1.955
   9360.00 0.135     661.664      13.092    1540.000       0.000    0.0002    8.742 1142.881    8.626  350.610    2.552
   9420.00 0.140     665.226       3.415    1940.000       0.000    0.0002    8.211 1232.327    6.462  347.912    1.963
   9480.00 0.136     672.783       6.786    1620.000       0.000    0.0002    7.587 1320.209    6.668  349.367    2.163
   9540.00 0.138     667.717       8.885    1940.000       0.000    0.0002    6.948 1315.539    5.731  347.831    1.919
   9600.00 0.134     662.836       1.964    1940.000       0.000    0.0002    6.120 1075.674    6.773  342.100    1.760
   9660.00 0.129     648.604       4.943    1940.000       0.000    0.0002    5.417  975.943    6.453  339.397    1.714
   9720.00 0.131     644.684      11.190    1620.000       0.000    0.0002    4.947  871.827    4.895  336.137    1.300
   9780.00 0.128     641.644       6.922    1500.000       0.000    0.0002    4.796  598.219    5.320  330.496    1.429
   9840.00 0.130     644.390       7.280    1460.000       0.000    0.0002    4.822  602.593    5.837  325.307    1.430
   9900.00 0.133     645.074       3.382    1380.000       0.000    0.0002    4.861  614.129    5.351  322.628    1.346
   9960.00 0.135     654.120       8.494    1460.000       0.000    0.0002    4.852  535.631    4.572  321.436    1.244
  10020.00 0.139     658.737       4.632    1500.000       0.000    0.0002    4.692  514.779    5.018  319.205    1.159
  10080.00 0.139     669.333      11.965    1500.000       0.000    0.0002    4.427  469.355    4.884  316.678    1.081
  10140.00 0.142     682.719      12.461    1500.000       0.000    0.0002    4.105  514.712    4.326  314.950    1.197
  10200.00 0.141     676.083      11.438    1500.000       0.000    0.0002    3.953  421.835    4.112  313.441    1.098
  10260.00 0.137     658.431       5.882    1420.000       0.000    0.0002    3.980  463.735    4.703  312.041    1.352
  10320.00 0.131     642.131       7.178    1460.000       0.000    0.0002    4.098  547.773    5.382  311.768    1.364
  10380.00 0.133     644.044       9.265    1420.000       0.000    0.0002    4.253  558.123    5.995  312.431    1.481
  10440.00 0.134     655.118       6.922    1460.000       0.000    0.0002    4.402  549.775    5.966  312.874    1.362
  10500.00 0.141     659.931      10.451    1420.000       0.000    0.0002    4.471  561.694    5.129  312.812    1.288
  10560.00 0.138     667.901       7.266    1540.000       0.000    0.0002    4.442  638.037    5.447  312.746    1.399
  10620.00 0.141     669.741       7.288    1460.000       0.000    0.0002    4.348  567.259    4.982  312.585    1.069
  10680.00 0.138     665.714       9.912    1380.000       0.000    0.0002    4.246  525.507    4.723  312.503    1.118
  10740.00 0.139     656.842       8.842    1420.000       0.000    0.0002    4.276  583.802    4.620  312.009    1.102
  10800.00 0.144     646.734       5.584    1460.000       0.000    0.0002    4.345  559.983    4.189  311.303    1.045
  10860.00 0.152     643.114      14.510    1420.000       0.000    0.0002    4.483  512.191    5.190  312.188    1.251
  10920.00 0.144     632.699      11.647    1380.000       0.000    0.0002    4.650  504.296    5.674  314.135    1.226
  10980.00 0.151     635.742       6.000    1460.000       0.000    0.0002    4.825  594.922    5.371  315.462    1.387
  11040.00 0.146     640.168       5.394    1420.000       0.000    0.0002    4.972  695.122    6.149  316.543    1.858
  11100.00 0.140     642.648      10.139    1500.000       0.000    0.0002    5.120  711.171    6.594  317.932    1.815
  11160.00 0.140     645.784       5.889    1500.000       0.000    0.0002    5.261  640.728    6.034  318.801    1.469
  11220.00 0.144     657.759       9.304    1460.000       0.000    0.0002    5.324  753.425    7.626  320.513    1.632
  11280.00 0.141     656.181       8.333    1460.000       0.000    0.0002    5.318  830.000    6.296  324.633    1.624
  11340.00 0.145     656.706       6.723    1500.000       0.000    0.0002    5.452 1042.468    6.417  327.744    1.528
  11400.00 0.143     649.574      10.256    1580.000       0.000    0.0002    5.630 1206.489    6.583  329.556    1.928
  11460.00 0.136     647.361       4.165    1940.000       0.000    0.0002    5.804 1214.129    6.938  330.903    2.053
  11520.00 0.128     644.943       7.681    1940.000       0.000    0.0002    5.919 1182.759    6.165  333.269    1.862
  11580.00 0.129     648.463       5.958    1940.000       0.000    0.0002    6.087 1084.146    6.925  338.516    1.801
  11640.00 0.127     646.334       5.873    1940.000       0.000    0.0002    6.337  923.772    6.208  343.638    1.625
  11700.00 0.133     654.725       3.480    1540.000       0.000    0.0002    6.624 1101.645    6.639  348.372    1.944
  11760.00 0.134     654.088       6.825    1460.000       0.000    0.0002    6.970 1212.556    6.919  353.674    2.122
  11820.00 0.132     656.895       9.760    1940.000       0.000    0.0002    7.291 1325.638    6.152  357.386    1.564
  11880.00 0.134     659.344       9.253    1940.000       0.000    0.0002    7.586 1331.936    6.526  362.980    1.954
  11940.00 0.134     655.701       4.663    1940.000       0.000    0.0002    7.865 1052.402    6.237  369.683    1.933
  12000.00 0.137     665.276       6.952    1620.000       0.000    0.0002    8.016  925.858    6.221  372.283    2.050
  12060.00 0.136     656.631       4.014    1580.000       0.000    0.0002    8.161  989.456    6.405  372.192    2.219
  12120.00 0.142     664.124      12.577    1940.000       0.000    0.0002    8.280  854.353    5.824  373.359    1.786
  12180.00 0.142     659.380       7.332    1540.000       0.000    0.0002    8.394  747.240    6.726  376.449    1.637
  12240.00 0.144     661.497       2.891    1460.000       0.000    0.0002    8.673  801.935    6.853  380.431    1.758
  12300.00 0.143     661.712       4.041    1460.000       0.000    0.0002    9.114 1010.166    8.640  385.888    2.052
  12360.00 0.145     669.412       8.773    1500.000       0.000    0.0002    9.427 1213.376    7.635  390.040    2.442
  12420.00 0.139     670.685       4.640    1940.000       0.000    0.0002    9.744 1028.625    6.367  392.560    1.928
  12480.00 0.143     679.521       9.658    1940.000       0.000    0.0002   10.168  905.489    7.322  400.033    1.872
  12540.00 0.147     683.245       5.662    1540.000       0.000    0.0002   10.537  840.050    7.010  408.300    1.583
  12600.00 0.148     683.603       6.314    1660.000       0.000    0.0002   10.884  948.789    6.259  412.295    1.748
  12660.00 0.146     681.703       5.309    1460.000       0.000    0.0002   11.054 1066.394    7.084  412.044    1.927
  12720.00 0.146     689.079      11.792    1620.000       0.000    0.0002   11.024 1226.972    7.242  412.090    2.126
  12780.00 0.154     697.655       9.889    1940.000       0.000    0.0002   10.804 1302.803    6.944  414.010    2.288
  12840.00 0.148     698.614       3.960    1940.000       0.000    0.0002   10.418 1123.208    6.697  414.998    1.847
  12900.00 0.146     692.898       1.374    1940.000       0.000    0.0002    9.864 1038.351    7.841  417.768    1.777
  12960.00 0.145     702.563      10.219    1620.000       0.000    0.0002    9.360 1156.957    6.517  418.914    1.874
  13020.00 0.146     697.796       9.716    1940.000       0.000    0.0002    8.717 1059.408    7.330  411.923    1.947
  13080.00 0.142     691.670       4.131    1940.000       0.000    0.0002    8.060  983.802    5.764  406.101    1.952
  13140.00 0.144     693.367       6.701    1940.000       0.000    0.0002    7.571  758.878    5.834  404.176    1.849
  13200.00 0.140     692.557       8.730    1660.000       0.000    0.0002    7.273  681.304    6.337  401.178    1.506
  13260.00 0.139     687.627       8.963    1620.000       0.000    0.0002    7.319  723.930    6.414  397.907    1.565
  13320.00 0.140     685.670       3.165    1580.000       0.000    0.0002    7.736  835.884    7.063  396.909    1.791
  13380.00 0.137     684.769       3.665    1580.000       0.000    0.0002    8.362  989.616    7.471  398.866    1.657
  13440.00 0.136     677.133       6.631    1580.000       0.000    0.0002    8.830 1011.756    6.223  403.001    1.784
  13500.00 0.135     688.592       4.224    1620.000       0.000    0.0002    9.033 1030.410    6.491  410.532    2.224
  13560.00 0.135     679.243       9.550    1940.000       0.000    0.0002    9.156 1078.037    7.790  415.717    2.069
  13620.00 0.135     689.328       3.122    1940.000       0.000    0.0002    9.296 1074.161    6.265  417.105    1.840
  13680.00 0.139     689.244       5.202    1940.000       0.000    0.0002    9.414 1005.199    6.775  418.543    1.897
  13740.00 0.134     698.321       6.825    1940.000       0.000    0.0002    9.482 1043.202    6.777  421.187    1.911
  13800.00 0.127     682.967       4.123    1540.000       0.000    0.0002    9.382 1117.634    7.037  423.415    2.179
  13860.00 0.130     682.397       4.682    1940.000       0.000    0.0002    9.166 1003.453    8.006  425.536    2.059
  13920.00 0.128     669.237       9.618    1940.000       0.000    0.0002    8.845 1050.645    7.420  428.440    2.475
  13980.00 0.126     677.631       4.000    1940.000       0.000    0.0002    8.457  960.460    7.977  425.678    2.449
  14040.00 0.131     695.390       0.000    1940.000       0.000    0.0002    7.822  942.695    6.159  418.088    2.085
  14100.00 0.130     684.165       6.942    1620.000       0.000    0.0002    7.055  900.294    7.914  415.959    1.647
  14160.00 0.130     697.669       9.211    1620.000       0.000    0.0002    6.443  855.854    6.463  415.171    1.801
  14220.00 0.127     683.263       7.409    1940.000       0.000    0.0002    5.903  675.829    6.060  406.747    1.995
  14280.00 0.120     688.862       9.228    1540.000       0.000    0.0002    5.530  666.772    6.527  399.542    1.715
  14340.00 0.121     682.339      16.048    1540.000       0.000    0.0002    5.256  769.983    6.733  396.832    1.702
  14400.00 0.120     676.000       8.000    1660.000       0.000    0.0002    5.058  887.712    7.519  395.517    1.532
  14460.00 0.118     669.461      11.494    1620.000       0.000    0.0002    4.886  944.432    7.162  393.125    1.781
  14520.00 0.119     667.444      11.125    1940.000       0.000    0.0002    4.894  985.997    7.340  389.739    2.054
  14580.00 0.125     664.990       8.187    1580.000       0.000    0.0002    4.895  845.724    6.752  386.107    1.635
  14640.00 0.124     665.658       6.837    1580.000       0.000    0.0002    4.823  799.090    6.417  382.318    1.530
  14700.00 0.128     683.346       7.452    1580.000       0.000    0.0002    4.585  810.401    5.656  379.320    1.750
  14760.00 0.132     676.296       7.556    1540.000       0.000    0.0002    4.250  850.021    5.283  375.872    1.528
  14820.00 0.128     670.840       3.702    1500.000       0.000    0.0002    3.910  661.589    4.600  371.674    1.339
  14880.00 0.128     662.830       2.524    1540.000       0.000    0.0002    3.654  453.223    4.587  367.024    1.189
  14940.00 0.127     668.752       9.559    1540.000       0.000    0.0002    3.397  401.224    4.930  362.732    1.094
  15000.00 0.129     658.406       6.907    1460.000       0.000    0.0002    3.268  417.713    4.379  358.962    1.199
  15060.00 0.129     673.561       9.508    1540.000       0.000    0.0002    3.237  391.152    5.175  355.518    1.318
  15120.00 0.132     685.852       6.741    1460.000       0.000    0.0002    3.204  361.456    4.879  354.260    1.115
  15180.00 0.130     678.722       5.226    1500.000       0.000    0.0002    3.166  346.421    3.697  353.581    1.112
  15240.00 0.129     673.207       7.173    1460.000       0.000    0.0002    3.074  356.519    3.758  351.417    1.102
  15300.00 0.125     682.412       7.977    1540.000       0.000    0.0002    2.926  355.624    4.595  348.703    1.097
  15360.00 0.124     689.091      11.542    1500.000       0.000    0.0002    2.760  299.430    4.682  347.552    0.952
  15420.00 0.125     689.339      11.868    1540.000       0.000    0.0002    2.630  271.237    3.827  346.721    0.986
  15480.00 0.123     684.713       3.762    1460.000       0.000    0.0002    2.550  225.318    4.231  344.534    0.982
  15540.00 0.121     664.355      11.532    1460.000       0.000    0.0002    2.646  259.172    4.596  342.579    1.152
  15600.00 0.129     658.710       4.137    1460.000       0.000    0.0002    2.797  330.459    4.889  343.028    1.273
  15660.00 0.124     653.937      11.299    1460.000       0.000    0.0002    2.944  389.968    5.834  344.914    1.365
  15720.00 0.124     659.130       7.352    1540.000       0.000    0.0002    3.109  420.882    6.407  345.760    1.287
  15780.00 0.125     649.667       7.671    1460.000       0.000    0.0002    3.249  377.022    4.765  346.241    1.220
  15840.00 0.131     661.264       1.933    1460.000       0.000    0.0002    3.293  376.687    5.166  347.382    1.219
  15900.00 0.132     658.595       9.945    1460.000       0.000    0.0002    3.262  327.020    5.581  348.372    1.264
  15960.00 0.124     659.842       5.455    1500.000       0.000    0.0002    3.190  375.460    5.413  348.154    1.173
  16020.00 0.127     661.387       2.852    1460.000       0.000    0.0002    3.132  386.565    5.334  347.941    1.218
  16080.00 0.129     664.630       2.581    1420.000       0.000    0.0002    3.094  480.264    5.859  347.881    1.241
  16140.00 0.120     653.008       6.057    1460.000       0.000    0.0002    3.095  551.623    5.500  347.081    1.152
  16200.00 0.126     654.563       8.816    1500.000       0.000    0.0002    3.279  578.239    5.244  347.324    1.197
  16260.00 0.128     654.297       8.859    1460.000       0.000    0.0002    3.428  452.424    4.531  348.508    1.183
  16320.00 0.128     663.124       9.714    1500.000       0.000    0.0002    3.598  418.638    5.284  349.113    1.285
  16380.00 0.134     658.834       7.250    1500.000       0.000    0.0002    3.808  452.100    5.656  349.402    1.097
  16440.00 0.133     651.062       5.055    1420.000       0.000    0.0002    4.107  457.107    5.103  351.854    1.142
  16500.00 0.134     654.808       6.106    1500.000       0.000    0.0002    4.474  480.911    4.895  356.090    1.297
  16560.00 0.139     652.070       6.000    1420.000       0.000    0.0002    4.840  467.888    5.424  359.152    1.367
  16620.00 0.139     661.961       5.989    1420.000       0.000    0.0002    5.278  596.397    5.222  362.109    1.287
  16680.00 0.146     667.718       9.060    1540.000       0.000    0.0002    5.723  626.297    5.391  366.671    1.446
  16740.00 0.152     682.087      10.658    1420.000       0.000    0.0002    6.118  589.699    6.288  372.158    1.609
  16800.00 0.147     689.121       7.595    1420.000       0.000    0.0002    6.478  701.242    6.547  377.621    1.861
  16860.00 0.145     683.529       4.269    1580.000       0.000    0.0002    6.723  744.089    6.342  383.164    1.450
  16920.00 0.148     690.461      13.717    1620.000       0.000    0.0002    6.922  842.208    6.773  389.302    1.798
  16980.00 0.143     688.601      10.273    1460.000       0.000    0.0002    6.948  882.412    7.201  393.273    2.020
  17040.00 0.142     696.902      16.386    1660.000       0.000    0.0002    6.726  848.878    7.366  393.854    1.864
  17100.00 0.138     685.674       9.043    1500.000       0.000    0.0002    6.533  857.120    6.587  394.620    1.764
  17160.00 0.136     689.784      10.036    1940.000       0.000    0.0002    6.508  724.429    6.829  396.641    1.683
  17220.00 0.139     692.281       9.825    1620.000       0.000    0.0002    6.644  926.180    7.401  400.904    1.870
  17280.00 0.138     693.510       3.527    1580.000       0.000    0.0002    6.797 1077.014    8.618  404.973    2.079
  17340.00 0.139     700.701      12.049    1940.000       0.000    0.0002    6.828 1109.786    7.730  403.605    2.074
  17400.00 0.145     702.027       7.365    1940.000       0.000    0.0002    6.624 1049.354    5.847  401.895    1.554
  17460.00 0.141     698.336       9.844    1940.000       0.000    0.0002    6.432  842.135    7.095  404.799    1.702
  17520.00 0.145     696.351       8.750    1940.000       0.000    0.0002    6.206  712.395    7.175  408.737    1.876
  17580.00 0.141     694.514       4.896    1580.000       0.000    0.0002    5.877  785.181    6.566  408.759    1.539
  17640.00 0.138     696.537      11.095    1540.000       0.000    0.0002    5.593  880.059    7.059  404.766    1.647
  17700.00 0.136     698.710       8.351    1540.000       0.000    0.0002    5.405  852.584    6.034  398.259    2.392
  17760.00 0.138     698.519       3.704    1940.000       0.000    0.0002    5.152  456.774    5.211  393.791    1.505
  17820.00 0.136     689.156      11.849    1740.000       0.000    0.0002    5.002  497.250    5.105  395.148    1.470
  17880.00 0.138     693.191       8.298    1580.000       0.000    0.0002    4.850  454.345    5.222  396.645    1.291
  17940.00 0.140     696.300       7.784    1620.000       0.000    0.0002    4.741  395.812    5.001  394.275    1.313
  18000.00 0.136     705.305      14.982    1500.000       0.000    0.0002    4.671  448.383    6.217  393.771    1.424
  18060.00 0.132     701.852       8.778    1620.000       0.000    0.0002    4.760  571.652    5.963  395.002    1.475
  18120.00 0.131     702.533       6.555    1500.000       0.000    0.0002    4.937  653.405    7.022  395.039    1.454
  18180.00 0.135     687.246      10.290    1460.000       0.000    0.0002    5.203  590.643    5.568  395.328    1.516
  18240.00 0.137     687.638       7.034    1500.000       0.000    0.0002    5.554  639.957    5.938  396.822    1.768
  18300.00 0.143     687.850       3.379    1580.000       0.000    0.0002    5.884  510.663    5.645  399.191    1.451
  18360.00 0.143     682.048       5.700    1460.000       0.000    0.0002    6.141  648.906    6.300  401.998    1.514
  18420.00 0.142     682.337       6.082    1540.000       0.000    0.0002    6.482  839.279    6.670  405.621    1.580
  18480.00 0.144     677.725       9.881    1540.000       0.000    0.0002    6.788  973.098    6.450  410.600    1.697
  18540.00 0.145     687.589      13.052    1420.000       0.000    0.0002    6.969 1032.119    7.397  414.873    1.815
  18600.00 0.145     681.109      11.261    1500.000       0.000    0.0002    6.993  964.243    7.421  417.189    1.965
  18660.00 0.144     684.177       5.365    1540.000       0.000    0.0002    6.885  850.951    6.334  418.586    1.852
  18720.00 0.144     695.314      11.443    1620.000       0.000    0.0002    6.652  773.619    6.196  419.039    1.659
  18780.00 0.143     690.564      10.940    1660.000       0.000    0.0002    6.550  707.817    7.039  419.842    1.532
  18840.00 0.144     702.640      12.250    1620.000       0.000    0.0002    6.474  682.134    6.986  419.665    1.396
  18900.00 0.146     698.664       5.442    1500.000       0.000    0.0002    6.468  687.493    6.587  418.724    1.516
  18960.00 0.146     716.133       2.133    1620.000       0.000    0.0002    6.481  553.300    5.333  418.154    1.358
  19020.00 0.141     708.290       2.418    1580.000       0.000    0.0002    6.545  554.100    5.988  421.453    1.603
  19080.00 0.142     706.998       7.101    1540.000       0.000    0.0002    6.735  801.922    8.769  429.023    2.011
  19140.00 0.148     706.931       6.931    1500.000       0.000    0.0002    7.134 1109.905    9.543  438.132    2.130
  19200.00 0.151     706.129      13.032    1940.000       0.000    0.0002    7.800 1246.135    9.421  447.248    2.275
  19260.00 0.146     693.378      14.950    1940.000       0.000    0.0002    8.373 1469.625    8.699  455.264    2.490
  19320.00 0.145     686.644      11.400    1940.000       0.000    0.0002    8.763 1260.561   10.006  463.483    2.490
  19380.00 0.143     699.932      11.077    1940.000       0.000    0.0002    8.684 1590.299   12.331  470.930    2.976
  19440.00 0.143     707.304      11.468    1940.000       0.000    0.0002    8.276 1640.402    9.054  471.996    2.040
  19500.00 0.152     705.080       8.778    1940.000       0.000    0.0002    7.702 1114.678    9.460  470.468    2.143
  19560.00 0.152     691.282       6.090    1940.000       0.000    0.0002    7.043 1054.310    8.606  473.936    1.964
  19620.00 0.153     702.045      10.607    1580.000       0.000    0.0002    6.603 1100.578    9.033  479.840    2.144
  19680.00 0.153     691.656       6.051    1940.000       0.000    0.0002    6.553  936.563    7.442  473.275    2.015
  19740.00 0.148     686.909       9.587    1980.000       0.000    0.0002    6.710  810.866    6.992  464.461    1.811
  19800.00 0.147     690.416       7.421    1780.000       0.000    0.0002    6.899  611.063    6.245  465.177    1.493
  19860.00 0.154     708.381       5.175    1780.000       0.000    0.0002    6.909  586.072    5.787  466.220    1.395
  19920.00 0.152     705.089       3.961    1580.000       0.000    0.0002    6.884  441.153    5.333  463.112    1.279
  19980.00 0.160     713.823       3.211    1620.000       0.000    0.0002    6.924  536.233    5.790  462.520    1.338
  20040.00 0.164     709.313       8.090    1580.000       0.000    0.0002    6.964  524.918    5.419  464.339    1.409
  20100.00 0.159     704.356       9.479    1500.000       0.000    0.0002    7.048  522.429    5.512  460.852    1.281
  20160.00 0.162     705.317       8.218    1620.000       0.000    0.0002    7.031  485.154    4.691  453.957    1.278
  20220.00 0.165     711.573       6.914    1580.000       0.000    0.0002    6.923  423.851    4.741  451.673    1.321
  20280.00 0.170     708.793       8.649    1500.000       0.000    0.0002    6.693  430.049    5.109  452.835    1.385
  20340.00 0.174     708.652       7.107    1620.000       0.000    0.0002    6.573  454.651    4.865  452.155    1.275
  20400.00 0.175     713.928      11.086    1660.000       0.000    0.0002    6.620  406.662    5.144  450.247    1.152
  20460.00 0.172     708.908       7.035    1540.000       0.000    0.0002    6.936  506.076    5.770  451.464    1.360
  20520.00 0.175     715.307       5.307    1540.000       0.000    0.0002    7.361  544.361    5.444  454.216    1.477
  20580.00 0.180     718.507       3.202    1580.000       0.000    0.0002    7.818  510.946    6.365  457.713    1.717
  20640.00 0.173     712.768       7.994    1500.000       0.000    0.0002    8.191  577.719    7.225  463.104    1.703
  20700.00 0.178     727.342       9.068    1460.000       0.000    0.0002    8.324  764.221    7.650  467.877    1.647
  20760.00 0.181     742.638       9.287    1580.000       0.000    0.0002    8.267  869.596    8.034  471.124    1.906
  20820.00 0.176     743.269      13.546    1580.000       0.000    0.0002    8.046 1005.316    7.616  471.748    1.985
  20880.00 0.173     739.661      12.062    1940.000       0.000    0.0002    7.714  946.400    7.842  469.988    1.815
  20940.00 0.165     725.740      12.811    1580.000       0.000    0.0002    7.283  795.534    7.000  467.681    1.827
  21000.00 0.165     721.630       5.541    1940.000       0.000    0.0002    6.726  747.750    7.459  466.574    1.743
  21060.00 0.160     724.475       7.945    1940.000       0.000    0.0002    6.275  665.829    5.676  464.563    1.556
  21120.00 0.159     724.257      13.139    1580.000       0.000    0.0002    6.005  395.779    5.768  461.962    1.433
  21180.00 0.157     721.209       6.295    1500.000       0.000    0.0002    5.844  479.527    6.105  460.240    1.454
  21240.00 0.152     726.667       8.213    1580.000       0.000    0.0002    5.869  536.282    6.116  457.679    1.288
  21300.00 0.148     714.145       4.803    1580.000       0.000    0.0002    6.074  623.665    6.204  457.132    1.517
  21360.00 0.147     728.723      11.410    1660.000       0.000    0.0002    6.365  688.210    7.515  462.231    1.753
  21420.00 0.139     719.051       9.736    1620.000       0.000    0.0002    6.646  933.091    7.676  467.428    2.128
  21480.00 0.140     731.080       7.700    1580.000       0.000    0.0002    6.892 1047.878    8.778  467.920    2.055
  21540.00 0.136     737.782      15.134    1940.000       0.000    0.0002    6.905 1149.169    7.881  465.797    2.103
  21600.00 0.132     736.444      10.074    1940.000       0.000    0.0002    6.622  854.503    8.036  462.937    2.014
  21660.00 0.133     749.174       9.394    1940.000       0.000    0.0002    6.076  672.766    7.588  461.960    1.918
  21720.00 0.131     747.747      11.955    1940.000       0.000    0.0002    5.619  604.261    7.007  462.212    1.659
  21780.00 0.125     738.828      11.914    1620.000       0.000    0.0002    5.210  579.460    6.453  459.466    1.882
  21840.00 0.122     729.157      13.735    1580.000       0.000    0.0002    4.889  540.543    6.903  455.455    1.570
  21900.00 0.116     734.298       8.553    1580.000       0.000    0.0002    4.672  596.005    6.441  453.330    1.533
  21960.00 0.121     710.543      20.523    1540.000       0.000    0.0002    4.697  532.963    6.592  451.478    1.483
  22020.00 0.123     727.968       8.566    1620.000       0.000    0.0002    4.809  494.109    6.355  448.282    1.533
  22080.00 0.126     730.502      10.425    1580.000       0.000    0.0002    4.943  553.659    6.716  446.594    1.464
  22140.00 0.129     727.094       8.491    1580.000       0.000    0.0002    5.027  448.341    6.359  447.240    1.200
  22200.00 0.128     733.080       6.084    1660.000       0.000    0.0002    5.240  384.541    5.318  449.543    1.242
  22260.00 0.129     723.094       5.057    1500.000       0.000    0.0002    5.439  441.827    6.065  451.745    1.360
  22320.00 0.133     722.092       3.083    1420.000       0.000    0.0002    5.618  494.697    5.959  451.998    1.376
  22380.00 0.136     726.165       6.380    1500.000       0.000    0.0002    5.766  491.277    5.798  450.955    1.375
  22440.00 0.131     730.654      12.822    1580.000       0.000    0.0002    5.921  494.005    6.441  452.236    1.416
  22500.00 0.135     718.696      13.442    1460.000       0.000    0.0002    6.037  536.950    7.048  455.971    1.470
  22560.00 0.138     734.549       7.115    1620.000       0.000    0.0002    6.191  633.518    6.367  458.810    1.497
  22620.00 0.141     728.235      11.938    1620.000       0.000    0.0002    6.277  633.394    7.026  460.666    1.683
  22680.00 0.141     727.841       7.737    1500.000       0.000    0.0002    6.308  760.351    7.367  461.945    1.647
  22740.00 0.138     728.298      15.922    1580.000       0.000    0.0002    6.232  804.881    7.144  460.748    1.755
  22800.00 0.141     729.671       7.522    1540.000       0.000    0.0002    5.971  909.783    7.397  459.019    2.015
  22860.00 0.134     733.880       4.262    1940.000       0.000    0.0002    5.554  807.156    8.488  458.229    2.374
  22920.00 0.131     721.710      19.071    1620.000       0.000    0.0002    5.073  811.035    7.456  458.269    1.962
  22980.00 0.138     717.092       3.085    1940.000       0.000    0.0002    4.494  800.503    7.060  456.932    1.962
  23040.00 0.133     710.202       2.936    1940.000       0.000    0.0002    4.130  717.254    5.666  452.779    1.776
  23100.00 0.135     709.675       9.856    1620.000       0.000    0.0002    3.759  441.859    4.627  446.473    1.362
  23160.00 0.137     714.500       8.036    1500.000       0.000    0.0002    3.448  292.511    4.576  443.100    1.102
  23220.00 0.128     708.517       4.829    1460.000       0.000    0.0002    3.340  340.334    5.167  441.259    1.198
  23280.00 0.134     714.845       3.327    1500.000       0.000    0.0002    3.310  393.830    5.476  437.968    1.236
  23340.00 0.130     719.476      11.011    1500.000       0.000    0.0002    3.364  452.421    5.629  435.574    1.437
  23400.00 0.127     726.308       6.385    1740.000       0.000    0.0002    3.508  524.904    5.749  435.045    1.449
  23460.00 0.130     710.847       5.009    1620.000       0.000    0.0002    3.638  541.517    5.671  435.308    1.561
  23520.00 0.134     712.022       8.270    1500.000       0.000    0.0002    3.708  474.644    4.717  435.338    1.471
  23580.00 0.135     708.577       7.171    1460.000       0.000    0.0002    3.694  331.201    5.418  435.598    1.137
  23640.00 0.140     710.226       4.174    1580.000       0.000    0.0002    3.716  274.001    5.391  435.478    1.133
  23700.00 0.144     711.932      10.441    1500.000       0.000    0.0002    3.774  356.971    4.995  434.704    1.257
  23760.00 0.142     712.483       7.448    1460.000       0.000    0.0002    3.900  368.595    5.400  434.217    1.120
  23820.00 0.146     710.537       4.262    1460.000       0.000    0.0002    3.941  347.124    5.423  433.765    1.105
  23880.00 0.138     702.832       9.982    1540.000       0.000    0.0002    4.063  333.821    4.901  433.979    1.090
  23940.00 0.134     707.299      11.022    1500.000       0.000    0.0002    4.253  377.675    5.272  435.354    1.106
  24000.00 0.141     715.268      11.606    1500.000       0.000    0.0002    4.396  513.845    5.629  437.287    1.266
  24060.00 0.146     717.963       3.038    1460.000       0.000    0.0002    4.583  571.180    5.831  439.373    1.574
  24120.00 0.139     717.113       8.768    1460.000       0.000    0.0002    4.776  580.707    7.206  441.681    1.759
  24180.00 0.132     709.054       6.160    1580.000       0.000    0.0002    4.994  674.278    6.804  442.894    1.467
  24240.00 0.139     718.028       9.577    1540.000       0.000    0.0002    5.068  571.120    6.179  442.325    1.301
  24300.00 0.140     729.704       6.817    1540.000       0.000    0.0002    5.051  446.800    5.316  442.032    1.315
  24360.00 0.139     736.567       6.270    1500.000       0.000    0.0002    5.086  551.626    6.754  444.190    1.579
  24420.00 0.137     737.442       6.821    1500.000       0.000    0.0002    5.224  626.478    7.642  447.351    1.830
  24480.00 0.134     734.891       6.825    1380.000       0.000    0.0002    5.492  617.009    6.283  450.161    1.542
  24540.00 0.133     731.897       8.029    1460.000       0.000    0.0002    5.838  638.916    6.314  454.660    1.793
  24600.00 0.129     724.167       3.712    1380.000       0.000    0.0002    6.223  599.874    7.287  460.964    1.710
  24660.00 0.129     735.833       9.053    1620.000       0.000    0.0002    6.644  669.847    8.525  469.441    1.842
  24720.00 0.129     731.229       7.561    1540.000       0.000    0.0002    7.168  902.209    8.341  480.974    1.949
  24780.00 0.131     729.497       7.300    1620.000       0.000    0.0002    7.811 1051.606   10.107  491.731    2.519
  24840.00 0.134     729.708      13.686    1940.000       0.000    0.0002    8.145 1189.406    8.557  493.715    2.766
  24900.00 0.138     733.228      16.226    1940.000       0.000    0.0002    8.088 1142.521    7.768  491.352    2.809
  24960.00 0.138     730.688       6.032    1940.000       0.000    0.0002    7.608  736.907    7.460  494.492    1.572
  25020.00 0.146     741.541       7.571    1580.000       0.000    0.0002    7.104  724.639    7.144  501.395    1.807
  25080.00 0.149     745.237      11.718    1580.000       0.000    0.0002    6.627  616.806    7.025  496.975    1.649
  25140.00 0.146     735.719       6.455    1500.000       0.000    0.0002    6.730  601.319    7.687  486.605    1.743
  25200.00 0.145     743.784      13.209    1540.000       0.000    0.0002    7.035  677.690    7.843  485.963    1.948
  25260.00 0.148     744.694       1.091    1620.000       0.000    0.0002    7.350  648.955    8.135  489.900    1.804
  25320.00 0.146     762.416       6.443    1660.000       0.000    0.0002    7.692  747.143    7.308  491.075    1.987
  25380.00 0.149     759.116      15.025    1660.000       0.000    0.0002    7.990  839.878    7.954  494.281    2.187
  25440.00 0.147     765.449       9.468    1940.000       0.000    0.0002    8.314  766.437    8.001  501.780    1.947
  25500.00 0.143     765.685       5.274    1940.000       0.000    0.0002    8.726  772.697    8.366  509.519    1.902
  25560.00 0.148     761.884       5.521    1580.000       0.000    0.0002    9.210 1059.392    8.393  514.841    1.913
  25620.00 0.145     761.014      15.912    1940.000       0.000    0.0002    9.486 1102.647    7.131  519.217    2.029
  25680.00 0.145     754.478       5.589    1940.000       0.000    0.0002    9.509  870.794    7.513  525.398    1.952
  25740.00 0.156     756.892      14.317    1940.000       0.000    0.0002    9.289  949.518    8.785  533.952    2.076
  25800.00 0.149     758.003      14.304    1940.000       0.000    0.0002    8.970  927.435    7.177  537.426    1.960
  25860.00 0.150     752.273       5.455    1940.000       0.000    0.0002    8.612  964.392    7.701  533.581    2.047
  25920.00 0.145     737.778       0.976    1940.000       0.000    0.0002    8.196  800.000    7.434  528.432    1.892
  25980.00 0.147     743.113      12.450    1940.000       0.000    0.0002    7.645 1028.442    8.766  526.251    1.833
  26040.00 0.148     736.298       6.050    1580.000       0.000    0.0002    7.031 1018.987    7.433  525.181    2.048
  26100.00 0.142     725.931       6.966    1940.000       0.000    0.0002    6.594  978.038    6.503  521.754    2.027
  26160.00 0.141     715.737       7.972    1620.000       0.000    0.0002    6.223 1105.316    6.289  514.521    1.991
  26220.00 0.144     728.542       6.881    1940.000       0.000    0.0002    5.907  964.562    5.685  508.294    1.630
  26280.00 0.146     740.800       3.567    1660.000       0.000    0.0002    5.538  585.098    4.756  502.470    1.405
  26340.00 0.144     734.228       7.165    1620.000       0.000    0.0002    5.239  498.363    5.101  497.949    1.257
  26400.00 0.133     742.422      15.890    1660.000       0.000    0.0002    5.094  435.256    5.055  495.313    1.326
  26460.00 0.133     747.735       7.035    1620.000       0.000    0.0002    5.289  487.413    5.120  493.955    1.273
  26520.00 0.137     759.467       5.187    1540.000       0.000    0.0002    5.723  394.771    5.818  494.734    1.297
  26580.00 0.135     745.009      12.958    1580.000       0.000    0.0002    6.545  500.256    6.410  499.430    1.665
  26640.00 0.136     758.136       9.570    1660.000       0.000    0.0002    7.413  537.883    7.209  508.377    1.655
  26700.00 0.137     757.683       2.638    1500.000       0.000    0.0002    8.308  612.895    6.734  519.070    1.509
  26760.00 0.138     755.450       5.432    1500.000       0.000    0.0002    9.013  592.077    6.479  529.612    1.688
  26820.00 0.133     770.294       8.493    1580.000       0.000    0.0002    9.496  571.724    7.979  539.120    2.026
  26880.00 0.131     772.788       7.546    1540.000       0.000    0.0002    9.713  657.953    8.308  549.061    1.799
  26940.00 0.137     776.578       9.840    1700.000       0.000    0.0002    9.998  720.990    8.359  561.781    1.820
  27000.00 0.139     771.579      16.526    1540.000       0.000    0.0002   10.321  640.517    8.408  572.096    1.973
  27060.00 0.139     770.667       9.719    1940.000       0.000    0.0002   10.634  869.546    9.304  579.001    1.988
  27120.00 0.141     764.471       1.282    1620.000       0.000    0.0002   10.808 1090.857   11.456  589.336    2.287
  27180.00 0.147     764.942      13.035    1940.000       0.000    0.0002   10.482 1271.089    9.787  596.437    2.508
  27240.00 0.145     751.400       4.418    1940.000       0.000    0.0002    9.935 1062.908   10.220  592.780    2.211
  27300.00 0.140     750.035      11.324    1940.000       0.000    0.0002    9.708 1010.439   10.360  595.198    2.204
  27360.00 0.137     747.487       6.453    1940.000       0.000    0.0002    9.807 1271.515   10.858  605.131    2.507
  27420.00 0.145     750.793       3.069    1940.000       0.000    0.0002    9.945 1377.493    9.784  602.835    2.852
  27480.00 0.145     742.084      10.857    1940.000       0.000    0.0002   10.152 1112.310    8.561  594.003    2.173
  27540.00 0.151     746.288      11.248    1940.000       0.000    0.0002   10.298  913.575    8.244  598.504    1.954
  27600.00 0.146     749.664       9.564    1940.000       0.000    0.0002   10.238  911.103    8.233  607.090    1.897
  27660.00 0.144     767.458      14.203    1620.000       0.000    0.0002   10.048  829.402    8.522  606.023    1.843
  27720.00 0.145     765.878       4.662    1940.000       0.000    0.0002    9.982  933.063    8.573  601.663    2.140
  27780.00 0.142     779.379       8.759    1940.000       0.000    0.0002    9.806  990.446    8.667  598.906    2.188
  27840.00 0.147     776.623       6.523    1940.000       0.000    0.0002    9.691  952.918    7.079  597.163    2.072
  27900.00 0.140     771.359       3.868    1940.000       0.000    0.0002    9.532  733.666    7.601  596.421    1.872
  27960.00 0.139     779.016       3.480    1940.000       0.000    0.0002    9.371  602.587    7.163  596.561    1.876
  28020.00 0.139     778.105       8.491    1580.000       0.000    0.0002    9.214  635.304    6.401  596.182    1.964
  28080.00 0.141     789.792      10.590    1580.000       0.000    0.0002    9.029  767.151    7.621  592.123    1.905
  28140.00 0.143     795.385      11.932    1940.000       0.000    0.0002    8.728  756.775    7.811  586.097    2.075
  28200.00 0.147     792.492       6.412    1940.000       0.000    0.0002    8.146  812.352    7.968  578.158    2.237
  28260.00 0.146     793.645       9.900    2020.000       0.000    0.0002    7.356  720.651    6.335  569.283    1.867
  28320.00 0.148     798.158       9.803    1740.000       0.000    0.0002    6.338  673.632    6.001  558.941    1.849
  28380.00 0.151     776.311       2.265    1660.000       0.000    0.0002    5.243  507.781    5.326  547.019    1.434
  28440.00 0.148     768.421      10.691    1740.000       0.000    0.0002    4.258  402.326    4.719  535.944    1.297
  28500.00 0.142     758.897       6.586    1620.000       0.000    0.0002    3.673  324.650    4.573  527.028    1.197
  28560.00 0.145     746.667       7.239    1580.000       0.000    0.0002    3.408  506.188    5.474  520.035    1.583
  28620.00 0.139     736.988      13.345    1580.000       0.000    0.0002    3.416  604.557    6.869  512.794    1.837
  28680.00 0.133     720.368       5.809    1500.000       0.000    0.0002    3.466  580.974    5.612  505.178    1.524
  28740.00 0.128     714.981       1.255    1500.000       0.000    0.0002    3.612  555.122    4.911  500.406    1.690
  28800.00 0.123     724.542       1.554    1540.000       0.000    0.0002    3.694  443.647    5.167  498.199    1.557
