#  time      cc     z_cbase    z_ctop_avg  z_ctop_max      zi         we   <<ql>>  <<ql>>_max   w_max   tke     ql_max
     60.00 0.000       0.000       0.000       0.000       0.000    0.0002    0.000    0.000    0.183  616.601    0.000
    120.00 0.000       0.000       0.000       0.000       0.000    0.0002    0.000    0.000    0.317  417.067    0.000
    180.00 0.000       0.000       0.000       0.000       0.000    0.0002    0.000    0.000    0.324  300.118    0.000
    240.00 0.000       0.000       0.000       0.000       0.000    0.0002    0.000    0.000    0.342  225.790    0.000
    300.00 0.000       0.000       0.000       0.000       0.000    0.0002    0.000    0.000    0.248  176.566    0.000
    360.00 0.000       0.000       0.000       0.000       0.000    0.0002    0.000    0.000    0.284  143.399    0.000
    420.00 0.000       0.000       0.000       0.000       0.000    0.0002    0.000    0.000    0.302  121.152    0.000
    480.00 0.000       0.000       0.000       0.000       0.000    0.0002    0.000    0.000    0.317  105.751    0.000
    540.00 0.000       0.000       0.000       0.000       0.000    0.0002    0.000    0.000    0.344   93.918    0.000
    600.00 0.000       0.000       0.000       0.000       0.000    0.0002    0.000    0.000    0.361   84.638    0.000
    660.00 0.000       0.000       0.000       0.000       0.000    0.0002    0.000    0.000    0.377   78.092    0.000
    720.00 0.000       0.000       0.000       0.000       0.000    0.0002    0.000    0.000    0.406   73.799    0.000
    780.00 0.000       0.000       0.000       0.000       0.000    0.0002    0.000    0.000    0.478   71.008    0.000
    840.00 0.000       0.000       0.000       0.000       0.000    0.0002    0.000    0.000    0.527   69.225    0.000
    900.00 0.000       0.000       0.000       0.000       0.000    0.0002    0.000    0.000    0.596   68.008    0.000
    960.00 0.000       0.000       0.000       0.000       0.000    0.0002    0.000    0.000    0.697   67.400    0.000
   1020.00 0.000       0.000       0.000       0.000       0.000    0.0002    0.000    0.000    0.736   67.888    0.000
   1080.00 0.000       0.000       0.000       0.000       0.000    0.0002    0.000    0.000    0.710   69.471    0.000
   1140.00 0.000       0.000       0.000       0.000       0.000    0.0002    0.000    0.000    0.771   71.750    0.000
   1200.00 0.000       0.000       0.000       0.000       0.000    0.0002    0.000    0.000    0.837   74.682    0.000
   1260.00 0.000     580.000       0.000     580.000       0.000    0.0002    0.000    0.433    0.868   78.461    0.010
   1320.00 0.003     565.455       0.000     580.000       0.000    0.0002    0.003    2.273    1.054   83.211    0.051
   1380.00 0.006     562.609      48.696     580.000       0.000    0.0002    0.009    4.737    1.253   89.101    0.100
   1440.00 0.011     565.532       0.000     580.000       0.000    0.0002    0.027    7.765    1.362   96.213    0.126
   1500.00 0.021     565.455      13.182     660.000       0.000    0.0002    0.065   12.312    1.297  104.423    0.185
   1560.00 0.033     567.463       4.328     660.000       0.000    0.0002    0.128   20.475    1.319  113.660    0.241
   1620.00 0.049     567.940       5.829     660.000       0.000    0.0002    0.233   35.998    1.656  123.941    0.357
   1680.00 0.066     567.704       6.741     700.000       0.000    0.0002    0.399   53.910    1.888  135.178    0.462
   1740.00 0.083     566.276       1.701     700.000       0.000    0.0002    0.640   74.380    1.956  147.206    0.536
   1800.00 0.101     568.530      11.181     780.000       0.000    0.0002    0.970  100.933    2.549  159.822    0.681
   1860.00 0.120     569.002       5.051     820.000       0.000    0.0002    1.389  123.528    2.856  172.678    0.787
   1920.00 0.136     569.784       9.892     820.000       0.000    0.0002    1.892  158.989    2.931  185.521    0.752
   1980.00 0.155     571.230       6.656     860.000       0.000    0.0002    2.522  186.630    3.418  198.150    0.791
   2040.00 0.169     572.853       7.579     900.000       0.000    0.0002    3.214  225.967    3.348  210.195    0.883
   2100.00 0.181     576.162       7.000     940.000       0.000    0.0002    3.977  269.666    3.847  221.368    0.977
   2160.00 0.192     580.051       4.524     940.000       0.000    0.0002    4.744  290.251    4.083  231.303    1.072
   2220.00 0.194     581.816       8.499    1300.000       0.000    0.0002    5.504  348.187    4.022  239.620    1.024
   2280.00 0.195     585.707       5.332    1300.000       0.000    0.0002    6.199  366.833    4.086  246.348    1.030
   2340.00 0.196     593.649       6.476    1300.000       0.000    0.0002    6.815  369.800    4.530  251.381    1.269
   2400.00 0.196     600.798       7.631    1300.000       0.000    0.0002    7.302  425.842    4.782  254.755    1.166
   2460.00 0.197     606.584       6.783    1340.000       0.000    0.0002    7.627  428.531    4.402  256.515    1.336
   2520.00 0.190     609.128       8.949    1340.000       0.000    0.0002    7.814  402.334    4.463  256.353    1.225
   2580.00 0.188     613.351       9.948    1340.000       0.000    0.0002    7.795  375.658    5.186  254.266    1.290
   2640.00 0.186     617.536      10.223    1380.000       0.000    0.0002    7.548  398.104    4.877  250.617    1.072
   2700.00 0.182     622.624      10.067    1340.000       0.000    0.0002    7.186  411.090    3.950  246.239    1.118
   2760.00 0.176     627.177       4.645    1300.000       0.000    0.0002    6.677  400.593    4.354  241.818    1.095
   2820.00 0.169     631.659       7.215    1420.000       0.000    0.0002    6.203  378.834    4.348  237.160    1.148
   2880.00 0.159     639.202       2.791    1420.000       0.000    0.0002    5.703  368.617    4.604  231.371    1.217
   2940.00 0.149     645.686       1.765    1340.000       0.000    0.0002    5.175  489.320    4.790  224.830    1.399
   3000.00 0.149     639.901       4.401    1460.000       0.000    0.0002    4.699  612.406    5.353  218.967    1.342
   3060.00 0.141     638.819       9.549    1380.000       0.000    0.0002    4.319  709.968    4.964  214.204    1.499
   3120.00 0.130     637.702      10.734    1300.000       0.000    0.0002    4.054  753.730    5.282  209.810    1.447
   3180.00 0.125     632.656       9.180    1340.000       0.000    0.0002    3.836  687.506    4.653  205.034    1.742
   3240.00 0.122     636.513       6.693    1380.000       0.000    0.0002    3.616  577.413    4.782  200.167    1.503
   3300.00 0.118     630.722       2.557    1740.000       0.000    0.0002    3.442  722.578    4.623  196.901    1.237
   3360.00 0.111     629.561      10.526    1380.000       0.000    0.0002    3.357  813.871    5.009  194.223    1.313
   3420.00 0.112     640.435      11.565    1420.000       0.000    0.0002    3.219  864.393    4.947  190.940    1.217
   3480.00 0.112     644.261       6.826    1460.000       0.000    0.0002    3.090  906.925    4.759  188.971    1.348
   3540.00 0.109     635.268       9.375    1500.000       0.000    0.0002    2.991  907.339    4.692  187.528    1.726
   3600.00 0.109     634.375      10.134    1660.000       0.000    0.0002    2.867  844.636    4.185  185.159    1.227
   3660.00 0.108     638.378       9.730    1500.000       0.000    0.0002    2.668  723.001    4.721  182.817    1.323
   3720.00 0.107     641.735       4.429    1460.000       0.000    0.0002    2.466  541.863    4.923  180.958    1.223
   3780.00 0.108     639.410       8.390    1380.000       0.000    0.0002    2.322  421.288    3.936  179.687    1.037
   3840.00 0.109     628.719       7.685    1300.000       0.000    0.0002    2.238  324.655    3.614  178.593    1.049
   3900.00 0.105     628.465       8.837    1300.000       0.000    0.0002    2.152  284.181    3.824  177.761    0.991
   3960.00 0.105     630.909      11.375    1340.000       0.000    0.0002    2.067  325.024    3.910  176.910    1.094
   4020.00 0.100     630.980       4.657    1380.000       0.000    0.0002    1.975  360.184    4.019  176.019    0.967
   4080.00 0.103     624.728       7.139    1300.000       0.000    0.0002    1.910  359.597    3.507  175.281    0.994
   4140.00 0.101     615.254       5.908    1300.000       0.000    0.0002    1.843  323.311    3.199  174.715    0.917
   4200.00 0.101     619.903       5.894    1300.000       0.000    0.0002    1.769  280.858    2.995  174.956    0.927
   4260.00 0.099     616.436       9.950    1300.000       0.000    0.0002    1.758  254.538    3.316  176.285    0.888
   4320.00 0.094     613.943       5.170    1460.000       0.000    0.0002    1.813  242.673    3.185  177.665    0.927
   4380.00 0.098     609.127      13.566    1300.000       0.000    0.0002    1.908  273.674    3.604  178.686    0.892
   4440.00 0.100     608.557       6.748    1300.000       0.000    0.0002    2.041  298.785    3.680  179.974    1.022
   4500.00 0.104     608.800       7.200    1300.000       0.000    0.0002    2.184  323.581    3.608  181.670    0.823
   4560.00 0.104     610.164       7.166    1340.000       0.000    0.0002    2.325  324.524    3.485  183.653    0.892
   4620.00 0.105     607.599       9.231    1300.000       0.000    0.0002    2.440  272.787    3.633  185.775    1.009
   4680.00 0.115     613.488       5.285    1300.000       0.000    0.0002    2.557  301.456    3.980  187.837    1.011
   4740.00 0.120     615.184      10.082    1300.000       0.000    0.0002    2.685  370.340    3.974  189.989    1.053
   4800.00 0.124     614.961       2.362    1300.000       0.000    0.0002    2.894  431.979    4.304  192.618    1.191
   4860.00 0.126     614.595       9.730    1340.000       0.000    0.0002    3.141  499.304    4.496  195.863    1.307
   4920.00 0.130     612.392       5.913    1300.000       0.000    0.0002    3.481  596.889    4.508  199.815    1.357
   4980.00 0.132     610.946       3.228    1380.000       0.000    0.0002    3.894  665.026    4.698  204.047    1.357
   5040.00 0.130     607.266       4.869    1340.000       0.000    0.0002    4.233  651.543    4.808  207.395    1.332
   5100.00 0.128     606.233      10.899    1380.000       0.000    0.0002    4.529  742.043    5.142  210.194    1.279
   5160.00 0.129     611.623      10.415    1620.000       0.000    0.0002    4.814  840.618    4.780  213.897    1.357
   5220.00 0.129     617.660       6.906    1340.000       0.000    0.0002    5.079  953.721    5.868  218.083    1.503
   5280.00 0.130     622.632       8.534    1340.000       0.000    0.0002    5.199  989.294    6.609  220.513    1.768
   5340.00 0.132     630.721       3.660    1460.000       0.000    0.0002    5.187 1041.152    5.077  222.027    1.591
   5400.00 0.131     629.495       7.140    1940.000       0.000    0.0002    5.069 1058.896    5.526  223.913    1.804
   5460.00 0.130     625.468       7.266    1420.000       0.000    0.0002    4.814  926.442    5.164  224.660    1.588
   5520.00 0.127     627.769       6.423    1380.000       0.000    0.0002    4.587  766.059    4.284  225.516    1.501
   5580.00 0.128     626.844      11.217    1380.000       0.000    0.0002    4.409  564.283    3.992  225.733    1.084
   5640.00 0.126     631.605       6.615    1460.000       0.000    0.0002    4.266  450.442    3.868  224.665    1.025
   5700.00 0.132     626.519       6.333    1460.000       0.000    0.0002    4.225  372.446    4.450  224.166    1.193
   5760.00 0.138     626.454      13.546    1380.000       0.000    0.0002    4.299  474.698    4.893  225.207    1.293
   5820.00 0.139     625.394       9.247    1380.000       0.000    0.0002    4.416  571.202    5.093  227.061    1.515
   5880.00 0.139     627.676       3.134    1340.000       0.000    0.0002    4.580  642.456    4.791  229.048    1.355
   5940.00 0.142     629.691       7.904    1420.000       0.000    0.0002    4.773  675.440    4.293  230.706    1.229
   6000.00 0.142     629.880       9.537    1460.000       0.000    0.0002    4.943  626.730    3.801  232.139    1.327
   6060.00 0.141     633.750       2.153    1540.000       0.000    0.0002    4.949  533.183    4.862  233.603    1.475
   6120.00 0.142     634.802       8.227    1460.000       0.000    0.0002    4.928  459.842    5.209  234.888    1.505
   6180.00 0.148     629.587       2.744    1500.000       0.000    0.0002    4.892  427.570    4.373  235.574    1.213
   6240.00 0.148     628.926      13.488    1420.000       0.000    0.0002    4.899  385.289    4.542  236.407    1.336
   6300.00 0.148     637.388       7.702    1460.000       0.000    0.0002    4.992  410.615    4.928  238.809    1.443
   6360.00 0.150     638.697       6.026    1460.000       0.000    0.0002    5.178  502.415    4.705  241.118    0.950
   6420.00 0.149     630.903       9.360    1460.000       0.000    0.0002    5.472  605.995    4.471  242.907    1.155
   6480.00 0.150     631.987       8.860    1300.000       0.000    0.0002    5.813  700.610    4.946  245.617    1.340
   6540.00 0.155     635.584      13.849    1380.000       0.000    0.0002    6.092  707.021    4.608  248.815    1.297
   6600.00 0.151     637.115       7.455    1420.000       0.000    0.0002    6.316  686.196    4.900  252.164    1.360
   6660.00 0.151     634.129       8.774    1380.000       0.000    0.0002    6.500  706.606    4.443  255.744    1.520
   6720.00 0.152     637.885       8.974    1380.000       0.000    0.0002    6.682  638.876    4.642  258.599    1.205
   6780.00 0.155     642.433       6.603    1420.000       0.000    0.0002    6.762  590.198    5.493  261.081    1.376
   6840.00 0.154     635.580       4.610    1380.000       0.000    0.0002    6.774  556.769    4.910  263.147    1.214
   6900.00 0.154     641.968       7.683    1500.000       0.000    0.0002    6.657  581.857    4.551  263.745    1.296
   6960.00 0.150     638.989       7.732    1460.000       0.000    0.0002    6.482  610.149    4.875  263.931    1.288
   7020.00 0.147     645.166       9.073    1420.000       0.000    0.0002    6.302  640.897    5.969  264.068    1.352
   7080.00 0.147     641.891       7.430    1420.000       0.000    0.0002    6.162  630.163    5.635  263.366    1.566
   7140.00 0.148     649.241       8.944    1460.000       0.000    0.0002    6.052  624.121    4.866  261.874    1.530
   7200.00 0.147     649.484       7.887    1540.000       0.000    0.0002    6.047  527.280    5.015  261.542    1.353
   7260.00 0.144     648.156       3.283    1500.000       0.000    0.0002    6.092  583.359    5.105  263.169    1.294
   7320.00 0.144     646.125       5.313    1460.000       0.000    0.0002    6.153  613.458    5.352  265.000    1.297
   7380.00 0.143     656.928       4.130    1500.000       0.000    0.0002    6.277  677.063    5.584  268.183    1.521
   7440.00 0.137     657.509       5.730    1500.000       0.000    0.0002    6.439  696.880    6.258  271.991    1.642
   7500.00 0.130     664.494       4.345    1500.000       0.000    0.0002    6.507  780.302    6.207  272.824    1.567
   7560.00 0.134     661.530       7.796    1540.000       0.000    0.0002    6.396  830.599    6.119  271.574    1.853
   7620.00 0.140     655.749       6.585    1540.000       0.000    0.0002    6.205  718.738    4.721  271.087    1.742
   7680.00 0.135     660.871       5.771    1620.000       0.000    0.0002    5.866  586.478    4.259  271.318    1.225
   7740.00 0.132     657.111      10.000    1500.000       0.000    0.0002    5.526  532.669    4.247  271.523    1.163
   7800.00 0.133     656.464       8.435    1460.000       0.000    0.0002    5.379  519.395    3.776  269.880    1.293
   7860.00 0.134     652.058       4.444    1460.000       0.000    0.0002    5.238  489.945    4.138  267.121    1.345
   7920.00 0.133     648.917       4.624    1460.000       0.000    0.0002    5.165  465.042    4.413  266.638    1.202
   7980.00 0.134     651.737       4.607    1500.000       0.000    0.0002    5.117  407.227    4.362  268.079    1.075
   8040.00 0.137     655.160       7.011    1540.000       0.000    0.0002    5.114  465.545    4.932  269.110    1.183
   8100.00 0.138     648.085       6.099    1460.000       0.000    0.0002    5.180  542.901    5.450  270.234    1.335
   8160.00 0.147     658.272      10.432    1580.000       0.000    0.0002    5.297  651.650    5.569  271.967    1.333
   8220.00 0.143     647.192       7.740    1380.000       0.000    0.0002    5.466  713.531    5.633  272.869    1.348
   8280.00 0.141     645.208      11.181    1420.000       0.000    0.0002    5.613  691.734    5.982  273.212    1.384
   8340.00 0.145     643.378       6.318    1500.000       0.000    0.0002    5.713  784.352    5.340  274.742    1.329
   8400.00 0.141     634.162      11.261    1500.000       0.000    0.0002    5.700  768.277    4.493  276.146    1.319
   8460.00 0.140     645.689      11.832    1580.000       0.000    0.0002    5.521  671.099    3.850  276.208    1.225
   8520.00 0.140     646.017      10.052    1460.000       0.000    0.0002    5.298  488.540    4.130  276.183    1.055
   8580.00 0.138     646.996       4.523    1380.000       0.000    0.0002    5.125  429.813    4.150  276.125    1.120
   8640.00 0.131     654.935       8.603    1460.000       0.000    0.0002    5.022  448.011    4.388  275.642    1.193
   8700.00 0.128     657.486       7.124    1500.000       0.000    0.0002    5.039  472.801    4.354  275.518    1.174
   8760.00 0.126     661.467       9.807    1420.000       0.000    0.0002    5.137  479.365    5.178  276.550    1.230
   8820.00 0.122     656.567       7.465    1420.000       0.000    0.0002    5.274  573.450    5.515  278.424    1.483
   8880.00 0.120     667.154      11.870    1540.000       0.000    0.0002    5.400  623.580    5.767  279.502    1.671
   8940.00 0.118     666.791       5.135    1380.000       0.000    0.0002    5.327  628.736    5.185  278.820    1.709
   9000.00 0.121     672.153      10.543    1460.000       0.000    0.0002    5.034  541.346    5.019  276.965    1.312
   9060.00 0.124     676.142      11.339    1500.000       0.000    0.0002    4.598  647.300    5.147  275.529    1.408
   9120.00 0.123     662.072      11.594    1500.000       0.000    0.0002    4.184  655.513    5.623  274.244    1.467
   9180.00 0.122     652.289       8.514    1380.000       0.000    0.0002    3.804  640.791    4.738  271.750    1.467
   9240.00 0.123     645.584       4.911    1420.000       0.000    0.0002    3.452  517.641    4.156  268.571    1.101
   9300.00 0.126     655.280       6.460    1500.000       0.000    0.0002    3.177  341.465    3.930  265.845    1.162
   9360.00 0.124     644.597       7.387    1420.000       0.000    0.0002    3.003  385.270    3.912  263.193    1.105
   9420.00 0.130     649.813       9.850    1380.000       0.000    0.0002    2.943  354.094    3.594  260.837    0.830
   9480.00 0.126     648.372       6.318    1420.000       0.000    0.0002    2.993  359.820    3.436  259.957    0.912
   9540.00 0.130     643.051       7.533    1340.000       0.000    0.0002    3.094  334.431    3.723  260.007    1.082
   9600.00 0.134     646.399      15.539    1340.000       0.000    0.0002    3.250  318.062    3.879  260.476    1.016
   9660.00 0.137     644.670       7.201    1380.000       0.000    0.0002    3.428  347.465    4.278  261.130    1.187
   9720.00 0.136     638.097       3.914    1460.000       0.000    0.0002    3.621  340.482    4.283  261.824    1.088
   9780.00 0.131     644.060      11.136    1420.000       0.000    0.0002    3.836  323.405    4.475  263.236    1.070
   9840.00 0.126     642.317       3.822    1460.000       0.000    0.0002    4.162  388.505    4.904  266.218    1.297
   9900.00 0.129     653.245       5.882    1380.000       0.000    0.0002    4.628  471.351    5.374  270.588    1.303
   9960.00 0.134     649.290      17.887    1380.000       0.000    0.0002    5.145  525.563    5.395  275.539    1.457
  10020.00 0.136     652.014      10.899    1420.000       0.000    0.0002    5.691  598.456    5.664  280.955    1.736
  10080.00 0.140     659.024       4.530    1580.000       0.000    0.0002    6.164  741.853    6.207  286.243    1.786
  10140.00 0.148     660.264       9.703    1620.000       0.000    0.0002    6.422  758.233    5.818  289.944    1.795
  10200.00 0.144     662.313      11.633    1460.000       0.000    0.0002    6.509  771.342    6.125  293.755    1.465
  10260.00 0.138     657.813      12.134    1580.000       0.000    0.0002    6.564  809.877    6.198  298.756    1.609
  10320.00 0.138     660.071       2.411    1620.000       0.000    0.0002    6.465  898.306    6.076  301.099    1.830
  10380.00 0.139     664.133       6.060    1500.000       0.000    0.0002    6.262  868.369    5.191  300.857    1.532
  10440.00 0.135     667.971      10.942    1420.000       0.000    0.0002    5.935  778.101    5.089  301.830    1.514
  10500.00 0.134     664.800       6.145    1500.000       0.000    0.0002    5.680  625.770    5.930  302.187    1.512
  10560.00 0.135     674.638       3.152    1540.000       0.000    0.0002    5.497  490.416    5.010  300.105    1.230
  10620.00 0.135     673.285       7.581    1580.000       0.000    0.0002    5.284  478.381    5.019  298.718    1.174
  10680.00 0.138     671.681       9.487    1580.000       0.000    0.0002    5.053  437.053    5.428  297.931    1.200
  10740.00 0.136     669.374       7.907    1540.000       0.000    0.0002    4.895  506.867    5.675  296.855    1.396
  10800.00 0.136     666.523       5.627    1500.000       0.000    0.0002    4.794  513.644    5.507  295.302    1.390
  10860.00 0.132     653.506      13.358    1500.000       0.000    0.0002    4.769  476.147    5.433  294.723    1.336
  10920.00 0.132     657.934       1.587    1500.000       0.000    0.0002    4.813  455.714    4.400  294.696    1.192
  10980.00 0.131     647.807       3.606    1420.000       0.000    0.0002    4.931  543.062    4.449  295.213    1.241
  11040.00 0.136     648.602       8.710    1460.000       0.000    0.0002    5.140  627.594    4.630  296.136    1.165
  11100.00 0.143     660.822       4.521    1460.000       0.000    0.0002    5.328  591.378    4.900  296.928    1.155
  11160.00 0.134     662.909       3.455    1460.000       0.000    0.0002    5.488  475.745    5.422  298.096    1.225
  11220.00 0.130     657.753       5.880    1420.000       0.000    0.0002    5.685  439.214    5.315  299.863    1.280
  11280.00 0.135     660.797      15.507    1460.000       0.000    0.0002    5.826  426.389    4.922  301.162    1.431
  11340.00 0.135     665.880       2.686    1380.000       0.000    0.0002    5.965  420.437    5.278  302.588    1.230
  11400.00 0.134     672.095       8.707    1540.000       0.000    0.0002    6.117  569.900    5.739  305.951    1.357
  11460.00 0.135     672.486      12.269    1460.000       0.000    0.0002    6.311  723.651    5.837  310.731    1.457
  11520.00 0.138     668.042       2.116    1460.000       0.000    0.0002    6.526  829.462    6.801  315.376    1.668
  11580.00 0.138     667.504       7.611    1420.000       0.000    0.0002    6.686  945.472    7.130  319.138    1.785
  11640.00 0.137     679.217      12.206    1660.000       0.000    0.0002    6.670  992.986    7.270  319.352    1.890
  11700.00 0.132     668.487       4.613    1500.000       0.000    0.0002    6.386  922.369    6.224  316.729    1.916
  11760.00 0.132     683.734       8.355    1940.000       0.000    0.0002    5.874  812.027    5.583  315.208    2.059
  11820.00 0.136     678.993       9.928    1940.000       0.000    0.0002    5.302  571.174    4.446  315.569    1.184
  11880.00 0.138     680.707       7.032    1460.000       0.000    0.0002    4.905  498.712    5.032  315.300    1.130
  11940.00 0.139     669.263       5.298    1540.000       0.000    0.0002    4.762  573.254    6.334  313.413    1.323
  12000.00 0.138     667.221       3.646    1420.000       0.000    0.0002    4.838  673.635    6.712  313.223    1.456
  12060.00 0.139     667.018      11.579    1420.000       0.000    0.0002    5.084  727.890    7.021  315.604    1.412
  12120.00 0.135     663.387       8.901    1500.000       0.000    0.0002    5.311  662.939    6.923  318.664    1.505
  12180.00 0.138     657.163       4.078    1460.000       0.000    0.0002    5.585  671.193    6.556  321.534    1.723
  12240.00 0.137     658.146       8.984    1460.000       0.000    0.0002    5.953  684.212    6.806  324.515    1.852
  12300.00 0.141     646.551       5.373    1500.000       0.000    0.0002    6.309  760.914    6.241  326.650    1.477
  12360.00 0.143     652.752       7.350    1500.000       0.000    0.0002    6.687  652.454    5.676  328.279    1.460
  12420.00 0.140     656.452       8.174    1580.000       0.000    0.0002    7.032  586.062    6.328  331.921    1.556
  12480.00 0.140     661.466       9.703    1540.000       0.000    0.0002    7.351  670.667    6.056  336.733    1.386
  12540.00 0.141     663.178       6.598    1540.000       0.000    0.0002    7.573  628.963    5.925  341.353    1.403
  12600.00 0.148     672.760       6.050    1540.000       0.000    0.0002    7.744  637.277    5.703  345.419    1.435
  12660.00 0.146     675.973       7.047    1500.000       0.000    0.0002    7.891  695.817    7.332  348.680    1.857
  12720.00 0.156     673.853       8.768    1500.000       0.000    0.0002    7.904  783.233    8.091  351.385    2.366
  12780.00 0.152     681.252      10.112    1540.000       0.000    0.0002    7.702  878.665    7.097  351.599    2.185
  12840.00 0.148     680.858       6.469    1580.000       0.000    0.0002    7.331  760.524    5.882  351.116    1.925
  12900.00 0.143     679.353      11.346    1940.000       0.000    0.0002    7.089  743.299    5.828  352.254    1.498
  12960.00 0.146     682.905       7.813    1940.000       0.000    0.0002    6.842  555.732    5.986  352.243    1.345
  13020.00 0.145     694.689       8.134    1500.000       0.000    0.0002    6.622  492.118    5.777  351.199    1.445
  13080.00 0.138     693.558      12.177    1500.000       0.000    0.0002    6.542  620.136    6.142  349.702    1.568
  13140.00 0.135     693.829       6.715    1500.000       0.000    0.0002    6.555  743.956    6.443  350.377    1.794
  13200.00 0.129     685.180       0.000    1460.000       0.000    0.0002    6.517  760.430    6.431  351.760    1.872
  13260.00 0.131     692.075      10.430    1500.000       0.000    0.0002    6.503  748.834    5.867  352.236    1.916
  13320.00 0.127     685.259       8.253    1580.000       0.000    0.0002    6.526  677.065    5.976  352.826    1.475
  13380.00 0.134     689.124       8.650    1580.000       0.000    0.0002    6.748  790.982    5.839  356.440    1.549
  13440.00 0.135     682.681      10.181    1500.000       0.000    0.0002    6.942  838.354    6.547  359.259    1.755
  13500.00 0.129     678.792       8.830    1540.000       0.000    0.0002    6.981  764.089    6.556  358.322    1.793
  13560.00 0.129     674.566      10.792    1460.000       0.000    0.0002    6.969  706.462    6.831  359.037    1.522
  13620.00 0.130     677.261      14.296    1580.000       0.000    0.0002    6.922  783.904    7.315  361.704    1.631
  13680.00 0.132     680.148       9.262    1580.000       0.000    0.0002    6.931  904.678    7.662  361.540    1.792
  13740.00 0.137     673.950       6.690    1540.000       0.000    0.0002    6.817  876.558    5.516  358.464    1.404
  13800.00 0.134     673.309       7.345    1580.000       0.000    0.0002    6.743  815.010    5.860  359.554    1.434
  13860.00 0.134     688.300       7.861    1580.000       0.000    0.0002    6.863  697.319    5.662  364.500    1.445
  13920.00 0.137     682.000       5.500    1540.000       0.000    0.0002    7.238  659.496    7.246  369.911    1.775
  13980.00 0.136     680.537       5.939    1460.000       0.000    0.0002    7.742  829.569    6.924  375.615    1.580
  14040.00 0.136     683.555       9.264    1500.000       0.000    0.0002    8.308  920.825    6.399  381.653    1.884
  14100.00 0.136     681.147       9.713    1540.000       0.000    0.0002    8.928  960.248    6.803  388.304    1.784
  14160.00 0.137     677.438      15.516    1580.000       0.000    0.0002    9.435  990.960    7.685  396.860    1.817
  14220.00 0.145     679.798      11.650    1940.000       0.000    0.0002    9.788  940.815    8.033  403.043    2.217
  14280.00 0.150     684.169       5.212    1940.000       0.000    0.0002    9.738  865.852    7.893  402.762    2.224
  14340.00 0.153     701.975       9.459    1940.000       0.000    0.0002    9.350  912.257    7.961  401.629    2.070
  14400.00 0.157     705.412       8.740    1940.000       0.000    0.0002    8.644  933.525    7.846  405.193    2.050
  14460.00 0.156     698.625      10.281    1940.000       0.000    0.0002    7.937  956.598    7.834  410.335    1.616
  14520.00 0.154     686.455       5.119    1660.000       0.000    0.0002    7.547 1162.331    8.858  411.663    2.235
  14580.00 0.150     682.959      10.797    1940.000       0.000    0.0002    7.502 1083.355    7.129  409.182    2.227
  14640.00 0.144     670.508       8.644    1940.000       0.000    0.0002    7.645  829.724    6.805  406.020    1.951
  14700.00 0.139     673.169      16.549    1620.000       0.000    0.0002    7.966  713.118    6.576  407.550    1.648
  14760.00 0.134     667.491       7.564    1620.000       0.000    0.0002    8.564  796.399    7.528  414.631    1.706
  14820.00 0.130     676.779      12.472    1620.000       0.000    0.0002    9.415  707.069    6.588  421.367    1.659
  14880.00 0.142     703.436       7.045    1660.000       0.000    0.0002   10.328  717.334    6.992  428.554    1.554
  14940.00 0.149     718.003      11.751    1620.000       0.000    0.0002   11.313  751.352    7.777  438.631    1.743
  15000.00 0.158     727.616       7.740    1620.000       0.000    0.0002   12.091  804.564    6.991  447.017    1.845
  15060.00 0.158     727.740      11.300    1580.000       0.000    0.0002   12.438  842.597    6.939  449.933    1.865
  15120.00 0.159     735.631       8.154    1940.000       0.000    0.0002   12.544  818.993    6.181  450.651    2.009
  15180.00 0.157     736.957      10.031    1580.000       0.000    0.0002   12.415  806.905    7.719  453.151    1.838
  15240.00 0.154     740.190       5.492    1580.000       0.000    0.0002   12.033  999.049    8.707  456.035    2.407
  15300.00 0.151     746.408       8.964    1940.000       0.000    0.0002   11.347 1168.584    6.647  452.713    2.261
  15360.00 0.153     757.134      10.637    1580.000       0.000    0.0002   10.361  750.615    6.305  445.532    1.876
  15420.00 0.150     750.358       8.371    1540.000       0.000    0.0002    9.502  662.031    6.481  441.197    1.505
  15480.00 0.148     746.007       6.535    1620.000       0.000    0.0002    8.751  732.503    7.160  437.321    1.426
  15540.00 0.146     737.047      12.685    1500.000       0.000    0.0002    8.210  752.537    6.548  434.424    1.626
  15600.00 0.142     717.153       6.346    1580.000       0.000    0.0002    7.969  849.411    7.872  432.650    1.800
  15660.00 0.136     715.886       9.338    1500.000       0.000    0.0002    7.803  853.148    6.828  429.788    1.736
  15720.00 0.139     715.044       9.490    1620.000       0.000    0.0002    7.561  892.957    7.146  426.818    1.731
  15780.00 0.136     712.903      15.591    1580.000       0.000    0.0002    7.192  746.109    6.622  425.530    1.707
  15840.00 0.138     708.723      16.773    1540.000       0.000    0.0002    6.964  772.856    7.750  425.470    1.916
  15900.00 0.129     705.303       5.909    1660.000       0.000    0.0002    6.727  838.746    7.433  424.841    2.015
  15960.00 0.128     712.876       4.952    1540.000       0.000    0.0002    6.427  776.269    6.255  423.570    1.608
  16020.00 0.131     706.418       9.515    1940.000       0.000    0.0002    5.970  664.542    7.043  419.458    1.546
  16080.00 0.135     713.261       8.468    1620.000       0.000    0.0002    5.336  759.516    6.965  413.905    1.861
  16140.00 0.132     705.185       6.000    1580.000       0.000    0.0002    4.733  712.061    5.802  408.951    1.535
  16200.00 0.128     702.600       2.983    1620.000       0.000    0.0002    4.336  560.243    6.482  405.377    1.374
  16260.00 0.130     704.962       8.158    1620.000       0.000    0.0002    4.089  647.808    6.862  401.961    1.608
  16320.00 0.135     699.855      14.503    1620.000       0.000    0.0002    3.863  738.810    6.808  396.214    1.674
  16380.00 0.136     704.964       8.705    1500.000       0.000    0.0002    3.671  657.740    5.801  391.666    1.418
  16440.00 0.130     678.797       8.421    1500.000       0.000    0.0002    3.529  502.518    6.278  390.990    1.378
  16500.00 0.135     678.739       9.045    1540.000       0.000    0.0002    3.528  502.377    5.950  391.383    1.243
  16560.00 0.134     662.113       5.902    1500.000       0.000    0.0002    3.635  556.898    6.487  389.586    1.549
  16620.00 0.134     651.590      10.603    1500.000       0.000    0.0002    3.868  589.153    7.084  389.316    1.521
  16680.00 0.136     646.715       4.381    1500.000       0.000    0.0002    4.181  649.751    7.683  391.363    1.698
  16740.00 0.140     656.434       8.776    1540.000       0.000    0.0002    4.537  848.734    7.341  392.870    1.756
  16800.00 0.135     649.150      10.814    1580.000       0.000    0.0002    4.847 1034.405    9.438  392.913    2.176
  16860.00 0.133     656.404      12.000    1940.000       0.000    0.0002    4.859 1076.702    7.415  392.738    1.684
  16920.00 0.134     651.679      11.642    1940.000       0.000    0.0002    4.741  997.896    6.666  395.195    1.840
  16980.00 0.142     655.533      10.412    1940.000       0.000    0.0002    4.628  752.269    6.323  397.110    1.612
  17040.00 0.142     663.019       6.312    1540.000       0.000    0.0002    4.570  713.133    7.060  397.610    1.677
  17100.00 0.141     662.349       7.979    1500.000       0.000    0.0002    4.693  714.481    6.916  398.257    1.575
  17160.00 0.135     660.506       9.295    1540.000       0.000    0.0002    4.896  832.225    7.658  398.638    1.651
  17220.00 0.133     658.527       9.834    1940.000       0.000    0.0002    5.236  672.971    7.553  398.447    1.693
  17280.00 0.135     653.153       7.640    1460.000       0.000    0.0002    5.599  634.982    6.805  399.657    1.583
  17340.00 0.138     664.028       8.339    1580.000       0.000    0.0002    5.986  848.496    7.022  405.752    1.597
  17400.00 0.136     672.616       1.183    1540.000       0.000    0.0002    6.436  888.619    7.791  411.845    2.109
  17460.00 0.139     693.684       7.509    1540.000       0.000    0.0002    6.844  947.652    7.978  412.560    2.126
  17520.00 0.138     687.447      10.745    1620.000       0.000    0.0002    7.193  976.290    8.970  414.307    2.163
  17580.00 0.134     691.548       9.472    1980.000       0.000    0.0002    7.404 1113.581    7.478  423.200    1.891
  17640.00 0.132     696.007       2.218    1940.000       0.000    0.0002    7.571 1147.455    9.021  431.861    2.147
  17700.00 0.137     696.214      10.393    1980.000       0.000    0.0002    7.753  961.261    7.576  433.390    1.731
  17760.00 0.135     692.319       5.580    1540.000       0.000    0.0002    7.918  879.715    7.424  435.516    1.682
  17820.00 0.139     700.981      12.785    1580.000       0.000    0.0002    8.080  992.081    7.094  439.858    1.966
  17880.00 0.140     710.140       8.357    1660.000       0.000    0.0002    8.175  984.889    7.687  442.720    1.741
  17940.00 0.134     705.382       4.655    1780.000       0.000    0.0002    8.235 1135.710    6.352  443.235    1.672
  18000.00 0.132     695.037       7.259    1940.000       0.000    0.0002    8.353 1101.179    6.918  444.564    1.845
  18060.00 0.135     706.148      10.814    1940.000       0.000    0.0002    8.340  960.213    7.273  448.309    1.986
  18120.00 0.141     709.514       2.222    1500.000       0.000    0.0002    8.086  744.151    5.820  448.659    1.431
  18180.00 0.136     710.824      11.685    1580.000       0.000    0.0002    7.816  560.161    5.405  446.626    1.475
  18240.00 0.145     735.068       9.865    1620.000       0.000    0.0002    7.574  506.095    6.417  445.044    1.541
  18300.00 0.146     720.033       8.481    1500.000       0.000    0.0002    7.396  573.989    7.574  444.203    1.520
  18360.00 0.139     725.895       9.719    1580.000       0.000    0.0002    7.494  701.100    7.178  446.649    1.763
  18420.00 0.141     719.206       6.149    1620.000       0.000    0.0002    7.809  877.338    7.796  449.216    2.203
  18480.00 0.144     712.068       5.797    1540.000       0.000    0.0002    8.192 1045.848    8.490  448.995    2.066
  18540.00 0.149     703.399       4.444    1940.000       0.000    0.0002    8.487 1129.268    8.037  449.538    2.169
  18600.00 0.137     697.087       9.556    1940.000       0.000    0.0002    8.641 1203.093    7.236  453.647    2.018
  18660.00 0.138     699.788       4.806    1940.000       0.000    0.0002    8.558  987.998    7.678  461.400    1.670
  18720.00 0.140     706.202       4.390    1580.000       0.000    0.0002    8.529  983.713    7.861  470.133    1.895
  18780.00 0.133     708.205       3.626    1540.000       0.000    0.0002    8.699 1216.476    9.727  478.643    2.395
  18840.00 0.134     702.327       8.145    1940.000       0.000    0.0002    9.095 1340.656    8.177  484.808    2.614
  18900.00 0.138     699.221       5.841    1940.000       0.000    0.0002    9.372 1085.739    8.189  487.968    2.429
  18960.00 0.138     694.124      10.336    1940.000       0.000    0.0002    9.680 1362.113    9.433  496.695    2.245
  19020.00 0.138     699.646       9.841    1940.000       0.000    0.0002    9.813 1597.431    8.720  510.095    2.538
  19080.00 0.143     711.507      11.130    1940.000       0.000    0.0002    9.816 1601.593    9.477  515.008    2.855
  19140.00 0.144     711.070       7.470    1940.000       0.000    0.0002    9.527 1273.917    7.952  508.687    2.323
  19200.00 0.140     716.754       4.433    1940.000       0.000    0.0002    9.252 1242.037    8.245  511.686    1.982
  19260.00 0.137     709.591       4.263    1940.000       0.000    0.0002    9.283 1370.321    7.474  524.900    2.318
  19320.00 0.141     714.187       7.266    1940.000       0.000    0.0002    9.672 1356.048    8.346  528.130    2.179
  19380.00 0.138     709.046       5.406    1940.000       0.000    0.0002   10.102 1196.836    7.839  527.574    2.341
  19440.00 0.139     708.632       9.719    1940.000       0.000    0.0002   10.374 1160.637    8.375  539.974    2.083
  19500.00 0.133     703.083       7.119    1940.000       0.000    0.0002   10.960 1199.957    9.585  555.589    2.381
  19560.00 0.138     712.248       6.372    1940.000       0.000    0.0002   11.749 1395.203    9.975  559.333    3.067
  19620.00 0.140     733.497       5.629    2020.000       0.000    0.0002   11.954 1228.356    8.866  554.608    2.681
  19680.00 0.141     736.111       3.681    2060.000       0.000    0.0002   11.499 1073.901    6.925  553.696    2.457
  19740.00 0.145     728.446       6.926    1980.000       0.000    0.0002   10.826 1072.007    8.126  558.443    1.886
  19800.00 0.142     739.794       9.003    1940.000       0.000    0.0002   10.208 1023.474    6.439  557.792    1.613
  19860.00 0.146     765.953       4.181    1940.000       0.000    0.0002    9.808  750.793    6.657  545.036    1.713
  19920.00 0.144     757.551       7.891    1700.000       0.000    0.0002    9.284  788.873    7.333  536.488    2.050
  19980.00 0.147     752.379      13.245    1940.000       0.000    0.0002    8.674  934.242    9.142  533.766    1.798
  20040.00 0.146     753.689       8.982    1620.000       0.000    0.0002    8.118  943.934    8.006  526.029    1.579
  20100.00 0.140     768.939       3.235    1740.000       0.000    0.0002    7.496 1072.361    7.642  512.318    1.939
  20160.00 0.140     781.394       6.899    1940.000       0.000    0.0002    6.799 1005.289    7.703  504.718    1.801
  20220.00 0.136     762.549      12.639    2020.000       0.000    0.0002    6.075  862.668    6.627  502.299    1.968
  20280.00 0.137     752.857       7.214    1940.000       0.000    0.0002    5.554  778.806    6.229  497.183    1.725
  20340.00 0.141     760.969      12.353    1700.000       0.000    0.0002    5.060  698.394    6.614  485.672    1.707
  20400.00 0.141     770.190       6.218    1700.000       0.000    0.0002    4.442  586.967    6.044  474.035    1.570
  20460.00 0.133     765.788       8.828    1660.000       0.000    0.0002    3.610  387.485    4.445  465.614    1.322
  20520.00 0.129     749.545       3.674    1660.000       0.000    0.0002    2.887  251.571    4.393  460.900    0.982
  20580.00 0.124     729.980       4.773    1660.000       0.000    0.0002    2.421  266.124    4.118  456.554    1.053
  20640.00 0.128     728.451      11.205    1620.000       0.000    0.0002    2.183  208.056    3.616  447.607    0.920
  20700.00 0.121     718.952       4.476    1620.000       0.000    0.0002    2.024  191.341    3.477  437.082    0.952
  20760.00 0.124     697.239       4.063    1540.000       0.000    0.0002    1.973  174.480    3.653  432.377    0.982
  20820.00 0.124     697.708      12.174    1580.000       0.000    0.0002    2.074  228.293    3.704  432.549    1.089
  20880.00 0.126     680.039       6.718    1620.000       0.000    0.0002    2.248  248.816    4.065  431.923    1.111
  20940.00 0.129     668.620       6.503    1620.000       0.000    0.0002    2.485  264.820    4.038  429.016    1.062
  21000.00 0.134     663.789       9.435    1540.000       0.000    0.0002    2.715  267.233    4.477  427.268    1.095
  21060.00 0.132     668.281       4.325    1620.000       0.000    0.0002    2.892  330.163    5.291  428.966    1.170
  21120.00 0.132     668.281      13.420    1540.000       0.000    0.0002    3.107  465.037    6.254  430.207    1.365
  21180.00 0.137     670.231       7.105    1580.000       0.000    0.0002    3.342  588.947    6.923  429.410    1.279
  21240.00 0.140     671.239       6.946    1500.000       0.000    0.0002    3.561  683.417    6.567  430.151    1.428
  21300.00 0.134     669.726       7.971    1500.000       0.000    0.0002    3.709  646.304    6.769  431.702    1.677
  21360.00 0.130     670.562      10.749    1460.000       0.000    0.0002    3.774  622.422    5.591  431.569    1.792
  21420.00 0.139     682.246       8.702    1580.000       0.000    0.0002    3.788  604.109    5.327  430.418    1.498
  21480.00 0.135     680.794       5.884    1540.000       0.000    0.0002    3.778  408.170    5.549  430.203    1.300
  21540.00 0.141     684.456      11.295    1580.000       0.000    0.0002    3.904  355.990    5.286  429.967    1.165
  21600.00 0.142     687.172      12.034    1540.000       0.000    0.0002    3.998  342.533    5.859  429.898    1.233
  21660.00 0.144     696.944      10.255    1540.000       0.000    0.0002    4.091  434.305    6.275  430.353    1.475
  21720.00 0.139     690.493       8.979    1500.000       0.000    0.0002    4.152  552.685    6.922  431.153    1.450
  21780.00 0.147     701.927       9.037    1460.000       0.000    0.0002    4.094  527.456    6.589  431.334    1.313
  21840.00 0.145     703.041       7.939    1500.000       0.000    0.0002    3.926  525.849    6.137  429.544    1.331
  21900.00 0.147     692.558       5.681    1620.000       0.000    0.0002    3.719  475.932    4.039  426.525    1.351
  21960.00 0.144     697.225       5.245    1620.000       0.000    0.0002    3.480  374.408    4.163  424.434    1.440
  22020.00 0.141     695.355       9.948    1660.000       0.000    0.0002    3.164  305.858    4.468  423.674    1.192
  22080.00 0.144     697.691       4.211    1460.000       0.000    0.0002    2.973  369.680    5.575  422.418    1.318
  22140.00 0.142     681.031       9.244    1620.000       0.000    0.0002    2.920  389.433    5.289  420.015    1.243
  22200.00 0.141     674.394       6.920    1580.000       0.000    0.0002    2.919  361.798    4.954  417.327    1.191
  22260.00 0.137     677.407       7.993    1500.000       0.000    0.0002    2.943  336.917    4.689  415.523    1.107
  22320.00 0.137     677.620      14.494    1500.000       0.000    0.0002    3.006  296.316    5.153  414.594    1.181
  22380.00 0.139     680.141       6.092    1460.000       0.000    0.0002    3.176  229.792    3.968  414.141    1.061
  22440.00 0.139     680.457      13.181    1540.000       0.000    0.0002    3.414  222.861    4.413  413.972    1.128
  22500.00 0.137     677.651       9.929    1500.000       0.000    0.0002    3.763  250.442    4.733  414.532    1.142
  22560.00 0.143     680.581       6.051    1420.000       0.000    0.0002    4.148  275.160    4.951  416.622    1.128
  22620.00 0.143     688.082       3.390    1460.000       0.000    0.0002    4.668  307.241    4.764  420.674    1.311
  22680.00 0.144     693.831       2.237    1420.000       0.000    0.0002    5.340  321.300    5.310  426.198    1.347
  22740.00 0.143     700.954       9.267    1500.000       0.000    0.0002    6.017  439.763    5.434  432.567    1.403
  22800.00 0.146     700.938      10.687    1500.000       0.000    0.0002    6.711  647.029    6.448  440.375    1.736
  22860.00 0.146     717.028       6.878    1500.000       0.000    0.0002    7.523  861.118    7.149  451.002    2.104
  22920.00 0.149     722.754      10.590    1580.000       0.000    0.0002    8.102  984.018    8.057  462.136    2.785
  22980.00 0.150     722.512      11.419    1940.000       0.000    0.0002    8.423 1181.398    6.685  467.692    2.180
  23040.00 0.150     727.948       4.495    1940.000       0.000    0.0002    8.447  965.561    7.412  470.366    2.386
  23100.00 0.149     725.794      11.031    1940.000       0.000    0.0002    8.217  868.272    7.857  478.946    2.221
  23160.00 0.153     727.898       8.185    1940.000       0.000    0.0002    8.001 1007.631    8.964  487.865    2.435
  23220.00 0.152     720.674      14.575    1940.000       0.000    0.0002    7.792 1016.341    8.178  487.056    2.256
  23280.00 0.154     719.334      10.301    1940.000       0.000    0.0002    7.449  873.650    6.966  483.386    2.330
  23340.00 0.152     708.374       4.348    1940.000       0.000    0.0002    7.066  822.936    7.032  487.449    2.094
  23400.00 0.149     702.885      10.590    1740.000       0.000    0.0002    6.746  854.553    8.395  491.252    1.962
  23460.00 0.148     697.237       3.224    1940.000       0.000    0.0002    6.589  873.677    6.446  487.207    2.099
  23520.00 0.152     699.743       3.307    1940.000       0.000    0.0002    6.429  692.346    5.864  485.937    1.668
  23580.00 0.155     704.107       8.531    1740.000       0.000    0.0002    6.449  643.522    6.108  488.954    1.478
  23640.00 0.160     709.235       5.474    1660.000       0.000    0.0002    6.621  566.673    6.179  489.654    1.547
  23700.00 0.162     715.867      13.122    1540.000       0.000    0.0002    6.986  519.800    6.927  488.323    1.670
  23760.00 0.159     722.585       8.769    1660.000       0.000    0.0002    7.266  528.600    7.484  489.614    1.907
  23820.00 0.162     729.442       3.228    1660.000       0.000    0.0002    7.490  527.426    7.419  493.170    2.028
  23880.00 0.165     740.475       7.329    1620.000       0.000    0.0002    7.540  577.367    6.803  494.226    1.704
  23940.00 0.166     742.588       7.559    1660.000       0.000    0.0002    7.491  489.537    7.036  494.272    1.753
  24000.00 0.165     751.573       7.300    1580.000       0.000    0.0002    7.204  532.182    6.719  496.154    1.643
  24060.00 0.161     732.705       6.565    1540.000       0.000    0.0002    6.909  518.754    6.818  496.559    1.450
  24120.00 0.152     737.817      11.974    1540.000       0.000    0.0002    6.812  608.788    7.110  495.094    1.547
  24180.00 0.153     731.118      10.256    1540.000       0.000    0.0002    6.891  682.446    6.956  495.639    1.696
  24240.00 0.152     727.115      10.769    1500.000       0.000    0.0002    7.093  711.505    6.773  497.347    1.928
  24300.00 0.153     730.686      11.037    1940.000       0.000    0.0002    7.278  654.912    5.942  496.363    2.040
  24360.00 0.157     728.509      11.584    1940.000       0.000    0.0002    7.475  547.424    6.048  496.530    1.512
  24420.00 0.158     727.284       9.784    1660.000       0.000    0.0002    7.651  485.457    5.530  500.606    1.339
  24480.00 0.161     725.758       6.303    1540.000       0.000    0.0002    8.009  511.674    6.319  504.911    1.327
  24540.00 0.161     723.065       9.196    1500.000       0.000    0.0002    8.424  630.370    6.397  507.203    1.413
  24600.00 0.165     718.904       6.904    1460.000       0.000    0.0002    8.942  766.734    7.105  511.404    1.506
  24660.00 0.164     719.286       7.113    1460.000       0.000    0.0002    9.528  805.751    6.064  520.522    1.725
  24720.00 0.161     724.970      12.636    1500.000       0.000    0.0002   10.060  856.726    6.627  532.701    1.851
  24780.00 0.159     725.299       4.809    1540.000       0.000    0.0002   10.501 1006.265    7.127  544.526    2.065
  24840.00 0.154     716.139       4.430    1940.000       0.000    0.0002   10.818 1085.603    7.747  553.100    2.364
  24900.00 0.153     729.840       9.361    1940.000       0.000    0.0002   10.898  891.821    7.587  560.009    2.005
  24960.00 0.153     729.776      11.885    1940.000       0.000    0.0002   10.970 1129.670    8.838  569.304    2.055
  25020.00 0.148     717.990      10.247    1940.000       0.000    0.0002   10.919 1301.786    9.740  576.292    2.599
  25080.00 0.150     729.138       8.715    1940.000       0.000    0.0002   10.471 1080.873    7.298  571.284    2.129
  25140.00 0.149     730.784      12.516    1940.000       0.000    0.0002    9.938  825.406    7.996  569.442    1.970
  25200.00 0.145     733.311      13.176    1540.000       0.000    0.0002    9.320  808.096    8.990  577.392    2.079
  25260.00 0.146     730.635       5.719    1940.000       0.000    0.0002    8.796  971.800    8.236  572.869    1.814
  25320.00 0.143     720.443      11.925    1940.000       0.000    0.0002    8.263  988.261    8.390  558.557    2.225
  25380.00 0.142     727.172       5.448    1940.000       0.000    0.0002    7.746  847.783    7.857  551.119    1.833
  25440.00 0.139     732.211       8.140    1940.000       0.000    0.0002    7.411  892.016    8.545  547.060    1.666
  25500.00 0.137     720.714      11.357    1940.000       0.000    0.0002    7.168  871.959    6.485  541.330    2.092
  25560.00 0.131     721.194       7.687    1940.000       0.000    0.0002    7.127  772.668    6.006  535.834    2.076
  25620.00 0.131     722.164       8.060    1940.000       0.000    0.0002    7.336  812.071    6.445  532.791    2.035
  25680.00 0.130     721.544       6.441    1940.000       0.000    0.0002    7.653 1148.134    8.374  538.547    2.430
  25740.00 0.130     710.621       4.934    1580.000       0.000    0.0002    8.216 1463.140   10.069  550.251    2.972
  25800.00 0.130     713.233       5.263    1940.000       0.000    0.0002    8.561 1834.396   10.216  550.686    3.437
  25860.00 0.127     711.209       4.722    1980.000       0.000    0.0002    8.556 1817.871    8.527  540.201    3.227
  25920.00 0.131     700.972      11.888    1940.000       0.000    0.0002    8.150 1491.591    6.778  538.014    2.886
  25980.00 0.129     700.606       7.424    1940.000       0.000    0.0002    7.411  826.320    7.161  550.217    2.222
  26040.00 0.135     722.971       7.862    1940.000       0.000    0.0002    6.880  969.262    8.128  563.766    1.867
  26100.00 0.139     709.420       5.589    1580.000       0.000    0.0002    7.036 1193.952    8.773  559.684    2.080
  26160.00 0.136     719.177       9.052    1940.000       0.000    0.0002    7.545 1142.149    8.105  545.165    1.873
  26220.00 0.133     725.074       5.882    2020.000       0.000    0.0002    7.876 1019.583    7.606  546.668    2.119
  26280.00 0.134     723.285      11.606    1940.000       0.000    0.0002    8.124  731.976    6.595  560.554    1.816
  26340.00 0.133     727.941       4.816    1940.000       0.000    0.0002    8.276  787.980    6.940  564.344    1.931
  26400.00 0.133     733.456       6.103    1740.000       0.000    0.0002    8.603  947.378    7.766  563.173    2.018
  26460.00 0.140     743.630       7.749    1740.000       0.000    0.0002    9.292 1069.854    7.147  567.882    2.019
  26520.00 0.142     755.835       9.260    1940.000       0.000    0.0002   10.152 1075.820    8.506  577.181    2.208
  26580.00 0.143     756.000      15.350    1940.000       0.000    0.0002   10.733 1210.014   10.082  582.636    2.848
  26640.00 0.144     750.051       5.840    1940.000       0.000    0.0002   10.781 1234.122    8.238  583.528    2.591
  26700.00 0.146     746.077       5.710    1940.000       0.000    0.0002   10.395 1034.557    8.435  587.448    2.152
  26760.00 0.142     738.144       6.735    1940.000       0.000    0.0002    9.878 1046.152    8.321  599.803    2.399
  26820.00 0.148     755.934       6.182    1940.000       0.000    0.0002    9.341 1109.683    9.273  609.509    2.763
  26880.00 0.145     759.361       6.286    1940.000       0.000    0.0002    8.733 1379.790   10.704  606.292    2.669
  26940.00 0.138     733.862       6.772    1940.000       0.000    0.0002    8.109 1406.827   10.277  601.323    2.493
  27000.00 0.136     716.014       8.438    1940.000       0.000    0.0002    7.473 1273.462    9.851  597.132    2.425
  27060.00 0.141     708.611       8.125    1940.000       0.000    0.0002    6.771 1155.848    8.956  589.772    2.358
  27120.00 0.143     703.151       6.199    1940.000       0.000    0.0002    5.888  922.839    7.825  582.936    2.019
  27180.00 0.144     714.126       6.384    1940.000       0.000    0.0002    5.071  669.284    5.933  572.661    1.758
  27240.00 0.143     718.739       5.894    1700.000       0.000    0.0002    4.454  513.284    5.477  558.502    1.324
  27300.00 0.141     732.941       6.955    1660.000       0.000    0.0002    4.115  417.769    6.446  543.708    1.517
  27360.00 0.139     729.930      14.049    1700.000       0.000    0.0002    4.045  542.955    7.252  536.470    1.507
  27420.00 0.138     719.647       5.159    1700.000       0.000    0.0002    4.165  670.300    6.753  535.278    1.537
  27480.00 0.136     722.374       7.122    1620.000       0.000    0.0002    4.386  630.339    6.697  529.756    1.473
  27540.00 0.133     718.897       9.743    1700.000       0.000    0.0002    4.720  561.687    7.281  521.614    1.413
  27600.00 0.133     743.020      11.087    1660.000       0.000    0.0002    5.027  651.501    7.067  518.797    1.737
  27660.00 0.132     733.556       3.593    1540.000       0.000    0.0002    5.427  682.265    6.738  521.522    1.588
  27720.00 0.133     732.000       9.725    1540.000       0.000    0.0002    5.944  697.892    7.804  525.544    1.766
  27780.00 0.137     740.356       5.730    1540.000       0.000    0.0002    6.461  765.138    7.775  528.410    1.937
  27840.00 0.140     744.878       4.774    1540.000       0.000    0.0002    6.857  870.078    7.821  530.610    2.037
  27900.00 0.138     751.965       6.159    1940.000       0.000    0.0002    6.983  684.843    6.846  532.010    1.922
  27960.00 0.134     746.058       7.263    1940.000       0.000    0.0002    6.857  735.086    6.812  533.237    1.894
  28020.00 0.132     750.593      10.185    1940.000       0.000    0.0002    6.781  745.907    7.133  535.864    1.960
  28080.00 0.125     742.957       8.521    1940.000       0.000    0.0002    6.906  742.493    7.263  539.161    1.967
  28140.00 0.119     719.177       3.539    1940.000       0.000    0.0002    7.240  721.506    7.552  543.017    1.931
  28200.00 0.115     731.847       7.261    1940.000       0.000    0.0002    7.542  679.823    7.366  547.316    2.024
  28260.00 0.120     734.320       8.560    1580.000       0.000    0.0002    7.854  812.543    7.815  551.497    1.731
  28320.00 0.120     728.735      25.633    1940.000       0.000    0.0002    8.476  793.708    8.409  557.105    2.006
  28380.00 0.127     726.769      10.654    1580.000       0.000    0.0002    9.220 1050.659    9.740  562.770    2.344
  28440.00 0.135     733.612      10.163    1940.000       0.000    0.0002    9.795 1195.443    9.598  565.986    2.360
  28500.00 0.135     732.721       7.243    1940.000       0.000    0.0002    9.942 1234.421    7.042  566.849    2.417
  28560.00 0.136     747.013      12.021    1940.000       0.000    0.0002    9.457 1254.975    7.516  568.077    2.499
  28620.00 0.137     734.458      14.423    1940.000       0.000    0.0002    8.569 1048.186    8.137  572.940    2.309
  28680.00 0.137     738.360       7.308    1940.000       0.000    0.0002    7.624  866.377    8.131  574.962    1.858
  28740.00 0.139     734.437      10.528    1940.000       0.000    0.0002    6.923  992.293    6.542  568.012    1.688
  28800.00 0.138     734.709       4.056    1940.000       0.000    0.0002    6.403 1092.348    5.493  557.344    1.720
