#  time      cc     z_cbase    z_ctop_avg  z_ctop_max      zi         we   <<ql>>  <<ql>>_max   w_max   tke     ql_max
     60.00 0.000       0.000       0.000       0.000       0.000    0.0002    0.000    0.000    0.179  616.610    0.000
    120.00 0.000       0.000       0.000       0.000       0.000    0.0002    0.000    0.000    0.278  417.082    0.000
    180.00 0.000       0.000       0.000       0.000       0.000    0.0002    0.000    0.000    0.315  300.133    0.000
    240.00 0.000       0.000       0.000       0.000       0.000    0.0002    0.000    0.000    0.301  225.797    0.000
    300.00 0.000       0.000       0.000       0.000       0.000    0.0002    0.000    0.000    0.252  176.557    0.000
    360.00 0.000       0.000       0.000       0.000       0.000    0.0002    0.000    0.000    0.283  143.370    0.000
    420.00 0.000       0.000       0.000       0.000       0.000    0.0002    0.000    0.000    0.311  121.099    0.000
    480.00 0.000       0.000       0.000       0.000       0.000    0.0002    0.000    0.000    0.325  105.692    0.000
    540.00 0.000       0.000       0.000       0.000       0.000    0.0002    0.000    0.000    0.370   93.870    0.000
    600.00 0.000       0.000       0.000       0.000       0.000    0.0002    0.000    0.000    0.410   84.586    0.000
    660.00 0.000       0.000       0.000       0.000       0.000    0.0002    0.000    0.000    0.462   78.001    0.000
    720.00 0.000       0.000       0.000       0.000       0.000    0.0002    0.000    0.000    0.517   73.665    0.000
    780.00 0.000       0.000       0.000       0.000       0.000    0.0002    0.000    0.000    0.526   70.868    0.000
    840.00 0.000       0.000       0.000       0.000       0.000    0.0002    0.000    0.000    0.549   69.098    0.000
    900.00 0.000       0.000       0.000       0.000       0.000    0.0002    0.000    0.000    0.634   67.875    0.000
    960.00 0.000       0.000       0.000       0.000       0.000    0.0002    0.000    0.000    0.674   67.244    0.000
   1020.00 0.000       0.000       0.000       0.000       0.000    0.0002    0.000    0.000    0.698   67.698    0.000
   1080.00 0.000       0.000       0.000       0.000       0.000    0.0002    0.000    0.000    0.781   69.231    0.000
   1140.00 0.000       0.000       0.000       0.000       0.000    0.0002    0.000    0.000    0.845   71.473    0.000
   1200.00 0.000     580.000       0.000     580.000       0.000    0.0002    0.000    0.445    0.888   74.389    0.010
   1260.00 0.001     580.000       0.000     580.000       0.000    0.0002    0.001    3.181    0.921   78.116    0.071
   1320.00 0.002     572.000      54.000     580.000       0.000    0.0002    0.004    5.387    0.994   82.787    0.084
   1380.00 0.007     565.185       0.000     580.000       0.000    0.0002    0.011    9.423    1.031   88.631    0.141
   1440.00 0.014     566.667       9.474     660.000       0.000    0.0002    0.027   14.042    1.159   95.720    0.166
   1500.00 0.023     564.421       5.684     660.000       0.000    0.0002    0.060   17.114    1.266  103.901    0.231
   1560.00 0.040     564.938       7.160     660.000       0.000    0.0002    0.127   28.065    1.321  113.116    0.296
   1620.00 0.060     566.179       6.911     660.000       0.000    0.0002    0.239   42.424    1.574  123.412    0.394
   1680.00 0.077     567.810       3.556     660.000       0.000    0.0002    0.412   53.525    1.989  134.715    0.426
   1740.00 0.098     566.534       8.379     700.000       0.000    0.0002    0.675   60.190    2.437  146.887    0.523
   1800.00 0.115     567.292       3.966     700.000       0.000    0.0002    1.047  103.081    2.787  159.753    0.605
   1860.00 0.130     568.764       5.655     740.000       0.000    0.0002    1.549  145.470    2.849  173.039    0.777
   1920.00 0.143     569.829       3.242     740.000       0.000    0.0002    2.169  176.990    3.684  186.535    0.909
   1980.00 0.155     571.027       6.130     780.000       0.000    0.0002    2.936  229.145    4.138  200.060    0.942
   2040.00 0.167     572.945       6.385     820.000       0.000    0.0002    3.779  289.307    4.115  213.294    0.970
   2100.00 0.176     576.611       5.444    1300.000       0.000    0.0002    4.645  343.149    4.347  225.839    1.242
   2160.00 0.181     580.648       6.019    1300.000       0.000    0.0002    5.497  388.405    4.823  237.072    1.149
   2220.00 0.188     583.481       5.039    1300.000       0.000    0.0002    6.296  405.822    3.921  246.438    1.164
   2280.00 0.196     586.027       6.177    1300.000       0.000    0.0002    7.001  439.464    3.917  254.016    1.181
   2340.00 0.200     591.220       8.463    1300.000       0.000    0.0002    7.525  460.693    4.409  259.918    1.147
   2400.00 0.198     596.613      10.161    1340.000       0.000    0.0002    7.914  498.248    4.517  264.201    1.052
   2460.00 0.198     607.670       7.793    1380.000       0.000    0.0002    8.114  550.356    5.280  266.460    1.351
   2520.00 0.197     614.102       7.361    1380.000       0.000    0.0002    8.127  548.762    4.489  266.922    1.308
   2580.00 0.190     616.615       6.564    1340.000       0.000    0.0002    7.961  496.283    5.378  266.014    1.280
   2640.00 0.181     624.313       8.167    1380.000       0.000    0.0002    7.778  554.707    5.338  264.708    1.305
   2700.00 0.171     632.629       8.257    1380.000       0.000    0.0002    7.618  572.639    5.175  263.066    1.464
   2760.00 0.165     632.681      11.911    1460.000       0.000    0.0002    7.510  526.260    5.417  260.053    1.488
   2820.00 0.156     634.192       6.028    1420.000       0.000    0.0002    7.387  581.822    5.549  256.326    1.494
   2880.00 0.147     637.881       8.874    1500.000       0.000    0.0002    7.244  628.231    5.201  252.492    1.583
   2940.00 0.146     644.348       7.625    1380.000       0.000    0.0002    7.067  700.582    4.843  248.448    1.433
   3000.00 0.144     645.263       5.976    1380.000       0.000    0.0002    6.769  679.008    5.839  245.065    1.565
   3060.00 0.141     650.556       6.250    1420.000       0.000    0.0002    6.377  679.193    5.499  241.636    1.687
   3120.00 0.137     637.968       4.706    1420.000       0.000    0.0002    5.955  748.774    5.508  236.870    1.706
   3180.00 0.133     636.000       8.404    1460.000       0.000    0.0002    5.489  765.755    5.235  230.576    1.853
   3240.00 0.134     645.818       5.782    1540.000       0.000    0.0002    4.852  685.546    4.268  223.456    1.768
   3300.00 0.130     648.625       3.955    1420.000       0.000    0.0002    4.081  367.791    4.002  217.778    1.278
   3360.00 0.121     642.052       8.370    1460.000       0.000    0.0002    3.514  341.332    4.398  213.098    1.129
   3420.00 0.119     639.466       3.778    1420.000       0.000    0.0002    3.188  340.323    3.665  207.503    0.962
   3480.00 0.119     645.082       5.861    1380.000       0.000    0.0002    2.977  360.350    3.745  202.030    1.054
   3540.00 0.118     643.175       5.526    1540.000       0.000    0.0002    2.806  369.486    3.700  198.759    1.011
   3600.00 0.113     641.952       8.069    1340.000       0.000    0.0002    2.709  363.059    2.853  196.855    0.827
   3660.00 0.114     643.519       6.094    1340.000       0.000    0.0002    2.691  357.480    2.736  194.596    0.878
   3720.00 0.109     636.161       2.857    1580.000       0.000    0.0002    2.780  350.258    3.189  192.921    1.156
   3780.00 0.114     637.720       6.839    1300.000       0.000    0.0002    2.841  390.357    4.078  192.254    1.386
   3840.00 0.107     642.232       5.513    1500.000       0.000    0.0002    2.888  462.162    4.659  191.891    1.431
   3900.00 0.104     640.943       1.840    1340.000       0.000    0.0002    2.879  458.005    4.813  191.740    1.566
   3960.00 0.101     641.501       5.811    1340.000       0.000    0.0002    2.758  496.214    4.675  191.398    1.365
   4020.00 0.106     649.032       4.009    1500.000       0.000    0.0002    2.512  521.392    4.099  190.609    1.097
   4080.00 0.107     656.986       5.479    1340.000       0.000    0.0002    2.206  555.063    3.962  189.862    1.217
   4140.00 0.104     662.541      12.424    1460.000       0.000    0.0002    1.855  530.168    3.277  189.547    1.071
   4200.00 0.103     643.886       4.692    1460.000       0.000    0.0002    1.595  401.164    2.359  189.182    0.769
   4260.00 0.107     634.636      16.955    1300.000       0.000    0.0002    1.423  227.324    2.343  188.891    0.704
   4320.00 0.106     626.820       0.000    1420.000       0.000    0.0002    1.322  154.411    2.362  189.014    0.636
   4380.00 0.106     623.695       4.111    1340.000       0.000    0.0002    1.324  143.693    2.356  189.125    0.713
   4440.00 0.107     623.562       7.169    1300.000       0.000    0.0002    1.387  140.058    2.672  189.412    0.732
   4500.00 0.107     623.744       8.950    1220.000       0.000    0.0002    1.467  173.659    3.068  190.505    0.879
   4560.00 0.108     616.199       5.792    1100.000       0.000    0.0002    1.612  238.553    3.651  192.286    1.028
   4620.00 0.113     616.207       5.345    1100.000       0.000    0.0002    1.844  336.926    4.513  194.204    1.193
   4680.00 0.113     609.201       3.758    1300.000       0.000    0.0002    2.148  413.536    4.674  196.498    1.093
   4740.00 0.123     603.347       8.566    1300.000       0.000    0.0002    2.564  467.540    4.029  199.614    1.027
   4800.00 0.120     603.984      11.057    1300.000       0.000    0.0002    3.023  496.817    3.972  203.017    1.065
   4860.00 0.125     606.719       5.820    1340.000       0.000    0.0002    3.528  508.556    4.540  206.763    1.180
   4920.00 0.128     606.539      14.532    1300.000       0.000    0.0002    3.995  549.012    5.083  211.300    1.383
   4980.00 0.132     610.000       5.037    1300.000       0.000    0.0002    4.453  570.211    4.965  216.040    1.271
   5040.00 0.131     611.210       8.231    1300.000       0.000    0.0002    4.861  567.310    4.415  220.270    1.344
   5100.00 0.135     615.018       5.704    1380.000       0.000    0.0002    5.157  624.436    4.891  224.181    1.309
   5160.00 0.138     612.766       7.979    1380.000       0.000    0.0002    5.300  701.301    5.116  228.146    1.456
   5220.00 0.137     609.769       8.135    1460.000       0.000    0.0002    5.360  713.529    4.735  231.046    1.390
   5280.00 0.141     607.778       3.299    1420.000       0.000    0.0002    5.392  604.617    4.614  232.787    1.254
   5340.00 0.139     613.462       7.135    1540.000       0.000    0.0002    5.302  480.714    4.436  234.578    1.246
   5400.00 0.144     614.721       5.381    1340.000       0.000    0.0002    5.165  441.009    4.398  236.071    1.186
   5460.00 0.144     612.054       5.603    1420.000       0.000    0.0002    5.120  437.526    4.718  236.771    1.055
   5520.00 0.147     618.806       7.761    1420.000       0.000    0.0002    5.243  451.444    4.945  238.037    1.109
   5580.00 0.144     625.102      13.810    1420.000       0.000    0.0002    5.475  392.482    5.714  239.499    1.279
   5640.00 0.146     631.409       8.221    1420.000       0.000    0.0002    5.770  470.918    6.244  240.769    1.296
   5700.00 0.141     638.515      12.055    1380.000       0.000    0.0002    6.116  484.730    5.175  242.808    1.165
   5760.00 0.145     633.603      11.347    1420.000       0.000    0.0002    6.482  633.658    5.427  246.161    1.378
   5820.00 0.142     635.793      10.241    1380.000       0.000    0.0002    6.821  685.538    5.690  249.828    1.273
   5880.00 0.140     632.730       4.730    1420.000       0.000    0.0002    7.080  640.866    4.987  252.736    1.515
   5940.00 0.139     635.606       4.359    1340.000       0.000    0.0002    7.152  702.064    4.791  255.360    1.515
   6000.00 0.143     643.316       8.376    1500.000       0.000    0.0002    7.051  679.161    5.086  258.120    1.436
   6060.00 0.141     644.663       7.876    1460.000       0.000    0.0002    6.827  657.281    5.436  260.310    1.472
   6120.00 0.142     644.234       5.542    1460.000       0.000    0.0002    6.510  616.420    4.765  260.176    1.683
   6180.00 0.139     643.088       6.737    1540.000       0.000    0.0002    5.936  483.992    5.503  257.752    1.416
   6240.00 0.133     637.017       4.715    1580.000       0.000    0.0002    5.227  509.097    5.566  254.941    1.284
   6300.00 0.128     645.627       6.654    1460.000       0.000    0.0002    4.629  569.049    5.205  251.950    1.178
   6360.00 0.129     636.408       3.894    1420.000       0.000    0.0002    4.221  523.279    4.609  248.223    1.155
   6420.00 0.128     640.763       9.618    1380.000       0.000    0.0002    3.925  524.752    4.625  245.143    1.150
   6480.00 0.126     636.293       5.985    1420.000       0.000    0.0002    3.735  475.152    4.166  242.760    1.023
   6540.00 0.124     636.095      13.057    1380.000       0.000    0.0002    3.624  462.743    3.698  241.199    1.068
   6600.00 0.127     636.416       5.087    1540.000       0.000    0.0002    3.540  385.248    4.286  240.509    1.110
   6660.00 0.126     645.659       4.225    1420.000       0.000    0.0002    3.564  401.130    4.578  240.133    1.132
   6720.00 0.125     640.352       8.297    1540.000       0.000    0.0002    3.685  412.480    4.441  239.782    1.123
   6780.00 0.125     641.370       4.031    1300.000       0.000    0.0002    3.919  432.556    4.756  239.800    1.168
   6840.00 0.121     643.468       5.847    1380.000       0.000    0.0002    4.189  437.865    4.959  240.787    1.086
   6900.00 0.127     641.888       1.272    1500.000       0.000    0.0002    4.454  478.103    5.011  242.729    1.064
   6960.00 0.127     637.121      11.977    1300.000       0.000    0.0002    4.718  534.405    5.113  245.221    1.347
   7020.00 0.133     643.015       8.860    1340.000       0.000    0.0002    4.875  577.859    4.915  247.833    1.457
   7080.00 0.131     639.480       8.736    1460.000       0.000    0.0002    4.926  668.108    4.901  249.593    1.366
   7140.00 0.134     636.600       9.689    1420.000       0.000    0.0002    4.861  775.021    5.089  250.382    1.351
   7200.00 0.132     643.395       9.520    1500.000       0.000    0.0002    4.682  808.001    5.412  251.023    1.493
   7260.00 0.126     641.467      14.440    1300.000       0.000    0.0002    4.388  723.541    4.702  250.765    1.475
   7320.00 0.121     639.757       8.866    1500.000       0.000    0.0002    4.054  547.690    4.312  249.185    1.115
   7380.00 0.120     633.388       5.224    1340.000       0.000    0.0002    3.708  415.646    3.465  247.342    0.978
   7440.00 0.119     635.195       4.025    1540.000       0.000    0.0002    3.497  345.525    4.388  245.969    1.120
   7500.00 0.123     631.723       9.149    1460.000       0.000    0.0002    3.437  346.490    4.587  244.889    1.128
   7560.00 0.120     628.519      10.629    1380.000       0.000    0.0002    3.527  342.672    4.305  243.793    1.077
   7620.00 0.117     634.500       9.417    1420.000       0.000    0.0002    3.715  408.953    5.223  243.916    1.384
   7680.00 0.120     636.327       2.204    1300.000       0.000    0.0002    4.052  566.122    5.989  246.144    1.446
   7740.00 0.121     636.599       7.287    1380.000       0.000    0.0002    4.455  646.614    6.063  249.348    1.458
   7800.00 0.120     637.515       3.707    1300.000       0.000    0.0002    4.841  771.068    6.071  251.929    1.513
   7860.00 0.124     642.318       5.580    1460.000       0.000    0.0002    5.123  828.134    6.015  254.628    1.572
   7920.00 0.124     654.004       9.270    1540.000       0.000    0.0002    5.252  901.100    5.249  257.866    1.677
   7980.00 0.121     651.066       4.225    1420.000       0.000    0.0002    5.259  870.387    5.655  260.237    1.569
   8040.00 0.123     652.191       3.944    1620.000       0.000    0.0002    5.092  784.049    5.709  260.658    1.649
   8100.00 0.121     657.827      11.348    1380.000       0.000    0.0002    4.868  713.504    5.495  260.353    1.240
   8160.00 0.123     661.349       7.738    1420.000       0.000    0.0002    4.581  795.298    6.407  260.000    1.415
   8220.00 0.119     650.883       3.203    1500.000       0.000    0.0002    4.211  831.337    5.936  259.435    1.354
   8280.00 0.116     658.655      12.227    1540.000       0.000    0.0002    3.892  857.032    4.402  259.152    1.213
   8340.00 0.116     638.312      10.675    1540.000       0.000    0.0002    3.727  798.931    5.076  258.671    1.330
   8400.00 0.120     647.510      10.612    1460.000       0.000    0.0002    3.604  690.958    6.294  257.892    1.583
   8460.00 0.122     647.014       2.405    1460.000       0.000    0.0002    3.420  518.040    4.816  256.867    1.249
   8520.00 0.124     644.852       6.272    1460.000       0.000    0.0002    3.297  351.423    4.363  255.535    1.228
   8580.00 0.124     643.937       8.346    1460.000       0.000    0.0002    3.269  325.600    4.226  254.224    0.971
   8640.00 0.125     648.672       1.289    1420.000       0.000    0.0002    3.300  301.734    4.474  253.940    0.958
   8700.00 0.125     633.723       5.497    1340.000       0.000    0.0002    3.420  349.103    4.930  254.514    1.161
   8760.00 0.126     640.233       2.403    1460.000       0.000    0.0002    3.614  445.304    5.285  255.143    1.090
   8820.00 0.126     638.533       3.359    1340.000       0.000    0.0002    3.807  525.636    4.796  256.401    1.316
   8880.00 0.130     641.273       5.918    1340.000       0.000    0.0002    3.964  604.308    5.103  258.252    1.186
   8940.00 0.135     639.892      12.901    1460.000       0.000    0.0002    4.121  640.879    6.422  260.004    1.568
   9000.00 0.135     645.126      11.805    1420.000       0.000    0.0002    4.250  668.980    5.488  261.692    1.307
   9060.00 0.135     645.389       3.942    1420.000       0.000    0.0002    4.362  598.709    4.690  263.764    1.390
   9120.00 0.135     645.848       4.982    1380.000       0.000    0.0002    4.393  485.762    5.496  265.558    1.457
   9180.00 0.141     648.877       3.834    1460.000       0.000    0.0002    4.270  537.174    5.827  266.409    1.369
   9240.00 0.144     653.898       8.508    1420.000       0.000    0.0002    4.076  621.579    5.277  266.902    1.216
   9300.00 0.141     655.078       9.151    1460.000       0.000    0.0002    3.802  626.347    4.474  266.984    1.033
   9360.00 0.134     649.250       8.446    1380.000       0.000    0.0002    3.553  565.784    3.989  266.665    1.099
   9420.00 0.138     647.681       4.602    1420.000       0.000    0.0002    3.293  424.555    3.570  266.272    0.989
   9480.00 0.137     644.643       8.393    1460.000       0.000    0.0002    3.110  287.813    3.563  265.381    0.902
   9540.00 0.137     640.000      11.566    1500.000       0.000    0.0002    3.075  242.792    3.812  264.497    0.964
   9600.00 0.135     635.624      12.007    1380.000       0.000    0.0002    3.203  275.950    4.008  264.907    0.919
   9660.00 0.137     634.733       9.110    1340.000       0.000    0.0002    3.461  344.935    4.152  266.616    0.968
   9720.00 0.135     634.467       6.184    1340.000       0.000    0.0002    3.881  439.474    5.534  269.217    1.210
   9780.00 0.136     634.460       6.295    1340.000       0.000    0.0002    4.385  562.096    5.873  272.583    1.325
   9840.00 0.141     633.172      11.854    1420.000       0.000    0.0002    4.979  611.040    5.060  276.494    1.399
   9900.00 0.145     644.823      12.850    1340.000       0.000    0.0002    5.688  757.849    5.584  281.802    1.477
   9960.00 0.153     642.520       2.041    1380.000       0.000    0.0002    6.433  880.043    6.426  289.297    1.672
  10020.00 0.155     646.520       5.827    1420.000       0.000    0.0002    7.184  989.131    5.914  297.578    1.787
  10080.00 0.149     642.529       9.589    1300.000       0.000    0.0002    7.880 1085.793    5.698  305.831    1.737
  10140.00 0.146     647.000       8.867    1340.000       0.000    0.0002    8.409 1012.016    5.457  313.499    1.843
  10200.00 0.148     657.558       6.205    1380.000       0.000    0.0002    8.701  972.443    6.460  318.149    1.636
  10260.00 0.150     665.668      10.521    1460.000       0.000    0.0002    8.686  775.196    5.967  320.667    1.499
  10320.00 0.147     672.558       6.047    1500.000       0.000    0.0002    8.445  653.693    5.650  324.672    1.584
  10380.00 0.148     689.109      14.191    1540.000       0.000    0.0002    8.098  792.263    6.546  328.951    1.659
  10440.00 0.145     694.536       5.835    1540.000       0.000    0.0002    7.823 1052.708    7.575  332.275    1.736
  10500.00 0.142     697.113      10.378    1500.000       0.000    0.0002    7.528 1181.204    7.816  334.378    1.893
  10560.00 0.137     682.918      12.206    1460.000       0.000    0.0002    7.301 1106.255    8.647  334.676    2.190
  10620.00 0.134     674.307       6.606    1940.000       0.000    0.0002    7.157 1116.410    8.017  333.411    2.093
  10680.00 0.133     683.676      11.029    2060.000       0.000    0.0002    6.971  994.532    6.331  332.506    2.094
  10740.00 0.133     682.165       9.468    1500.000       0.000    0.0002    6.513  770.678    6.120  330.153    1.643
  10800.00 0.134     678.355      14.881    1660.000       0.000    0.0002    5.944  800.810    6.340  328.724    1.587
  10860.00 0.134     688.000       3.673    1500.000       0.000    0.0002    5.507  975.951    6.323  328.042    1.908
  10920.00 0.134     678.428       3.583    1540.000       0.000    0.0002    5.336 1041.649    6.339  323.565    2.186
  10980.00 0.133     664.567       1.068    1940.000       0.000    0.0002    5.391  969.992    6.774  319.422    1.767
  11040.00 0.131     657.090      10.634    1940.000       0.000    0.0002    5.494  931.736    6.051  322.060    2.004
  11100.00 0.132     660.221       6.568    1460.000       0.000    0.0002    5.556  849.826    8.118  326.805    1.958
  11160.00 0.132     665.176       4.510    1420.000       0.000    0.0002    5.593  964.886    8.048  327.494    1.721
  11220.00 0.133     669.945       9.761    1540.000       0.000    0.0002    5.698  958.388    7.406  325.139    1.948
  11280.00 0.128     670.971       6.057    1620.000       0.000    0.0002    5.758  967.679    6.091  324.131    2.075
  11340.00 0.127     666.296       5.988    1940.000       0.000    0.0002    5.936  955.202    5.323  325.703    1.669
  11400.00 0.131     668.417       8.566    1620.000       0.000    0.0002    6.088  952.892    6.883  328.401    1.851
  11460.00 0.130     663.371       2.547    1940.000       0.000    0.0002    6.208  756.142    6.749  329.313    1.426
  11520.00 0.124     664.331       2.559    1540.000       0.000    0.0002    6.444  677.940    6.392  329.689    1.583
  11580.00 0.128     668.229       7.581    1460.000       0.000    0.0002    6.824  714.283    6.687  333.303    1.468
  11640.00 0.127     669.017       6.551    1500.000       0.000    0.0002    7.411  810.821    7.149  339.220    1.514
  11700.00 0.128     679.620       8.517    1500.000       0.000    0.0002    8.052  932.742    8.920  346.139    2.015
  11760.00 0.132     670.406       8.487    1500.000       0.000    0.0002    8.743 1181.270    7.493  354.820    1.820
  11820.00 0.126     667.674       6.550    1940.000       0.000    0.0002    9.248 1182.539    7.027  363.342    2.168
  11880.00 0.128     664.122       5.802    1940.000       0.000    0.0002    9.487  946.330    6.789  369.787    1.707
  11940.00 0.128     658.088       4.895    1620.000       0.000    0.0002    9.445  874.813    6.219  376.189    1.913
  12000.00 0.126     658.224      10.116    1580.000       0.000    0.0002    9.536  977.213    7.556  382.619    2.343
  12060.00 0.122     649.820       9.579    1940.000       0.000    0.0002    9.662 1280.024    7.938  390.434    1.885
  12120.00 0.124     661.417       0.984    1940.000       0.000    0.0002    9.906 1409.658    8.348  399.341    2.289
  12180.00 0.125     650.313       9.844    1940.000       0.000    0.0002   10.268 1697.210    8.164  405.860    2.442
  12240.00 0.125     653.581       7.202    1940.000       0.000    0.0002   10.547 1661.644    6.892  411.498    2.155
  12300.00 0.124     648.031       7.677    1940.000       0.000    0.0002   10.608 1427.565    8.198  421.938    1.925
  12360.00 0.126     651.534       8.699    1940.000       0.000    0.0002   10.480 1485.180    7.344  432.563    2.030
  12420.00 0.133     655.580      10.608    1940.000       0.000    0.0002   10.252 1722.201    7.113  437.458    2.454
  12480.00 0.132     658.743       9.945    1940.000       0.000    0.0002    9.942 1522.665   10.103  437.100    2.255
  12540.00 0.135     660.799      10.817    1940.000       0.000    0.0002    9.721 1134.933    7.125  435.399    1.911
  12600.00 0.135     654.946       9.061    1940.000       0.000    0.0002    9.765 1247.458    7.039  433.483    1.941
  12660.00 0.138     648.763       6.572    1620.000       0.000    0.0002    9.793 1171.038    8.308  434.198    1.978
  12720.00 0.138     651.773       6.702    1940.000       0.000    0.0002   10.186 1446.689    9.022  438.161    1.836
  12780.00 0.141     659.861       8.958    1980.000       0.000    0.0002   10.715 1389.745    8.221  441.365    2.366
  12840.00 0.138     658.307       5.785    1940.000       0.000    0.0002   11.282 1622.414    8.105  445.104    2.438
  12900.00 0.136     673.524       3.041    1940.000       0.000    0.0002   11.914 1736.563    7.849  449.532    2.352
  12960.00 0.139     675.817       5.870    1940.000       0.000    0.0002   12.324 1770.715    8.692  457.151    2.546
  13020.00 0.139     675.930       8.807    1940.000       0.000    0.0002   12.321 1899.353    7.407  465.019    2.343
  13080.00 0.139     685.000       8.697    1940.000       0.000    0.0002   11.983 1864.421    8.740  470.683    2.294
  13140.00 0.141     697.924       5.017    1940.000       0.000    0.0002   11.274 1472.104    6.783  472.952    2.164
  13200.00 0.139     696.620       8.697    1940.000       0.000    0.0002   10.622 1170.663    6.231  470.881    1.970
  13260.00 0.136     695.827      14.101    1940.000       0.000    0.0002   10.218  870.000    7.244  470.837    1.587
  13320.00 0.135     698.556       8.845    1620.000       0.000    0.0002   10.144 1061.065    6.916  468.853    1.736
  13380.00 0.134     701.166       3.388    1660.000       0.000    0.0002   10.485 1318.224    8.719  463.549    2.160
  13440.00 0.133     707.500       7.316    1940.000       0.000    0.0002   10.871 1687.627   10.832  466.782    2.665
  13500.00 0.132     707.985       7.283    1940.000       0.000    0.0002   11.118 1797.445   10.311  469.038    3.455
  13560.00 0.130     702.622       9.813    1940.000       0.000    0.0002   11.033 1611.187    7.289  459.482    3.496
  13620.00 0.126     713.359       8.610    1940.000       0.000    0.0002   10.400 1273.166    6.169  455.463    2.321
  13680.00 0.124     720.791      10.237    1940.000       0.000    0.0002    9.296 1091.514    5.813  466.218    1.753
  13740.00 0.129     730.361       6.603    1940.000       0.000    0.0002    7.874  979.541    5.042  469.859    1.709
  13800.00 0.129     726.338      13.245    1940.000       0.000    0.0002    6.621  604.913    5.483  452.818    1.318
  13860.00 0.125     719.531       2.891    1540.000       0.000    0.0002    5.818  558.916    5.117  433.213    1.130
  13920.00 0.125     722.196      11.137    1540.000       0.000    0.0002    5.403  503.578    5.852  423.741    1.336
  13980.00 0.130     721.798       8.652    1660.000       0.000    0.0002    5.214  579.337    5.829  420.118    1.527
  14040.00 0.131     713.533       8.897    1740.000       0.000    0.0002    5.394  676.546    5.744  411.855    1.927
  14100.00 0.130     709.190       6.177    1780.000       0.000    0.0002    5.720  773.116    6.020  402.814    1.848
  14160.00 0.128     721.950       5.048    1540.000       0.000    0.0002    6.049  765.227    5.738  401.339    1.759
  14220.00 0.130     728.249      20.490    1620.000       0.000    0.0002    6.300 1064.917    5.916  402.813    1.600
  14280.00 0.129     733.736       6.981    1940.000       0.000    0.0002    6.411 1204.186    5.586  400.752    1.930
  14340.00 0.132     752.296       2.444    1940.000       0.000    0.0002    6.153 1140.436    5.284  397.866    2.127
  14400.00 0.131     763.284       5.784    1940.000       0.000    0.0002    5.551  812.651    4.847  399.482    2.671
  14460.00 0.129     749.132       5.057    1940.000       0.000    0.0002    4.658  600.649    5.373  400.563    1.940
  14520.00 0.130     750.847       9.831    1580.000       0.000    0.0002    3.688  417.194    4.246  394.090    1.569
  14580.00 0.126     743.552      14.903    1660.000       0.000    0.0002    2.921  376.492    5.020  384.744    1.276
  14640.00 0.121     716.499       4.990    1580.000       0.000    0.0002    2.520  409.156    5.389  378.126    1.117
  14700.00 0.116     700.503       4.948    1620.000       0.000    0.0002    2.404  471.058    4.757  375.909    1.076
  14760.00 0.111     667.401       6.079    1500.000       0.000    0.0002    2.458  559.409    5.707  376.030    1.622
  14820.00 0.116     670.924      10.504    1500.000       0.000    0.0002    2.560  558.478    6.183  374.517    1.342
  14880.00 0.120     661.059       7.373    1500.000       0.000    0.0002    2.669  429.161    5.822  371.437    1.419
  14940.00 0.124     662.986       3.890    1540.000       0.000    0.0002    2.753  493.836    6.406  369.555    1.384
  15000.00 0.129     657.192       9.526    1540.000       0.000    0.0002    2.814  564.361    6.476  370.070    1.476
  15060.00 0.134     653.309       2.036    1540.000       0.000    0.0002    2.891  519.848    6.252  370.963    1.367
  15120.00 0.137     652.143       6.643    1500.000       0.000    0.0002    2.948  320.966    4.648  368.868    1.297
  15180.00 0.149     653.715      12.144    1500.000       0.000    0.0002    3.016  271.111    4.650  365.072    1.138
  15240.00 0.153     652.229       1.975    1460.000       0.000    0.0002    3.119  374.201    5.406  364.744    1.432
  15300.00 0.149     649.163       5.649    1420.000       0.000    0.0002    3.402  427.698    5.282  368.804    1.285
  15360.00 0.149     642.164       4.557    1380.000       0.000    0.0002    3.652  387.583    5.899  371.904    1.328
  15420.00 0.157     649.470       5.857    1460.000       0.000    0.0002    3.878  428.192    5.315  371.739    1.351
  15480.00 0.160     649.496       6.809    1460.000       0.000    0.0002    4.094  493.606    6.037  371.350    1.244
  15540.00 0.158     654.613       4.334    1460.000       0.000    0.0002    4.256  567.953    5.114  372.935    1.245
  15600.00 0.158     658.885      10.898    1380.000       0.000    0.0002    4.424  535.182    4.905  375.015    1.060
  15660.00 0.157     668.944       9.099    1460.000       0.000    0.0002    4.571  521.109    5.371  377.042    1.262
  15720.00 0.155     668.302      11.572    1500.000       0.000    0.0002    4.650  466.713    5.442  379.060    1.133
  15780.00 0.151     668.465       5.460    1420.000       0.000    0.0002    4.657  509.008    5.566  379.915    1.315
  15840.00 0.151     677.634       8.655    1420.000       0.000    0.0002    4.769  506.767    5.991  380.428    1.346
  15900.00 0.143     669.658      10.068    1420.000       0.000    0.0002    4.754  538.123    6.153  380.807    1.314
  15960.00 0.147     676.040      13.777    1500.000       0.000    0.0002    4.628  484.323    5.676  380.875    1.287
  16020.00 0.148     681.452       8.713    1460.000       0.000    0.0002    4.477  448.266    5.389  380.759    1.164
  16080.00 0.140     672.378       8.287    1500.000       0.000    0.0002    4.399  457.232    4.695  379.957    1.211
  16140.00 0.138     668.183       5.432    1420.000       0.000    0.0002    4.431  422.508    4.870  379.521    1.226
  16200.00 0.140     672.474       5.505    1460.000       0.000    0.0002    4.544  418.589    5.548  380.511    1.174
  16260.00 0.143     676.644       9.521    1420.000       0.000    0.0002    4.772  476.414    5.431  382.141    1.325
  16320.00 0.140     683.275       3.415    1460.000       0.000    0.0002    5.113  529.756    6.407  383.213    1.253
  16380.00 0.144     688.435       7.755    1420.000       0.000    0.0002    5.436  573.201    5.135  385.043    1.540
  16440.00 0.141     684.152       7.024    1460.000       0.000    0.0002    5.722  492.289    5.915  388.379    1.444
  16500.00 0.141     680.725       6.632    1420.000       0.000    0.0002    6.045  677.362    7.034  392.896    1.650
  16560.00 0.140     677.103      11.309    1540.000       0.000    0.0002    6.536  910.316    8.615  398.937    1.945
  16620.00 0.143     677.240       2.215    1540.000       0.000    0.0002    7.067 1098.312    8.489  405.969    2.070
  16680.00 0.143     674.310       7.462    1940.000       0.000    0.0002    7.504 1219.721    8.766  410.868    2.173
  16740.00 0.146     673.199       7.638    1940.000       0.000    0.0002    7.597 1300.769    9.470  413.650    2.320
  16800.00 0.142     670.276       4.379    1940.000       0.000    0.0002    7.511 1213.713    8.316  418.528    2.025
  16860.00 0.141     665.199       8.839    1940.000       0.000    0.0002    7.330 1127.468    6.829  425.061    1.616
  16920.00 0.143     669.162       6.940    1940.000       0.000    0.0002    7.279  842.536    7.127  427.928    1.753
  16980.00 0.146     668.361      13.679    1420.000       0.000    0.0002    7.272  803.152    7.655  424.387    1.640
  17040.00 0.148     673.947       6.776    1540.000       0.000    0.0002    7.316  730.449    6.783  420.137    1.572
  17100.00 0.151     667.573      13.398    1460.000       0.000    0.0002    7.445  677.130    5.674  421.218    1.357
  17160.00 0.157     673.851      10.683    1580.000       0.000    0.0002    7.735  624.895    6.734  428.204    1.701
  17220.00 0.163     677.997       3.408    1580.000       0.000    0.0002    8.252  814.397    7.428  435.259    1.979
  17280.00 0.169     681.934       5.108    1540.000       0.000    0.0002    8.816  822.032    7.538  439.873    2.169
  17340.00 0.172     678.920       9.688    1540.000       0.000    0.0002    9.457  808.836    6.937  445.099    2.310
  17400.00 0.181     682.270       8.514    1940.000       0.000    0.0002   10.005  755.227    5.850  451.377    1.756
  17460.00 0.185     692.243      12.216    1660.000       0.000    0.0002   10.443  675.205    7.071  460.359    1.632
  17520.00 0.186     691.560      10.537    1540.000       0.000    0.0002   10.822  813.529    8.061  469.198    2.052
  17580.00 0.189     688.247      10.232    1500.000       0.000    0.0002   11.115  875.217    6.680  473.235    2.020
  17640.00 0.190     697.632       5.663    1940.000       0.000    0.0002   11.307  837.725    6.751  473.659    2.361
  17700.00 0.194     699.849       7.390    1940.000       0.000    0.0002   11.179  741.273    6.132  474.874    2.020
  17760.00 0.193     705.967       6.346    1940.000       0.000    0.0002   10.920  534.862    6.071  477.593    1.454
  17820.00 0.200     705.457       3.459    1540.000       0.000    0.0002   10.643  528.863    6.212  481.729    1.460
  17880.00 0.202     713.269       8.354    1540.000       0.000    0.0002   10.375  582.832    6.514  482.889    1.489
  17940.00 0.196     717.933       4.060    1540.000       0.000    0.0002   10.134  657.964    6.529  482.186    1.620
  18000.00 0.195     717.093       5.213    1580.000       0.000    0.0002    9.791  700.600    7.218  482.797    1.706
  18060.00 0.187     719.426       8.903    1540.000       0.000    0.0002    9.372  660.647    6.178  483.415    1.619
  18120.00 0.180     716.455      13.207    1580.000       0.000    0.0002    8.831  568.142    6.475  481.101    1.512
  18180.00 0.173     719.745       9.364    1540.000       0.000    0.0002    8.274  513.636    5.226  476.065    1.590
  18240.00 0.168     729.318       7.954    1540.000       0.000    0.0002    7.553  492.806    5.891  470.429    1.490
  18300.00 0.165     735.200       6.874    1500.000       0.000    0.0002    6.802  447.591    5.267  464.932    1.311
  18360.00 0.158     741.728      10.586    1540.000       0.000    0.0002    6.152  404.783    5.546  459.440    1.301
  18420.00 0.161     742.542       6.415    1540.000       0.000    0.0002    5.621  399.809    6.257  453.337    1.369
  18480.00 0.158     732.890       4.204    1540.000       0.000    0.0002    5.135  373.605    5.780  446.366    1.348
  18540.00 0.158     729.783      14.056    1500.000       0.000    0.0002    4.735  466.594    6.724  439.674    1.449
  18600.00 0.152     723.730       2.797    1380.000       0.000    0.0002    4.429  561.469    6.554  434.370    1.510
  18660.00 0.148     736.573      10.544    1500.000       0.000    0.0002    4.257  708.055    7.156  429.894    1.610
  18720.00 0.145     723.272       4.890    1460.000       0.000    0.0002    4.167  728.967    7.086  425.547    1.608
  18780.00 0.145     717.365       9.257    1540.000       0.000    0.0002    4.017  576.770    5.811  421.370    1.549
  18840.00 0.141     704.090       3.154    1460.000       0.000    0.0002    3.829  447.595    5.094  416.844    1.240
  18900.00 0.139     709.701      11.107    1460.000       0.000    0.0002    3.639  401.377    4.958  412.759    1.182
  18960.00 0.138     713.972      17.943    1500.000       0.000    0.0002    3.448  353.846    4.412  409.399    1.201
  19020.00 0.133     715.311       7.619    1460.000       0.000    0.0002    3.209  338.886    4.529  406.162    1.083
  19080.00 0.134     717.185       6.435    1500.000       0.000    0.0002    2.958  407.678    4.892  402.486    1.197
  19140.00 0.133     706.667       2.198    1420.000       0.000    0.0002    2.658  422.462    5.004  398.170    1.306
  19200.00 0.126     710.270       9.807    1420.000       0.000    0.0002    2.384  403.978    4.095  393.911    1.038
  19260.00 0.135     712.174      12.174    1460.000       0.000    0.0002    2.092  279.940    4.548  390.311    1.032
  19320.00 0.130     695.865       5.113    1420.000       0.000    0.0002    1.839  217.250    4.741  387.505    1.034
  19380.00 0.125     686.979       3.626    1420.000       0.000    0.0002    1.708  181.948    4.287  384.356    0.899
  19440.00 0.122     677.315       8.858    1460.000       0.000    0.0002    1.776  184.582    4.048  381.429    0.902
  19500.00 0.120     679.470      13.768    1540.000       0.000    0.0002    1.948  209.491    4.049  380.288    0.831
  19560.00 0.119     674.397       9.243    1420.000       0.000    0.0002    2.128  234.483    3.574  379.650    1.041
  19620.00 0.119     667.362       5.276    1460.000       0.000    0.0002    2.306  231.827    4.299  378.628    1.055
  19680.00 0.117     666.154       9.023    1380.000       0.000    0.0002    2.496  241.414    4.803  378.404    1.061
  19740.00 0.116     668.692       9.325    1420.000       0.000    0.0002    2.717  280.054    4.805  378.849    1.125
  19800.00 0.115     674.038       9.767    1340.000       0.000    0.0002    3.036  288.220    4.734  379.599    1.124
  19860.00 0.122     682.994       4.112    1460.000       0.000    0.0002    3.363  309.511    5.529  381.842    1.232
  19920.00 0.120     681.306       4.041    1500.000       0.000    0.0002    3.676  338.687    5.895  385.436    1.402
  19980.00 0.132     686.122       7.570    1420.000       0.000    0.0002    3.905  332.628    6.139  387.969    1.344
  20040.00 0.134     695.182       6.241    1420.000       0.000    0.0002    4.041  394.776    5.580  388.851    1.523
  20100.00 0.133     684.309      12.670    1460.000       0.000    0.0002    4.204  388.615    5.721  388.781    1.348
  20160.00 0.134     684.582       6.073    1380.000       0.000    0.0002    4.219  442.990    6.210  389.152    1.681
  20220.00 0.136     686.547      16.172    1460.000       0.000    0.0002    4.115  426.757    5.742  390.431    1.256
  20280.00 0.134     691.767      11.658    1580.000       0.000    0.0002    3.913  371.691    4.640  390.092    1.178
  20340.00 0.137     694.357       2.643    1500.000       0.000    0.0002    3.812  372.089    5.266  388.558    1.260
  20400.00 0.141     698.475       5.095    1500.000       0.000    0.0002    3.754  265.812    4.569  387.877    1.035
  20460.00 0.139     695.149       7.417    1500.000       0.000    0.0002    3.763  335.003    4.735  389.072    1.150
  20520.00 0.138     686.078       3.074    1540.000       0.000    0.0002    3.873  356.146    5.680  390.972    1.243
  20580.00 0.138     680.565       9.929    1460.000       0.000    0.0002    4.092  387.209    5.447  392.371    1.196
  20640.00 0.144     680.102       8.866    1540.000       0.000    0.0002    4.381  452.012    5.610  394.834    1.299
  20700.00 0.146     680.968       6.811    1500.000       0.000    0.0002    4.649  477.025    5.829  398.164    1.503
  20760.00 0.153     677.764       9.393    1580.000       0.000    0.0002    4.927  425.856    5.592  400.539    1.339
  20820.00 0.164     684.203       7.571    1460.000       0.000    0.0002    5.195  485.045    4.869  403.154    1.207
  20880.00 0.164     677.321       6.012    1620.000       0.000    0.0002    5.554  520.188    5.817  408.443    1.610
  20940.00 0.159     685.911      12.772    1500.000       0.000    0.0002    6.055  735.371    7.228  415.301    1.899
  21000.00 0.161     688.321       8.714    1460.000       0.000    0.0002    6.628  821.284    7.618  421.107    1.900
  21060.00 0.162     684.337       8.133    1460.000       0.000    0.0002    7.026  957.400    6.907  425.893    2.012
  21120.00 0.159     688.326       5.100    1940.000       0.000    0.0002    7.335  994.942    7.674  430.673    2.088
  21180.00 0.162     691.398       7.609    1940.000       0.000    0.0002    7.425  927.450    5.977  434.637    1.514
  21240.00 0.166     692.861       7.404    1580.000       0.000    0.0002    7.470  602.605    6.196  439.097    1.449
  21300.00 0.166     696.241      13.216    1460.000       0.000    0.0002    7.554  597.087    5.883  441.882    1.479
  21360.00 0.166     700.881       5.492    1500.000       0.000    0.0002    7.628  458.133    6.016  441.700    1.428
  21420.00 0.166     704.897      17.139    1580.000       0.000    0.0002    7.708  480.265    6.975  442.371    1.373
  21480.00 0.163     715.916       6.997    1580.000       0.000    0.0002    7.769  504.459    6.837  446.236    1.637
  21540.00 0.164     718.068       8.143    1540.000       0.000    0.0002    7.569  496.699    6.590  448.951    1.536
  21600.00 0.163     721.166      11.898    1500.000       0.000    0.0002    7.218  461.802    6.552  447.329    1.561
  21660.00 0.163     737.598       2.973    1500.000       0.000    0.0002    6.731  498.945    5.728  445.410    1.410
  21720.00 0.159     734.400       7.077    1500.000       0.000    0.0002    6.224  434.421    4.651  443.384    1.154
  21780.00 0.160     736.153       5.985    1580.000       0.000    0.0002    5.699  355.194    4.803  439.582    1.197
  21840.00 0.158     727.264       9.459    1540.000       0.000    0.0002    5.194  294.116    4.725  435.847    1.228
  21900.00 0.156     719.719       7.051    1500.000       0.000    0.0002    4.934  383.541    5.270  433.401    1.209
  21960.00 0.156     719.250       8.125    1540.000       0.000    0.0002    4.735  485.042    5.479  430.194    1.322
  22020.00 0.146     719.933       1.104    1540.000       0.000    0.0002    4.621  516.199    5.435  426.231    1.232
  22080.00 0.146     722.838       6.444    1580.000       0.000    0.0002    4.537  436.138    5.882  423.533    1.366
  22140.00 0.145     723.879       4.924    1420.000       0.000    0.0002    4.452  480.022    5.574  422.883    1.432
  22200.00 0.143     726.280      11.604    1540.000       0.000    0.0002    4.451  536.002    5.996  422.976    1.408
  22260.00 0.137     712.214       7.357    1420.000       0.000    0.0002    4.514  541.556    5.637  422.482    1.353
  22320.00 0.137     715.560       8.774    1540.000       0.000    0.0002    4.549  504.950    6.381  422.581    1.457
  22380.00 0.141     718.478       9.758    1500.000       0.000    0.0002    4.570  476.028    5.926  423.119    1.431
  22440.00 0.135     716.432      14.595    1420.000       0.000    0.0002    4.592  529.310    6.186  423.100    1.539
  22500.00 0.133     704.844       3.780    1540.000       0.000    0.0002    4.561  617.754    6.569  422.864    1.650
  22560.00 0.134     708.613      11.861    1420.000       0.000    0.0002    4.362  723.675    7.884  421.885    1.739
  22620.00 0.135     708.463       7.740    1500.000       0.000    0.0002    4.189  754.188    5.803  420.976    1.744
  22680.00 0.145     716.538       3.630    1660.000       0.000    0.0002    4.083  848.896    6.427  419.205    1.768
  22740.00 0.144     717.153       4.508    1460.000       0.000    0.0002    4.042  648.631    6.094  417.569    1.236
  22800.00 0.145     716.824       4.392    1460.000       0.000    0.0002    4.080  334.291    5.216  417.756    1.208
  22860.00 0.149     719.673      10.359    1380.000       0.000    0.0002    4.220  288.488    4.661  418.150    1.215
  22920.00 0.142     708.414       3.552    1540.000       0.000    0.0002    4.569  345.385    5.061  418.862    1.541
  22980.00 0.141     709.497       4.853    1420.000       0.000    0.0002    5.087  401.740    5.237  421.174    1.390
  23040.00 0.148     717.895       7.303    1540.000       0.000    0.0002    5.620  481.013    5.805  424.918    1.665
  23100.00 0.145     723.838       5.421    1460.000       0.000    0.0002    6.049  480.504    6.152  428.758    1.508
  23160.00 0.151     734.239       9.676    1460.000       0.000    0.0002    6.458  532.121    6.167  432.478    1.411
  23220.00 0.151     746.710       4.452    1500.000       0.000    0.0002    6.690  599.711    7.083  435.591    1.562
  23280.00 0.150     753.831       7.532    1460.000       0.000    0.0002    6.709  741.859    7.243  438.538    1.820
  23340.00 0.153     749.728       1.984    1460.000       0.000    0.0002    6.590  704.358    6.597  441.074    1.545
  23400.00 0.153     738.147       6.486    1500.000       0.000    0.0002    6.546  623.951    7.075  444.397    1.480
  23460.00 0.151     744.200       5.170    1500.000       0.000    0.0002    6.743  818.719    7.869  448.898    1.716
  23520.00 0.151     727.638      11.100    1540.000       0.000    0.0002    6.981  936.942    9.454  451.537    2.148
  23580.00 0.148     735.380       9.043    1500.000       0.000    0.0002    7.144  887.917    7.829  450.269    1.970
  23640.00 0.152     732.821       6.763    1940.000       0.000    0.0002    7.062  750.100    6.810  449.548    1.775
  23700.00 0.152     738.003       4.219    1740.000       0.000    0.0002    6.859  560.281    7.145  452.744    1.610
  23760.00 0.152     735.762      13.194    1660.000       0.000    0.0002    6.650  704.299    8.460  456.564    1.693
  23820.00 0.146     724.482       8.963    1540.000       0.000    0.0002    6.513  902.740    8.242  457.104    2.079
  23880.00 0.147     726.711       4.219    1940.000       0.000    0.0002    6.391 1120.460    8.372  453.762    2.179
  23940.00 0.151     723.793      14.749    1940.000       0.000    0.0002    6.136  978.369    8.114  449.031    2.153
  24000.00 0.154     716.852       8.426    1940.000       0.000    0.0002    5.751  872.766    6.106  448.478    1.835
  24060.00 0.153     716.256       5.472    1580.000       0.000    0.0002    5.462  623.227    5.191  450.345    1.248
  24120.00 0.154     720.919       3.930    1580.000       0.000    0.0002    5.222  333.157    5.021  448.397    1.444
  24180.00 0.148     723.684       4.079    1580.000       0.000    0.0002    5.127  340.646    5.859  443.796    1.674
  24240.00 0.148     735.702       4.694    1580.000       0.000    0.0002    5.193  364.080    5.627  441.722    1.349
  24300.00 0.149     734.183       7.908    1460.000       0.000    0.0002    5.268  404.815    6.012  441.754    1.516
  24360.00 0.150     739.220      15.707    1500.000       0.000    0.0002    5.342  351.277    5.747  443.146    1.451
  24420.00 0.154     735.048      11.111    1540.000       0.000    0.0002    5.388  453.987    6.009  444.121    1.556
  24480.00 0.156     744.710      11.397    1500.000       0.000    0.0002    5.356  482.849    6.175  443.919    1.501
  24540.00 0.154     740.191      10.747    1620.000       0.000    0.0002    5.282  438.260    5.826  443.043    1.409
  24600.00 0.146     732.630      12.931    1620.000       0.000    0.0002    5.295  523.331    6.318  444.506    1.550
  24660.00 0.139     733.533       5.764    1420.000       0.000    0.0002    5.401  648.627    7.134  446.650    1.640
  24720.00 0.145     727.432       8.750    1540.000       0.000    0.0002    5.609  832.507    6.983  446.293    1.772
  24780.00 0.145     716.134       7.731    1540.000       0.000    0.0002    5.867  874.505    6.366  445.376    1.783
  24840.00 0.148     711.419       5.743    1620.000       0.000    0.0002    6.177  985.736    6.762  448.216    1.991
  24900.00 0.147     711.211       7.463    1460.000       0.000    0.0002    6.449 1000.979    7.926  453.570    2.059
  24960.00 0.146     705.638      10.000    1940.000       0.000    0.0002    6.558  923.175    8.496  458.542    2.107
  25020.00 0.148     707.908       9.127    1940.000       0.000    0.0002    6.637  992.894    8.730  461.056    2.348
  25080.00 0.151     709.161       6.774    1940.000       0.000    0.0002    6.570  987.579    8.736  458.838    2.374
  25140.00 0.154     711.519       6.772    1940.000       0.000    0.0002    6.323  775.288    6.197  455.670    1.694
  25200.00 0.156     723.750       9.906    1580.000       0.000    0.0002    6.034  633.442    6.978  457.355    1.658
  25260.00 0.158     722.689       8.315    1460.000       0.000    0.0002    5.716  775.060    7.499  460.229    1.905
  25320.00 0.158     722.531       6.821    1540.000       0.000    0.0002    5.567  725.231    6.145  456.166    1.604
  25380.00 0.163     726.306       8.318    1580.000       0.000    0.0002    5.587  674.783    5.634  449.200    1.874
  25440.00 0.164     723.284       4.119    1660.000       0.000    0.0002    5.557  693.487    5.943  445.894    1.805
  25500.00 0.156     728.697       8.257    1620.000       0.000    0.0002    5.511  579.193    5.514  445.378    1.574
  25560.00 0.154     729.984       6.973    1540.000       0.000    0.0002    5.430  514.402    4.709  442.895    1.402
  25620.00 0.153     742.560       5.376    1660.000       0.000    0.0002    5.377  483.372    6.256  439.141    1.411
  25680.00 0.149     732.447      11.363    1580.000       0.000    0.0002    5.531  532.720    5.855  438.120    1.499
  25740.00 0.146     747.826       7.458    1540.000       0.000    0.0002    5.788  491.219    6.296  439.627    1.527
  25800.00 0.144     737.022       6.261    1500.000       0.000    0.0002    6.096  562.828    5.311  440.942    1.337
  25860.00 0.139     741.263       6.246    1500.000       0.000    0.0002    6.445  562.795    5.724  443.535    1.784
  25920.00 0.140     739.790      12.203    1620.000       0.000    0.0002    6.753  678.971    6.573  448.143    2.267
  25980.00 0.137     746.916       7.807    1580.000       0.000    0.0002    6.997  741.869    6.512  451.261    1.839
  26040.00 0.136     757.889       6.905    1540.000       0.000    0.0002    7.159  561.348    6.315  451.903    1.755
  26100.00 0.141     763.778      14.142    1660.000       0.000    0.0002    7.210  509.580    5.989  454.573    1.645
  26160.00 0.145     761.113       3.406    1580.000       0.000    0.0002    7.077  544.228    6.910  457.597    1.736
  26220.00 0.146     756.980       8.020    1540.000       0.000    0.0002    6.700  505.443    7.105  454.993    1.496
  26280.00 0.153     754.720       5.120    1540.000       0.000    0.0002    6.233  532.161    5.467  449.099    1.483
  26340.00 0.153     767.648       8.224    1580.000       0.000    0.0002    5.547  406.898    4.924  446.302    1.241
  26400.00 0.151     756.570      11.683    1540.000       0.000    0.0002    4.842  383.457    4.401  443.906    1.133
  26460.00 0.148     737.891       3.328    1460.000       0.000    0.0002    4.232  383.678    3.926  438.756    1.054
  26520.00 0.142     736.558      11.773    1460.000       0.000    0.0002    3.870  324.527    4.312  432.908    0.996
  26580.00 0.145     736.223       6.779    1460.000       0.000    0.0002    3.597  349.880    4.273  428.372    1.222
  26640.00 0.139     734.587       4.499    1460.000       0.000    0.0002    3.446  320.774    4.464  424.427    1.131
  26700.00 0.140     728.153       7.596    1540.000       0.000    0.0002    3.341  260.047    4.285  421.766    1.164
  26760.00 0.142     733.139       6.209    1500.000       0.000    0.0002    3.279  214.106    4.634  421.378    1.146
  26820.00 0.143     733.231       4.137    1460.000       0.000    0.0002    3.316  233.158    4.695  421.956    0.980
  26880.00 0.141     739.931       8.527    1460.000       0.000    0.0002    3.436  260.055    4.645  421.268    1.018
  26940.00 0.142     746.747       8.399    1540.000       0.000    0.0002    3.618  300.424    4.957  421.397    1.161
  27000.00 0.143     736.301       7.945    1340.000       0.000    0.0002    3.770  365.653    5.989  423.479    1.312
  27060.00 0.150     738.434      11.517    1380.000       0.000    0.0002    3.843  368.458    5.776  424.403    1.362
  27120.00 0.148     731.960       1.977    1500.000       0.000    0.0002    3.851  367.520    6.627  422.709    1.416
  27180.00 0.154     730.316       8.449    1540.000       0.000    0.0002    3.800  451.379    6.153  421.273    1.253
  27240.00 0.153     733.439       8.185    1540.000       0.000    0.0002    3.753  522.432    5.247  421.878    1.332
  27300.00 0.148     730.921      10.921    1460.000       0.000    0.0002    3.768  555.737    5.891  422.214    1.442
  27360.00 0.151     738.126       8.627    1500.000       0.000    0.0002    3.756  395.738    4.933  420.871    1.228
  27420.00 0.148     734.455       6.172    1500.000       0.000    0.0002    3.807  307.359    5.110  421.165    1.256
  27480.00 0.148     726.491       7.842    1460.000       0.000    0.0002    3.880  378.785    5.131  423.354    1.235
  27540.00 0.146     732.867      11.567    1420.000       0.000    0.0002    4.036  429.049    4.886  425.264    1.400
  27600.00 0.155     726.667       9.510    1500.000       0.000    0.0002    4.388  402.115    5.794  427.257    1.354
  27660.00 0.155     723.585      10.535    1420.000       0.000    0.0002    4.841  448.217    5.890  431.176    1.386
  27720.00 0.160     730.076       9.741    1460.000       0.000    0.0002    5.296  441.191    5.978  436.312    1.324
  27780.00 0.157     733.240       3.690    1500.000       0.000    0.0002    5.630  436.047    5.725  440.262    1.468
  27840.00 0.160     741.646       4.085    1580.000       0.000    0.0002    5.928  506.644    5.608  444.131    1.365
  27900.00 0.162     743.318       6.244    1580.000       0.000    0.0002    6.209  519.264    6.134  448.907    1.421
  27960.00 0.166     753.549       4.860    1500.000       0.000    0.0002    6.561  532.983    6.110  453.622    1.446
  28020.00 0.164     750.253       8.405    1500.000       0.000    0.0002    6.908  560.374    6.318  458.240    1.529
  28080.00 0.163     746.727       6.607    1540.000       0.000    0.0002    7.206  520.371    6.435  465.464    1.513
  28140.00 0.167     748.316       9.312    1420.000       0.000    0.0002    7.505  609.054    6.591  474.793    1.487
  28200.00 0.164     745.246       9.985    1460.000       0.000    0.0002    7.891  721.271    6.818  482.515    1.704
  28260.00 0.162     754.441       7.492    1580.000       0.000    0.0002    8.209  798.355    7.496  487.046    1.745
  28320.00 0.167     757.452       8.258    1540.000       0.000    0.0002    8.485  772.325    7.383  490.407    1.833
  28380.00 0.167     754.657      11.971    1540.000       0.000    0.0002    8.685  757.508    6.857  493.588    1.843
  28440.00 0.175     757.119       6.294    1580.000       0.000    0.0002    8.739  656.056    6.803  494.458    1.999
  28500.00 0.183     766.152       8.842    1940.000       0.000    0.0002    8.590  535.042    6.574  493.840    1.475
  28560.00 0.194     767.673       9.031    1620.000       0.000    0.0002    8.559  411.095    6.142  497.038    1.389
  28620.00 0.194     775.309       6.633    1540.000       0.000    0.0002    8.585  440.234    6.030  500.406    1.380
  28680.00 0.197     777.918       7.286    1620.000       0.000    0.0002    8.593  567.017    6.913  499.178    1.719
  28740.00 0.196     776.754       6.841    1580.000       0.000    0.0002    8.579  684.709    7.352  498.657    1.862
  28800.00 0.193     769.418      11.646    1500.000       0.000    0.0002    8.433  744.677    7.241  499.846    1.904
