#  time      cc     z_cbase    z_ctop_avg  z_ctop_max      zi         we   <<ql>>  <<ql>>_max   w_max   tke     ql_max
     60.00 0.000       0.000       0.000       0.000       0.000    0.0002    0.000    0.000    0.187  616.595    0.000
    120.00 0.000       0.000       0.000       0.000       0.000    0.0002    0.000    0.000    0.295  417.062    0.000
    180.00 0.000       0.000       0.000       0.000       0.000    0.0002    0.000    0.000    0.317  300.101    0.000
    240.00 0.000       0.000       0.000       0.000       0.000    0.0002    0.000    0.000    0.305  225.775    0.000
    300.00 0.000       0.000       0.000       0.000       0.000    0.0002    0.000    0.000    0.316  176.565    0.000
    360.00 0.000       0.000       0.000       0.000       0.000    0.0002    0.000    0.000    0.332  143.394    0.000
    420.00 0.000       0.000       0.000       0.000       0.000    0.0002    0.000    0.000    0.332  121.119    0.000
    480.00 0.000       0.000       0.000       0.000       0.000    0.0002    0.000    0.000    0.382  105.716    0.000
    540.00 0.000       0.000       0.000       0.000       0.000    0.0002    0.000    0.000    0.411   93.906    0.000
    600.00 0.000       0.000       0.000       0.000       0.000    0.0002    0.000    0.000    0.526   84.633    0.000
    660.00 0.000       0.000       0.000       0.000       0.000    0.0002    0.000    0.000    0.598   78.069    0.000
    720.00 0.000       0.000       0.000       0.000       0.000    0.0002    0.000    0.000    0.611   73.750    0.000
    780.00 0.000       0.000       0.000       0.000       0.000    0.0002    0.000    0.000    0.605   70.949    0.000
    840.00 0.000       0.000       0.000       0.000       0.000    0.0002    0.000    0.000    0.708   69.188    0.000
    900.00 0.000       0.000       0.000       0.000       0.000    0.0002    0.000    0.000    0.764   68.006    0.000
    960.00 0.000       0.000       0.000       0.000       0.000    0.0002    0.000    0.000    0.757   67.404    0.000
   1020.00 0.000       0.000       0.000       0.000       0.000    0.0002    0.000    0.000    0.779   67.857    0.000
   1080.00 0.000     580.000       0.000     580.000       0.000    0.0002    0.000    1.765    0.829   69.381    0.040
   1140.00 0.001     580.000       0.000     580.000       0.000    0.0002    0.002    2.335    0.859   71.610    0.052
   1200.00 0.002     580.000       0.000     580.000       0.000    0.0002    0.004    4.707    0.957   74.507    0.075
   1260.00 0.003     576.923       0.000     580.000       0.000    0.0002    0.009    7.450    1.005   78.219    0.116
   1320.00 0.005     568.000      29.000     660.000       0.000    0.0002    0.020    9.736    1.126   82.856    0.145
   1380.00 0.009     564.865       0.000     660.000       0.000    0.0002    0.040   17.397    1.244   88.627    0.197
   1440.00 0.017     568.406       7.826     660.000       0.000    0.0002    0.075   26.259    1.290   95.617    0.284
   1500.00 0.025     566.923       5.192     660.000       0.000    0.0002    0.141   35.695    1.574  103.698    0.341
   1560.00 0.040     564.691       4.074     660.000       0.000    0.0002    0.244   50.961    1.762  112.841    0.432
   1620.00 0.057     565.690       4.828     700.000       0.000    0.0002    0.395   69.344    1.806  123.109    0.562
   1680.00 0.072     565.802       1.980     780.000       0.000    0.0002    0.628   92.109    2.475  134.466    0.647
   1740.00 0.094     566.423       8.198     780.000       0.000    0.0002    0.938  120.742    2.892  146.785    0.813
   1800.00 0.114     567.580       5.310     820.000       0.000    0.0002    1.329  141.203    2.710  159.913    0.875
   1860.00 0.126     569.344       6.216     860.000       0.000    0.0002    1.837  165.417    3.353  173.526    0.896
   1920.00 0.144     572.881       3.017     940.000       0.000    0.0002    2.406  180.385    3.471  187.285    0.923
   1980.00 0.156     578.498       2.973     980.000       0.000    0.0002    3.057  236.462    3.568  200.920    0.952
   2040.00 0.166     580.531       2.389    1100.000       0.000    0.0002    3.766  223.682    3.484  214.195    0.981
   2100.00 0.179     583.810       8.163    1100.000       0.000    0.0002    4.498  278.336    3.793  226.885    1.032
   2160.00 0.185     583.799       7.150    1300.000       0.000    0.0002    5.267  225.678    4.077  238.558    1.036
   2220.00 0.196     585.094       5.518    1300.000       0.000    0.0002    5.986  297.399    4.199  248.704    1.135
   2280.00 0.199     588.452       6.241    1300.000       0.000    0.0002    6.599  353.294    4.324  256.997    1.074
   2340.00 0.203     593.830       6.795    1340.000       0.000    0.0002    7.185  375.137    4.046  263.342    1.083
   2400.00 0.205     603.437       7.351    1300.000       0.000    0.0002    7.634  465.097    4.603  267.904    1.170
   2460.00 0.203     606.411       5.810    1300.000       0.000    0.0002    8.044  585.735    5.048  271.162    1.351
   2520.00 0.194     611.335       5.466    1380.000       0.000    0.0002    8.386  652.986    5.629  273.329    1.420
   2580.00 0.188     613.204       9.053    1300.000       0.000    0.0002    8.540  769.684    5.356  273.500    1.408
   2640.00 0.188     621.868       3.217    1300.000       0.000    0.0002    8.532  870.325    5.312  271.548    1.508
   2700.00 0.182     623.271      10.188    1380.000       0.000    0.0002    8.371  875.876    5.717  268.244    1.560
   2760.00 0.180     625.652       9.375    1380.000       0.000    0.0002    7.967  839.403    5.428  264.230    1.729
   2820.00 0.174     633.613       7.927    1380.000       0.000    0.0002    7.436  780.499    5.317  260.271    1.526
   2880.00 0.163     645.045       5.886    1540.000       0.000    0.0002    6.944  690.124    5.801  255.209    1.679
   2940.00 0.157     641.333       4.589    1500.000       0.000    0.0002    6.526  841.553    5.933  249.407    1.774
   3000.00 0.149     643.895       8.249    1460.000       0.000    0.0002    6.092  810.717    5.604  243.023    1.898
   3060.00 0.146     646.867      12.067    1460.000       0.000    0.0002    5.657  778.839    5.416  236.140    1.482
   3120.00 0.138     652.340       4.255    1460.000       0.000    0.0002    5.297  588.077    5.931  231.578    1.382
   3180.00 0.131     644.523       8.262    1380.000       0.000    0.0002    5.161  671.103    5.827  227.780    1.306
   3240.00 0.124     645.296       4.822    1420.000       0.000    0.0002    5.060  735.121    5.359  223.017    1.713
   3300.00 0.120     642.520       8.618    1500.000       0.000    0.0002    4.925  644.200    6.605  218.318    1.612
   3360.00 0.121     656.459      15.131    1500.000       0.000    0.0002    4.757  674.673    6.135  215.241    1.353
   3420.00 0.123     654.422      10.359    1500.000       0.000    0.0002    4.414  611.651    5.165  213.202    1.286
   3480.00 0.118     659.834       5.809    1380.000       0.000    0.0002    4.009  511.730    4.381  211.032    1.200
   3540.00 0.118     668.660       5.443    1580.000       0.000    0.0002    3.584  442.023    4.162  207.737    1.260
   3600.00 0.115     662.203       4.110    1420.000       0.000    0.0002    3.269  482.704    4.388  203.461    1.222
   3660.00 0.109     649.911       3.571    1580.000       0.000    0.0002    3.085  565.956    4.739  199.330    1.246
   3720.00 0.103     647.743       6.841    1300.000       0.000    0.0002    2.956  627.302    4.477  196.369    1.369
   3780.00 0.098     638.800       4.650    1420.000       0.000    0.0002    2.782  629.389    4.118  194.382    1.420
   3840.00 0.095     641.183       4.781    1420.000       0.000    0.0002    2.592  544.872    4.116  192.500    1.474
   3900.00 0.093     648.766       3.465    1380.000       0.000    0.0002    2.353  430.705    3.717  190.323    1.322
   3960.00 0.093     649.005       3.665    1500.000       0.000    0.0002    2.005  292.865    3.545  188.049    1.032
   4020.00 0.091     641.613       3.548    1380.000       0.000    0.0002    1.705  286.485    3.815  186.096    1.030
   4080.00 0.094     642.130       8.779    1300.000       0.000    0.0002    1.556  275.147    3.976  184.115    0.941
   4140.00 0.096     635.838       4.416    1300.000       0.000    0.0002    1.480  210.237    3.360  182.605    0.817
   4200.00 0.094     636.501       3.655    1300.000       0.000    0.0002    1.469  298.330    3.356  182.135    0.983
   4260.00 0.094     640.417       3.125    1420.000       0.000    0.0002    1.519  404.070    4.245  182.416    1.161
   4320.00 0.091     628.086       6.469    1300.000       0.000    0.0002    1.611  476.683    4.488  183.005    1.206
   4380.00 0.092     625.199       8.753    1300.000       0.000    0.0002    1.737  516.561    3.805  183.769    0.942
   4440.00 0.095     628.041       0.000    1300.000       0.000    0.0002    1.860  552.576    3.872  184.487    1.110
   4500.00 0.096     620.204       4.643    1300.000       0.000    0.0002    1.939  553.923    4.052  185.344    1.099
   4560.00 0.098     620.398       6.766    1420.000       0.000    0.0002    1.932  427.315    3.712  186.369    1.005
   4620.00 0.103     628.076       8.409    1420.000       0.000    0.0002    1.847  323.812    3.692  187.509    1.067
   4680.00 0.105     622.051      19.254    1300.000       0.000    0.0002    1.761  242.578    3.272  188.433    1.005
   4740.00 0.110     615.831       4.213    1300.000       0.000    0.0002    1.697  270.922    3.370  189.247    1.003
   4800.00 0.113     607.819       6.868    1300.000       0.000    0.0002    1.690  273.119    3.276  190.021    1.013
   4860.00 0.119     611.148       4.672    1340.000       0.000    0.0002    1.712  204.150    3.160  190.544    0.786
   4920.00 0.118     608.536       6.969    1300.000       0.000    0.0002    1.733  191.625    3.095  191.449    0.970
   4980.00 0.121     608.249       8.974    1300.000       0.000    0.0002    1.772  247.092    3.923  192.909    1.100
   5040.00 0.128     614.427       7.481    1380.000       0.000    0.0002    1.842  254.094    3.871  194.704    0.927
   5100.00 0.130     612.015       5.951    1300.000       0.000    0.0002    1.946  209.422    3.309  196.707    0.927
   5160.00 0.127     606.590       1.272    1300.000       0.000    0.0002    2.057  223.784    3.693  198.788    1.067
   5220.00 0.126     612.340      10.677    1420.000       0.000    0.0002    2.197  250.770    3.740  200.825    1.043
   5280.00 0.124     609.170       7.589    1340.000       0.000    0.0002    2.386  269.785    3.355  202.767    0.919
   5340.00 0.128     610.975       9.675    1300.000       0.000    0.0002    2.649  285.900    3.462  204.879    0.875
   5400.00 0.126     610.039       8.301    1420.000       0.000    0.0002    2.923  305.448    3.084  207.490    0.843
   5460.00 0.128     613.435       9.084    1380.000       0.000    0.0002    3.234  304.514    3.376  210.555    0.916
   5520.00 0.130     617.439       6.290    1340.000       0.000    0.0002    3.496  279.059    3.808  213.679    1.031
   5580.00 0.128     619.316       3.688    1300.000       0.000    0.0002    3.741  316.046    4.308  216.535    1.063
   5640.00 0.128     617.029       7.314    1300.000       0.000    0.0002    3.981  369.743    4.565  219.368    1.092
   5700.00 0.126     612.587       7.181    1300.000       0.000    0.0002    4.215  425.579    4.915  222.486    1.136
   5760.00 0.132     613.630       5.667    1300.000       0.000    0.0002    4.446  437.815    4.675  225.961    1.166
   5820.00 0.135     614.265       5.336    1340.000       0.000    0.0002    4.641  450.818    5.426  229.170    1.238
   5880.00 0.137     614.813       7.460    1300.000       0.000    0.0002    4.803  520.735    5.593  232.523    1.208
   5940.00 0.141     621.036       4.283    1380.000       0.000    0.0002    5.046  618.503    5.083  236.177    1.059
   6000.00 0.140     612.195       7.143    1300.000       0.000    0.0002    5.369  677.979    4.588  239.738    1.085
   6060.00 0.135     613.069      12.130    1300.000       0.000    0.0002    5.899  611.727    4.772  244.221    1.350
   6120.00 0.137     621.783       6.168    1300.000       0.000    0.0002    6.554  654.087    5.974  250.595    1.376
   6180.00 0.141     621.727      10.708    1420.000       0.000    0.0002    7.224  768.678    5.778  257.617    1.577
   6240.00 0.141     628.889       4.965    1420.000       0.000    0.0002    7.894  780.901    6.343  264.105    1.625
   6300.00 0.141     632.457       4.014    1460.000       0.000    0.0002    8.582  740.191    6.446  271.037    1.434
   6360.00 0.142     639.379       7.793    1500.000       0.000    0.0002    9.231  648.508    5.874  279.564    1.485
   6420.00 0.139     656.007       7.566    1540.000       0.000    0.0002    9.890  721.563    6.813  288.589    1.733
   6480.00 0.147     661.854       7.914    1420.000       0.000    0.0002   10.492  836.018    6.974  297.028    1.764
   6540.00 0.147     657.815       9.603    1420.000       0.000    0.0002   10.973 1090.041    7.284  304.237    1.904
   6600.00 0.151     672.924      12.859    1500.000       0.000    0.0002   11.134 1235.530    6.026  309.113    1.964
   6660.00 0.152     675.652       6.731    1500.000       0.000    0.0002   10.943 1274.554    6.458  312.184    2.357
   6720.00 0.149     680.887       9.852    1940.000       0.000    0.0002   10.349 1242.828    6.100  312.694    2.377
   6780.00 0.147     689.254       8.624    1940.000       0.000    0.0002    9.471 1160.578    5.554  311.567    2.504
   6840.00 0.144     691.404       9.340    1940.000       0.000    0.0002    8.464 1021.214    5.934  311.032    1.774
   6900.00 0.138     676.113      11.413    1940.000       0.000    0.0002    7.469  839.297    6.011  311.034    1.503
   6960.00 0.136     678.671      10.700    1540.000       0.000    0.0002    6.707  877.856    7.548  309.609    1.680
   7020.00 0.129     666.340       9.094    1460.000       0.000    0.0002    6.302 1079.069    8.359  304.077    1.934
   7080.00 0.130     655.489       6.278    1500.000       0.000    0.0002    6.130 1074.000    6.506  298.179    2.086
   7140.00 0.126     649.266       8.764    1940.000       0.000    0.0002    5.883  986.378    6.132  294.605    1.953
   7200.00 0.132     650.741       3.370    1620.000       0.000    0.0002    5.622  948.947    5.045  293.354    1.612
   7260.00 0.131     651.508      14.339    1740.000       0.000    0.0002    5.517  891.915    6.492  291.820    1.524
   7320.00 0.135     656.080      11.107    1540.000       0.000    0.0002    5.569  898.732    7.400  288.787    1.770
   7380.00 0.128     653.981       7.886    1540.000       0.000    0.0002    5.595 1015.328    5.571  287.208    1.331
   7440.00 0.129     650.682       8.750    1460.000       0.000    0.0002    5.707 1016.144    5.350  286.844    1.683
   7500.00 0.128     650.440       8.528    1500.000       0.000    0.0002    5.893  966.560    4.939  287.159    1.775
   7560.00 0.127     654.769      10.154    1660.000       0.000    0.0002    6.093  811.965    5.214  289.274    1.171
   7620.00 0.129     657.273       4.773    1540.000       0.000    0.0002    6.332  717.129    5.054  292.209    1.334
   7680.00 0.124     659.842       7.337    1500.000       0.000    0.0002    6.604  704.169    5.805  294.232    1.634
   7740.00 0.127     655.684       7.938    1620.000       0.000    0.0002    6.876  625.788    4.965  295.058    1.457
   7800.00 0.129     666.200       5.066    1380.000       0.000    0.0002    7.066  683.793    5.400  295.474    1.457
   7860.00 0.134     672.095       9.253    1420.000       0.000    0.0002    7.137  748.517    5.571  296.328    1.436
   7920.00 0.130     679.736       3.013    1460.000       0.000    0.0002    7.097  887.002    6.134  297.693    1.592
   7980.00 0.128     682.519       9.771    1580.000       0.000    0.0002    7.119  944.356    7.214  299.182    1.736
   8040.00 0.122     674.349      11.263    1460.000       0.000    0.0002    7.148 1055.981    5.924  298.806    1.914
   8100.00 0.122     666.185       3.574    1940.000       0.000    0.0002    6.948 1066.755    5.417  298.704    1.974
   8160.00 0.117     664.000       3.083    1420.000       0.000    0.0002    6.430 1027.174    5.649  300.059    1.807
   8220.00 0.117     665.083      10.875    1460.000       0.000    0.0002    5.600 1041.817    5.774  300.447    2.053
   8280.00 0.112     671.217       5.478    1620.000       0.000    0.0002    4.760  955.276    4.454  296.872    1.611
   8340.00 0.112     661.046      15.120    1460.000       0.000    0.0002    3.944  793.252    4.341  290.129    1.247
   8400.00 0.113     647.069       6.767    1460.000       0.000    0.0002    3.285  555.200    4.249  283.490    1.012
   8460.00 0.118     647.992       9.400    1500.000       0.000    0.0002    2.871  364.682    4.182  276.445    0.911
   8520.00 0.119     640.820       5.328    1500.000       0.000    0.0002    2.676  404.276    4.079  270.129    0.988
   8580.00 0.116     639.831       2.616    1500.000       0.000    0.0002    2.634  421.381    4.551  267.025    1.094
   8640.00 0.117     634.113       5.762    1540.000       0.000    0.0002    2.675  473.247    4.922  267.150    1.117
   8700.00 0.117     629.647      14.054    1540.000       0.000    0.0002    2.731  499.793    5.181  267.909    1.121
   8760.00 0.119     632.074       5.503    1540.000       0.000    0.0002    2.734  425.474    5.094  267.181    0.882
   8820.00 0.124     637.830      12.071    1420.000       0.000    0.0002    2.762  417.992    3.964  266.202    0.857
   8880.00 0.125     640.507       9.942    1420.000       0.000    0.0002    2.761  355.104    3.926  265.681    0.931
   8940.00 0.126     635.426       3.178    1380.000       0.000    0.0002    2.841  266.984    4.626  265.402    1.108
   9000.00 0.125     632.500      11.406    1380.000       0.000    0.0002    2.956  352.204    4.963  266.462    1.100
   9060.00 0.127     628.736      11.149    1380.000       0.000    0.0002    3.109  435.362    4.762  268.251    1.058
   9120.00 0.124     632.860      12.347    1340.000       0.000    0.0002    3.269  472.624    4.817  269.209    1.195
   9180.00 0.121     626.384       8.606    1420.000       0.000    0.0002    3.426  434.883    4.501  269.599    1.151
   9240.00 0.123     624.303      10.120    1420.000       0.000    0.0002    3.550  400.053    4.127  270.475    1.126
   9300.00 0.118     627.835       4.041    1420.000       0.000    0.0002    3.620  391.632    4.673  271.820    1.261
   9360.00 0.112     627.407      10.980    1340.000       0.000    0.0002    3.604  404.677    4.901  272.932    1.247
   9420.00 0.114     630.409       8.043    1380.000       0.000    0.0002    3.509  466.180    4.123  273.341    1.197
   9480.00 0.113     638.793       5.517    1380.000       0.000    0.0002    3.357  499.438    4.701  273.973    1.100
   9540.00 0.117     645.000       6.958    1500.000       0.000    0.0002    3.238  506.807    4.327  275.040    1.013
   9600.00 0.125     644.941       5.765    1540.000       0.000    0.0002    3.165  493.239    4.206  275.574    1.095
   9660.00 0.127     633.563       6.973    1500.000       0.000    0.0002    3.201  383.768    4.492  275.505    1.242
   9720.00 0.127     625.318      13.179    1460.000       0.000    0.0002    3.320  427.099    5.090  275.696    1.184
   9780.00 0.125     627.160       7.160    1380.000       0.000    0.0002    3.506  570.522    5.225  276.809    1.165
   9840.00 0.128     628.365       5.475    1380.000       0.000    0.0002    3.773  727.007    5.357  278.969    1.477
   9900.00 0.126     636.448       5.097    1460.000       0.000    0.0002    4.130  891.404    5.853  281.879    1.613
   9960.00 0.126     632.355       5.444    1420.000       0.000    0.0002    4.475  867.437    5.242  284.154    1.709
  10020.00 0.131     636.791      11.903    1460.000       0.000    0.0002    4.709  714.289    5.186  285.505    1.486
  10080.00 0.133     640.441       5.000    1460.000       0.000    0.0002    4.858  625.352    5.520  286.979    1.278
  10140.00 0.136     641.975       9.695    1420.000       0.000    0.0002    4.960  510.079    6.030  289.257    1.138
  10200.00 0.138     642.968      10.106    1460.000       0.000    0.0002    5.017  472.898    5.585  292.394    1.269
  10260.00 0.141     649.583      10.451    1420.000       0.000    0.0002    4.936  451.087    4.901  294.637    1.288
  10320.00 0.144     648.503       8.741    1420.000       0.000    0.0002    4.827  446.714    5.095  295.323    1.296
  10380.00 0.141     646.045      11.364    1420.000       0.000    0.0002    4.662  448.974    5.757  295.867    1.358
  10440.00 0.141     661.865       8.808    1460.000       0.000    0.0002    4.440  519.689    5.479  297.208    1.122
  10500.00 0.141     650.486      18.403    1420.000       0.000    0.0002    4.301  553.459    5.010  299.045    1.287
  10560.00 0.139     649.174       8.120    1380.000       0.000    0.0002    4.320  613.565    5.462  300.310    1.384
  10620.00 0.140     643.415       3.310    1460.000       0.000    0.0002    4.463  678.628    5.598  301.372    1.268
  10680.00 0.140     634.748       7.930    1500.000       0.000    0.0002    4.719  679.525    6.251  304.099    1.472
  10740.00 0.147     637.351       6.358    1500.000       0.000    0.0002    5.107  682.706    5.920  307.049    1.579
  10800.00 0.146     641.102      10.751    1340.000       0.000    0.0002    5.538  636.394    5.222  309.933    1.491
  10860.00 0.140     640.836       5.540    1420.000       0.000    0.0002    5.954  556.287    5.224  315.130    1.297
  10920.00 0.143     633.836      12.808    1460.000       0.000    0.0002    6.544  523.646    6.199  323.220    1.334
  10980.00 0.146     643.239       3.706    1500.000       0.000    0.0002    7.331  710.150    7.350  333.266    1.531
  11040.00 0.147     646.733       6.468    1500.000       0.000    0.0002    8.249  917.465    7.788  343.151    1.626
  11100.00 0.154     655.063       7.880    1420.000       0.000    0.0002    9.114 1102.057    6.571  349.830    1.788
  11160.00 0.155     656.215       6.215    1500.000       0.000    0.0002    9.741 1102.071    7.583  353.769    1.764
  11220.00 0.155     665.552       5.710    1500.000       0.000    0.0002   10.045  982.877    8.098  358.199    1.732
  11280.00 0.153     668.166      11.483    1620.000       0.000    0.0002   10.216 1002.080    6.440  366.105    1.796
  11340.00 0.153     677.289      11.483    1500.000       0.000    0.0002   10.204  976.546    7.331  373.958    1.795
  11400.00 0.148     679.572      11.796    1540.000       0.000    0.0002   10.020  916.132    6.264  377.468    1.967
  11460.00 0.145     673.288       8.600    1580.000       0.000    0.0002    9.564  904.609    7.868  376.484    1.945
  11520.00 0.144     664.626       8.197    1540.000       0.000    0.0002    8.986 1000.973    6.882  371.381    1.810
  11580.00 0.144     670.983       6.576    1940.000       0.000    0.0002    8.228 1004.776    4.837  365.071    1.623
  11640.00 0.149     678.885       7.410    1940.000       0.000    0.0002    7.519  759.313    4.884  362.775    1.415
  11700.00 0.145     676.027       3.401    1460.000       0.000    0.0002    7.073  618.420    5.753  361.486    1.356
  11760.00 0.141     671.537      17.237    1500.000       0.000    0.0002    6.764  619.619    6.570  356.230    1.534
  11820.00 0.140     670.453      12.230    1580.000       0.000    0.0002    6.694  760.394    5.929  351.671    1.594
  11880.00 0.141     668.527      10.745    1580.000       0.000    0.0002    6.784  758.686    5.878  350.270    1.493
  11940.00 0.144     671.932       9.254    1500.000       0.000    0.0002    6.799  639.817    5.537  350.392    1.731
  12000.00 0.145     674.459       9.324    1500.000       0.000    0.0002    6.661  710.297    5.103  350.365    1.435
  12060.00 0.146     674.564       8.188    1460.000       0.000    0.0002    6.466  558.114    4.489  349.418    1.281
  12120.00 0.145     683.569       7.340    1540.000       0.000    0.0002    6.343  474.193    4.675  349.165    1.074
  12180.00 0.148     675.537       3.702    1540.000       0.000    0.0002    6.331  517.889    5.606  349.363    1.281
  12240.00 0.145     679.327       9.764    1580.000       0.000    0.0002    6.398  548.885    6.078  349.343    1.219
  12300.00 0.146     676.789      12.441    1500.000       0.000    0.0002    6.591  618.000    5.083  351.187    1.391
  12360.00 0.145     677.673       3.035    1460.000       0.000    0.0002    6.916  647.210    6.018  354.540    1.555
  12420.00 0.146     668.200      10.900    1500.000       0.000    0.0002    7.179  713.994    6.566  357.623    1.642
  12480.00 0.146     679.130       6.054    1380.000       0.000    0.0002    7.410  731.013    7.174  361.242    1.763
  12540.00 0.138     678.053       3.363    1420.000       0.000    0.0002    7.591  916.757    7.793  366.117    1.852
  12600.00 0.132     679.889       7.837    1620.000       0.000    0.0002    7.810 1029.504    6.337  372.281    1.806
  12660.00 0.132     671.365       7.306    1460.000       0.000    0.0002    8.235  880.021    6.356  377.817    2.063
  12720.00 0.133     669.615      10.128    1940.000       0.000    0.0002    8.609  928.473    6.444  382.793    1.767
  12780.00 0.134     679.124       9.745    1420.000       0.000    0.0002    8.984 1137.177    7.409  389.235    2.126
  12840.00 0.133     680.294      18.456    1940.000       0.000    0.0002    9.408 1215.950    7.325  393.930    2.138
  12900.00 0.139     683.298      11.018    1940.000       0.000    0.0002    9.652 1059.542    6.115  395.132    2.616
  12960.00 0.137     680.925       6.512    1940.000       0.000    0.0002    9.311  908.320    6.141  396.423    2.084
  13020.00 0.137     681.533       7.914    1940.000       0.000    0.0002    8.666  870.480    5.836  398.239    1.918
  13080.00 0.139     691.424       9.069    1580.000       0.000    0.0002    7.698  775.060    6.702  396.725    1.631
  13140.00 0.141     697.296      11.993    1540.000       0.000    0.0002    6.887  581.609    5.916  390.547    1.382
  13200.00 0.140     706.084       5.490    1620.000       0.000    0.0002    6.346  599.352    5.622  385.216    1.446
  13260.00 0.137     690.409      16.377    1620.000       0.000    0.0002    5.969  597.562    6.323  381.030    1.446
  13320.00 0.135     675.535       5.408    1660.000       0.000    0.0002    5.722  596.333    6.196  375.770    1.307
  13380.00 0.134     674.691       6.764    1460.000       0.000    0.0002    5.711  708.977    5.882  370.788    1.552
  13440.00 0.134     671.491      16.291    1620.000       0.000    0.0002    5.791  793.701    6.247  366.719    1.520
  13500.00 0.137     686.643       7.786    1540.000       0.000    0.0002    5.819  840.386    5.733  364.743    1.539
  13560.00 0.138     687.894       5.805    1620.000       0.000    0.0002    5.799  731.519    5.851  364.425    1.749
  13620.00 0.136     685.612       6.475    1580.000       0.000    0.0002    5.737  683.073    6.124  363.192    1.512
  13680.00 0.138     683.604       8.410    1540.000       0.000    0.0002    5.639  567.872    6.023  361.323    1.518
  13740.00 0.141     675.278       8.958    1460.000       0.000    0.0002    5.538  620.927    6.215  360.710    1.633
  13800.00 0.142     684.220      10.223    1500.000       0.000    0.0002    5.356  731.359    6.490  361.530    1.662
  13860.00 0.134     688.051      16.430    1460.000       0.000    0.0002    5.188  684.740    6.389  362.059    1.621
  13920.00 0.138     699.858       7.327    1460.000       0.000    0.0002    5.127  736.969    7.128  361.462    1.646
  13980.00 0.137     680.214       4.199    1580.000       0.000    0.0002    5.210  940.818    8.571  361.028    2.289
  14040.00 0.133     675.018      11.502    1700.000       0.000    0.0002    5.310  973.677    5.923  360.507    1.496
  14100.00 0.132     675.630       7.444    1580.000       0.000    0.0002    5.381  769.719    6.121  360.957    1.451
  14160.00 0.136     669.695       7.145    1660.000       0.000    0.0002    5.434  737.139    7.284  363.969    1.668
  14220.00 0.133     676.912       6.875    1620.000       0.000    0.0002    5.506 1044.519    9.377  367.237    1.922
  14280.00 0.130     669.456       5.666    1580.000       0.000    0.0002    5.618 1299.635    7.886  369.504    2.036
  14340.00 0.131     666.716       7.276    1620.000       0.000    0.0002    5.663 1129.926    7.016  370.619    2.468
  14400.00 0.130     657.514       8.136    1940.000       0.000    0.0002    5.607 1051.191    6.218  372.209    2.070
  14460.00 0.124     649.055       3.661    1620.000       0.000    0.0002    5.306  772.491    5.863  374.061    1.882
  14520.00 0.123     649.683       2.381    1940.000       0.000    0.0002    4.931  547.993    7.003  373.442    1.338
  14580.00 0.122     652.240       5.760    1540.000       0.000    0.0002    4.693  661.426    7.366  369.543    1.555
  14640.00 0.123     655.697       4.104    1540.000       0.000    0.0002    4.639  706.394    7.053  365.354    1.700
  14700.00 0.120     656.430       9.615    1460.000       0.000    0.0002    4.699  529.333    5.781  364.913    1.613
  14760.00 0.120     663.184       6.490    1500.000       0.000    0.0002    4.928  660.105    7.391  368.275    1.794
  14820.00 0.118     672.206       3.753    1620.000       0.000    0.0002    5.347  779.629    7.436  372.502    1.991
  14880.00 0.125     670.824       5.176    1420.000       0.000    0.0002    5.884  931.597    9.232  378.188    2.158
  14940.00 0.122     668.720      10.360    1940.000       0.000    0.0002    6.563 1007.079    8.407  384.104    2.030
  15000.00 0.124     663.241       6.443    1940.000       0.000    0.0002    7.393 1121.283    9.162  393.392    2.225
  15060.00 0.123     674.574       7.485    1940.000       0.000    0.0002    8.339 1236.541    9.448  407.708    2.174
  15120.00 0.127     667.308       7.538    1940.000       0.000    0.0002    9.433 1586.931    9.265  425.867    2.343
  15180.00 0.131     675.149       4.366    1940.000       0.000    0.0002   10.556 1700.450    9.271  442.651    2.400
  15240.00 0.126     686.383       7.660    1940.000       0.000    0.0002   11.473 1702.706    8.357  454.807    2.656
  15300.00 0.129     689.450       4.099    1980.000       0.000    0.0002   11.747 1445.142    7.760  462.580    2.440
  15360.00 0.132     693.272       8.983    1940.000       0.000    0.0002   11.365 1212.642    7.504  469.915    2.454
  15420.00 0.129     695.321      12.264    1940.000       0.000    0.0002   10.852 1421.895    8.542  481.543    2.334
  15480.00 0.132     693.198       6.580    1940.000       0.000    0.0002   10.626 1546.232    9.333  492.023    2.221
  15540.00 0.131     677.026       7.212    1940.000       0.000    0.0002   10.729 1634.034    7.668  494.429    2.404
  15600.00 0.137     670.107       5.836    1940.000       0.000    0.0002   11.157 1448.838    8.917  493.511    2.412
  15660.00 0.133     665.746       8.692    1940.000       0.000    0.0002   11.688 1340.687    9.618  502.161    2.270
  15720.00 0.144     665.637       5.059    1940.000       0.000    0.0002   12.242 1725.633   11.144  518.010    2.654
  15780.00 0.146     666.010       5.943    1940.000       0.000    0.0002   12.371 1905.212   10.370  519.670    3.130
  15840.00 0.152     685.338       3.987    1940.000       0.000    0.0002   12.040 1900.497    7.971  509.138    2.790
  15900.00 0.155     693.555       6.572    1940.000       0.000    0.0002   11.415 1618.835    7.770  505.491    1.984
  15960.00 0.155     701.009       8.991    1940.000       0.000    0.0002   10.437 1128.982    6.995  509.487    2.053
  16020.00 0.150     690.260       7.825    1940.000       0.000    0.0002    9.254 1090.735    7.126  504.323    2.133
  16080.00 0.151     690.516       8.226    1940.000       0.000    0.0002    7.771  878.056    4.724  483.240    1.553
  16140.00 0.147     700.995       2.056    1740.000       0.000    0.0002    6.483  688.603    6.036  468.621    1.530
  16200.00 0.142     714.138       9.793    1620.000       0.000    0.0002    5.615  629.871    7.385  463.514    1.411
  16260.00 0.147     696.093      12.914    1580.000       0.000    0.0002    5.374  715.698    6.696  453.642    1.469
  16320.00 0.144     697.090       5.888    1540.000       0.000    0.0002    5.560  841.836    6.628  440.929    1.513
  16380.00 0.140     699.165      12.522    1500.000       0.000    0.0002    5.819  777.282    6.735  434.155    1.563
  16440.00 0.139     696.842      10.526    1540.000       0.000    0.0002    6.206  692.039    6.660  433.531    1.729
  16500.00 0.138     707.363       4.956    1580.000       0.000    0.0002    6.536  794.245    6.588  435.345    1.767
  16560.00 0.136     726.835       8.921    1580.000       0.000    0.0002    6.753  895.236    7.790  437.265    1.834
  16620.00 0.135     727.509       6.823    1620.000       0.000    0.0002    6.691 1125.379    6.507  436.400    2.203
  16680.00 0.137     735.929      10.357    1940.000       0.000    0.0002    6.424 1138.111    7.485  430.916    2.250
  16740.00 0.131     722.868       8.007    1940.000       0.000    0.0002    5.909  930.774    5.722  426.422    1.837
  16800.00 0.126     701.628       7.907    1580.000       0.000    0.0002    5.229  756.573    6.097  426.033    1.337
  16860.00 0.126     698.447       4.854    1500.000       0.000    0.0002    4.627  630.961    5.224  424.468    1.339
  16920.00 0.121     693.455      15.636    1500.000       0.000    0.0002    4.123  591.346    5.735  417.432    1.505
  16980.00 0.119     693.947       4.867    1580.000       0.000    0.0002    3.840  648.937    5.528  410.944    1.502
  17040.00 0.118     684.132      10.620    1660.000       0.000    0.0002    3.719  619.072    5.595  407.805    1.286
  17100.00 0.107     679.314       6.224    1460.000       0.000    0.0002    3.647  556.312    5.832  404.946    1.457
  17160.00 0.106     682.569       2.752    1540.000       0.000    0.0002    3.477  484.227    5.930  399.307    1.393
  17220.00 0.105     683.109       7.100    1500.000       0.000    0.0002    3.248  539.311    5.787  395.727    1.307
  17280.00 0.108     695.011       4.127    1500.000       0.000    0.0002    3.081  670.825    5.763  397.034    1.282
  17340.00 0.103     675.545       6.540    1540.000       0.000    0.0002    3.161  789.559    6.883  396.807    1.691
  17400.00 0.105     663.611       5.602    1460.000       0.000    0.0002    3.182  836.023    7.086  391.430    1.837
  17460.00 0.104     660.282       7.089    1940.000       0.000    0.0002    3.096  690.778    4.948  386.441    1.853
  17520.00 0.103     651.017       7.707    1580.000       0.000    0.0002    2.913  575.033    5.528  386.392    1.327
  17580.00 0.106     662.304       1.336    1540.000       0.000    0.0002    2.649  472.025    5.628  387.028    1.274
  17640.00 0.109     662.787       7.685    1500.000       0.000    0.0002    2.404  367.054    4.798  383.856    1.213
  17700.00 0.106     660.368       4.368    1540.000       0.000    0.0002    2.263  268.689    4.258  379.073    0.914
  17760.00 0.108     664.444       6.531    1500.000       0.000    0.0002    2.156  216.908    3.826  375.043    1.001
  17820.00 0.114     676.360      12.548    1620.000       0.000    0.0002    2.087  190.876    3.855  373.218    0.957
  17880.00 0.112     677.391      12.000    1500.000       0.000    0.0002    2.094  209.643    4.493  373.394    1.092
  17940.00 0.110     667.805       8.780    1500.000       0.000    0.0002    2.231  254.076    4.537  373.339    0.960
  18000.00 0.114     675.812       4.145    1460.000       0.000    0.0002    2.441  318.148    4.894  372.663    1.215
  18060.00 0.123     671.825       5.159    1540.000       0.000    0.0002    2.676  336.668    4.739  372.609    1.187
  18120.00 0.118     673.361       4.247    1500.000       0.000    0.0002    2.929  356.212    5.092  373.396    1.297
  18180.00 0.122     669.639       5.422    1500.000       0.000    0.0002    3.149  389.578    5.423  374.673    1.151
  18240.00 0.127     669.171      11.715    1540.000       0.000    0.0002    3.375  437.393    5.468  376.403    1.300
  18300.00 0.121     673.010       9.576    1460.000       0.000    0.0002    3.547  436.222    5.118  378.257    1.269
  18360.00 0.129     679.094       4.943    1540.000       0.000    0.0002    3.627  412.455    4.774  379.297    1.161
  18420.00 0.129     685.283       7.849    1540.000       0.000    0.0002    3.564  399.043    4.697  378.811    1.111
  18480.00 0.131     696.201      11.471    1460.000       0.000    0.0002    3.406  347.219    4.102  377.171    1.206
  18540.00 0.135     693.975       3.739    1580.000       0.000    0.0002    3.215  292.937    4.838  377.167    1.235
  18600.00 0.128     690.382       7.061    1460.000       0.000    0.0002    3.111  292.027    5.132  378.379    1.165
  18660.00 0.132     683.451      10.093    1540.000       0.000    0.0002    3.092  377.636    5.509  378.967    1.338
  18720.00 0.127     674.894       6.027    1420.000       0.000    0.0002    3.087  460.286    6.470  378.431    1.492
  18780.00 0.128     672.137       1.183    1380.000       0.000    0.0002    3.037  494.920    6.365  376.741    1.483
  18840.00 0.128     673.867      10.857    1460.000       0.000    0.0002    2.928  506.884    5.471  374.861    1.175
  18900.00 0.127     670.231       6.423    1420.000       0.000    0.0002    2.707  345.423    5.696  374.180    1.168
  18960.00 0.121     680.282      10.181    1460.000       0.000    0.0002    2.579  319.834    5.165  373.946    0.980
  19020.00 0.125     670.000       6.992    1540.000       0.000    0.0002    2.447  277.889    3.516  372.576    0.921
  19080.00 0.128     664.971       7.419    1460.000       0.000    0.0002    2.389  218.889    4.143  370.656    1.023
  19140.00 0.126     663.023      14.457    1460.000       0.000    0.0002    2.428  246.495    4.837  370.502    1.110
  19200.00 0.129     659.924       7.894    1540.000       0.000    0.0002    2.558  267.855    4.717  371.561    1.103
  19260.00 0.127     646.435       7.476    1460.000       0.000    0.0002    2.719  299.995    5.089  371.849    1.168
  19320.00 0.132     658.813       1.224    1460.000       0.000    0.0002    2.978  330.007    5.929  371.465    1.178
  19380.00 0.134     658.616       5.246    1500.000       0.000    0.0002    3.239  354.659    5.439  372.544    1.206
  19440.00 0.142     654.217      11.429    1340.000       0.000    0.0002    3.519  384.656    4.788  375.451    1.215
  19500.00 0.138     669.274       7.221    1380.000       0.000    0.0002    3.767  394.494    5.306  378.433    1.186
  19560.00 0.143     675.959       7.774    1380.000       0.000    0.0002    3.957  444.647    5.468  381.000    1.258
  19620.00 0.141     676.458       5.208    1420.000       0.000    0.0002    4.152  389.672    5.631  384.244    1.252
  19680.00 0.146     680.537       7.517    1460.000       0.000    0.0002    4.377  483.004    6.168  387.920    1.441
  19740.00 0.148     679.539       9.704    1500.000       0.000    0.0002    4.656  533.422    6.799  391.993    1.494
  19800.00 0.150     677.727       8.896    1420.000       0.000    0.0002    4.842  579.132    7.516  395.092    1.533
  19860.00 0.150     679.577       9.236    1500.000       0.000    0.0002    4.912  617.326    7.414  396.268    1.733
  19920.00 0.147     676.490       5.960    1620.000       0.000    0.0002    4.830  570.619    6.473  396.404    1.793
  19980.00 0.150     690.844       8.636    1540.000       0.000    0.0002    4.598  533.916    5.905  396.924    1.512
  20040.00 0.154     685.119      10.715    1460.000       0.000    0.0002    4.413  418.692    5.059  398.662    1.071
  20100.00 0.152     681.578       4.928    1420.000       0.000    0.0002    4.452  324.562    5.310  399.562    1.242
  20160.00 0.153     677.764      10.511    1380.000       0.000    0.0002    4.627  329.828    5.583  399.784    1.215
  20220.00 0.155     683.444      12.543    1460.000       0.000    0.0002    4.865  383.112    4.921  401.799    1.165
  20280.00 0.156     687.582      10.016    1460.000       0.000    0.0002    5.004  457.162    5.111  404.517    1.260
  20340.00 0.157     695.576       5.296    1500.000       0.000    0.0002    5.079  505.921    5.811  406.611    1.207
  20400.00 0.157     695.016      12.305    1500.000       0.000    0.0002    5.143  500.514    6.011  408.436    1.266
  20460.00 0.152     701.479       7.010    1420.000       0.000    0.0002    5.172  432.788    5.226  410.362    1.398
  20520.00 0.157     689.673       7.838    1420.000       0.000    0.0002    5.215  460.674    5.502  412.798    1.289
  20580.00 0.159     691.718       6.503    1540.000       0.000    0.0002    5.400  585.203    5.876  417.025    1.526
  20640.00 0.164     689.762       9.524    1500.000       0.000    0.0002    5.751  792.425    8.184  422.737    1.968
  20700.00 0.163     681.138       7.515    1500.000       0.000    0.0002    6.403 1083.996    7.783  430.212    2.080
  20760.00 0.161     668.801       6.070    1940.000       0.000    0.0002    7.258 1223.247    9.174  440.018    2.111
  20820.00 0.167     676.152       8.455    1940.000       0.000    0.0002    8.073 1329.308    7.748  450.258    2.274
  20880.00 0.170     678.129       9.065    1940.000       0.000    0.0002    8.789 1103.494    7.928  461.087    2.084
  20940.00 0.168     686.241       8.244    1940.000       0.000    0.0002    9.331  947.175    8.417  473.021    2.004
  21000.00 0.166     680.590       1.829    1940.000       0.000    0.0002    9.698  951.940    7.824  484.581    1.978
  21060.00 0.163     690.599       7.784    1940.000       0.000    0.0002   10.043  985.964    8.363  492.592    2.057
  21120.00 0.167     684.949       8.990    1940.000       0.000    0.0002   10.320  890.366    8.396  497.950    1.909
  21180.00 0.166     686.529       7.147    1940.000       0.000    0.0002   10.780  849.434    8.099  505.553    1.906
  21240.00 0.170     699.137       8.777    1940.000       0.000    0.0002   11.377  864.982    6.775  516.065    1.706
  21300.00 0.175     695.035       8.982    1940.000       0.000    0.0002   12.187  875.765    8.794  527.253    1.843
  21360.00 0.179     704.590       7.978    1540.000       0.000    0.0002   13.176 1197.140    8.780  540.996    2.115
  21420.00 0.177     712.287       7.961    1940.000       0.000    0.0002   14.239 1598.140   10.362  559.923    2.681
  21480.00 0.176     711.349       5.480    1940.000       0.000    0.0002   15.292 1993.925   11.639  571.866    2.841
  21540.00 0.174     725.992       6.470    1940.000       0.000    0.0002   16.020 1936.195   10.392  579.262    3.007
  21600.00 0.176     728.556      12.806    1940.000       0.000    0.0002   16.036 1784.177    8.913  587.241    2.795
  21660.00 0.179     742.896       6.475    1940.000       0.000    0.0002   15.282 1618.348    7.576  594.650    1.902
  21720.00 0.176     759.612      10.554    1940.000       0.000    0.0002   14.357 1020.258    6.164  603.508    1.552
  21780.00 0.174     763.933       8.483    1660.000       0.000    0.0002   13.773  851.154    6.047  604.638    1.595
  21840.00 0.171     754.188       8.718    1540.000       0.000    0.0002   13.862  853.172    6.498  599.848    1.624
  21900.00 0.174     756.438      14.951    1580.000       0.000    0.0002   14.642  917.405    7.165  604.868    1.709
  21960.00 0.166     747.021       5.841    1500.000       0.000    0.0002   16.039 1192.969    8.221  623.067    1.859
  22020.00 0.164     742.861      10.999    1940.000       0.000    0.0002   17.639 1506.388   10.500  635.321    2.480
  22080.00 0.157     751.056      10.870    1940.000       0.000    0.0002   18.801 1797.337    9.986  639.742    3.118
  22140.00 0.159     758.679      14.531    1940.000       0.000    0.0002   18.914 1770.136    8.808  645.563    3.109
  22200.00 0.157     764.062       1.333    2020.000       0.000    0.0002   17.751 1660.602    8.155  652.974    2.993
  22260.00 0.157     766.417       6.698    2020.000       0.000    0.0002   15.506 1323.711    7.638  661.382    2.066
  22320.00 0.158     764.235       6.893    1940.000       0.000    0.0002   13.228 1144.496    7.394  670.010    1.902
  22380.00 0.145     760.473      16.047    1940.000       0.000    0.0002   11.966 1511.790    7.754  653.733    2.112
  22440.00 0.142     758.937      13.928    1940.000       0.000    0.0002   11.121 1717.105    7.718  619.826    2.539
  22500.00 0.139     755.255       8.998    1940.000       0.000    0.0002   10.205 1518.723    7.680  603.390    2.360
  22560.00 0.136     754.741      13.846    1980.000       0.000    0.0002    9.057 1400.683    7.548  599.048    2.133
  22620.00 0.135     747.623      10.672    1700.000       0.000    0.0002    7.751 1153.151    6.337  584.020    2.148
  22680.00 0.130     757.453       8.539    1940.000       0.000    0.0002    6.408  874.584    5.648  558.530    1.607
  22740.00 0.130     774.652      12.203    1940.000       0.000    0.0002    4.933  633.811    5.234  540.451    1.258
  22800.00 0.125     775.068       9.237    1700.000       0.000    0.0002    3.729  412.226    6.008  532.489    1.366
  22860.00 0.123     752.191       7.211    1580.000       0.000    0.0002    2.864  354.274    5.375  520.866    1.102
  22920.00 0.119     743.045       6.584    1540.000       0.000    0.0002    2.411  398.162    4.605  504.332    1.099
  22980.00 0.116     742.025       5.359    1620.000       0.000    0.0002    2.391  427.882    4.284  490.498    0.953
  23040.00 0.115     731.338       3.822    1580.000       0.000    0.0002    2.444  410.222    4.027  483.032    1.312
  23100.00 0.125     736.243       2.896    1620.000       0.000    0.0002    2.488  474.223    4.366  478.369    1.541
  23160.00 0.118     738.012      12.133    1620.000       0.000    0.0002    2.417  420.029    4.716  472.067    1.232
  23220.00 0.126     728.958       6.448    1620.000       0.000    0.0002    2.276  489.980    4.504  466.116    1.289
  23280.00 0.125     734.375       5.625    1620.000       0.000    0.0002    2.180  419.679    4.402  464.705    1.240
  23340.00 0.122     724.431       7.864    1620.000       0.000    0.0002    2.152  399.601    4.130  464.228    1.116
  23400.00 0.122     724.449       8.337    1540.000       0.000    0.0002    2.144  360.036    4.636  460.634    1.079
  23460.00 0.115     707.797       7.076    1580.000       0.000    0.0002    2.141  265.266    4.285  457.100    1.029
  23520.00 0.112     707.877       7.133    1580.000       0.000    0.0002    2.234  326.201    5.786  456.251    1.341
  23580.00 0.115     694.809       4.511    1460.000       0.000    0.0002    2.400  382.341    6.077  458.170    1.133
  23640.00 0.117     691.000       3.875    1740.000       0.000    0.0002    2.614  379.572    5.730  460.230    1.197
  23700.00 0.118     680.455       8.613    1580.000       0.000    0.0002    2.900  446.332    6.234  457.834    1.550
  23760.00 0.122     685.868       8.902    1500.000       0.000    0.0002    3.220  512.420    5.714  453.850    1.388
  23820.00 0.122     677.154       4.609    1500.000       0.000    0.0002    3.511  409.617    4.765  454.885    1.227
  23880.00 0.119     685.679       3.992    1540.000       0.000    0.0002    3.788  345.994    5.462  461.083    1.483
  23940.00 0.122     688.514       3.976    1460.000       0.000    0.0002    4.113  439.466    5.280  465.601    1.298
  24000.00 0.128     698.099       9.125    1580.000       0.000    0.0002    4.499  498.762    6.288  466.029    1.527
  24060.00 0.124     701.578      13.649    1500.000       0.000    0.0002    4.909  737.228    7.507  467.785    1.979
  24120.00 0.128     705.779       7.262    1580.000       0.000    0.0002    5.303  918.751    8.469  473.754    2.233
  24180.00 0.126     701.783       7.519    1940.000       0.000    0.0002    5.576 1034.324    8.572  478.569    2.041
  24240.00 0.125     705.370      11.128    1940.000       0.000    0.0002    5.769  954.195    7.325  478.878    1.774
  24300.00 0.131     698.810       9.740    1940.000       0.000    0.0002    5.843  818.088    7.214  480.798    1.882
  24360.00 0.131     708.598       3.626    1940.000       0.000    0.0002    5.826  687.076    6.566  484.693    1.743
  24420.00 0.133     718.015      11.507    1700.000       0.000    0.0002    5.696  615.181    6.532  486.829    1.739
  24480.00 0.130     720.301       2.256    1620.000       0.000    0.0002    5.447  562.912    7.355  487.829    1.607
  24540.00 0.129     725.199      12.676    1500.000       0.000    0.0002    5.356  590.715    7.941  488.852    1.737
  24600.00 0.135     716.216      10.775    1540.000       0.000    0.0002    5.385  533.647    7.995  487.623    1.679
  24660.00 0.135     707.174      17.754    1540.000       0.000    0.0002    5.453  497.289    6.171  486.367    1.491
  24720.00 0.135     714.631       9.333    1540.000       0.000    0.0002    5.504  507.716    6.582  488.455    1.625
  24780.00 0.139     724.675       8.717    1500.000       0.000    0.0002    5.543  601.341    7.987  491.541    1.843
  24840.00 0.138     715.760      14.629    1500.000       0.000    0.0002    5.624  731.864    8.680  493.450    1.993
  24900.00 0.137     722.500       9.964    1620.000       0.000    0.0002    5.473  743.662    7.432  492.246    2.003
  24960.00 0.141     732.028      14.315    1980.000       0.000    0.0002    5.037  856.884    7.684  487.631    1.978
  25020.00 0.137     732.014       3.672    1940.000       0.000    0.0002    4.441  748.131    8.050  482.196    1.765
  25080.00 0.136     734.758       6.607    1620.000       0.000    0.0002    3.600  521.581    6.228  476.596    1.403
  25140.00 0.132     725.213       4.880    1620.000       0.000    0.0002    2.857  299.388    4.514  470.934    1.133
  25200.00 0.127     717.505       6.718    1460.000       0.000    0.0002    2.313  211.085    4.164  465.740    1.114
  25260.00 0.119     707.984       6.584    1460.000       0.000    0.0002    2.046  165.653    2.993  457.956    0.814
  25320.00 0.119     699.264       8.139    1500.000       0.000    0.0002    1.985  176.336    2.958  450.075    0.833
  25380.00 0.117     699.667       3.083    1380.000       0.000    0.0002    2.085  162.970    3.027  447.135    0.993
  25440.00 0.116     697.815      15.882    1580.000       0.000    0.0002    2.258  190.120    3.991  446.763    1.010
  25500.00 0.114     701.631       4.077    1460.000       0.000    0.0002    2.436  234.266    4.085  444.618    1.223
  25560.00 0.107     692.346      10.888    1460.000       0.000    0.0002    2.676  282.619    4.356  443.233    1.239
  25620.00 0.113     710.517       5.862    1460.000       0.000    0.0002    2.915  385.673    5.786  445.997    1.399
  25680.00 0.114     710.707       7.195    1460.000       0.000    0.0002    3.100  486.326    7.215  449.921    1.615
  25740.00 0.119     723.326       9.446    1420.000       0.000    0.0002    3.183  538.714    7.289  451.112    1.705
  25800.00 0.114     721.849      10.968    1420.000       0.000    0.0002    3.193  644.854    7.890  449.248    1.810
  25860.00 0.113     718.402       5.140    1460.000       0.000    0.0002    3.060  655.205    7.155  445.940    1.657
  25920.00 0.109     697.848      11.794    1940.000       0.000    0.0002    2.820  489.320    6.429  444.884    1.561
  25980.00 0.111     688.786       5.342    1340.000       0.000    0.0002    2.639  428.151    4.737  445.794    1.142
  26040.00 0.121     683.919      11.111    1500.000       0.000    0.0002    2.543  311.462    4.010  444.816    1.213
  26100.00 0.125     673.957      13.177    1380.000       0.000    0.0002    2.571  403.243    4.072  442.375    1.265
  26160.00 0.125     682.309       6.223    1460.000       0.000    0.0002    2.573  452.782    4.574  440.562    1.216
  26220.00 0.125     679.571       4.678    1380.000       0.000    0.0002    2.593  371.621    4.444  439.533    1.106
  26280.00 0.126     685.019      10.309    1420.000       0.000    0.0002    2.646  255.185    4.107  439.545    0.963
  26340.00 0.125     680.784      10.588    1380.000       0.000    0.0002    2.797  194.151    4.231  441.924    0.964
  26400.00 0.123     674.422       3.705    1460.000       0.000    0.0002    3.173  237.443    5.321  445.318    1.212
  26460.00 0.121     683.340       9.779    1700.000       0.000    0.0002    3.709  333.164    6.086  448.101    1.280
  26520.00 0.132     703.191       5.492    1420.000       0.000    0.0002    4.380  426.412    6.024  451.940    1.451
  26580.00 0.138     701.982       7.575    1460.000       0.000    0.0002    5.151  533.182    7.017  458.492    1.891
  26640.00 0.139     710.070       8.239    1460.000       0.000    0.0002    5.871  649.405    7.359  468.006    2.169
  26700.00 0.148     717.917       9.653    1460.000       0.000    0.0002    6.381  740.988    7.176  476.317    2.120
  26760.00 0.151     713.677      10.968    1940.000       0.000    0.0002    6.631  644.762    7.354  479.874    1.630
  26820.00 0.154     716.545       6.593    1540.000       0.000    0.0002    6.613  619.484    7.294  482.783    1.571
  26880.00 0.154     722.067      11.797    1460.000       0.000    0.0002    6.627  666.543    7.153  486.548    1.598
  26940.00 0.157     722.430       6.355    1540.000       0.000    0.0002    6.706  636.013    7.614  490.097    1.748
  27000.00 0.154     718.003       4.564    1580.000       0.000    0.0002    6.954  634.029    7.398  495.254    1.629
  27060.00 0.152     716.923      11.891    1540.000       0.000    0.0002    7.323  793.137    8.680  501.487    1.831
  27120.00 0.143     717.376       7.802    1540.000       0.000    0.0002    7.768 1001.665    8.511  508.601    1.900
  27180.00 0.152     719.808       5.962    1500.000       0.000    0.0002    8.228 1195.022    9.353  516.962    2.371
  27240.00 0.149     725.686       8.922    1940.000       0.000    0.0002    8.676 1242.835    9.321  524.575    2.353
  27300.00 0.155     728.472       6.079    1940.000       0.000    0.0002    8.937 1143.084    8.355  528.298    2.364
  27360.00 0.158     723.174       8.690    2020.000       0.000    0.0002    8.963  972.551    7.494  530.700    1.915
  27420.00 0.168     734.833       8.070    1940.000       0.000    0.0002    8.729  771.672    6.855  535.774    1.748
  27480.00 0.167     739.708       8.567    1540.000       0.000    0.0002    8.414  605.289    7.148  540.572    1.629
  27540.00 0.166     750.839      11.222    1580.000       0.000    0.0002    8.126  687.447    7.919  540.400    1.790
  27600.00 0.166     743.172       6.579    1540.000       0.000    0.0002    7.873  618.707    7.034  536.970    1.771
  27660.00 0.161     744.606       3.000    1940.000       0.000    0.0002    7.580  604.881    7.418  533.182    1.718
  27720.00 0.165     745.258      11.581    1620.000       0.000    0.0002    7.234  533.890    7.057  531.362    1.694
  27780.00 0.166     739.941       7.935    1540.000       0.000    0.0002    6.905  546.005    6.940  529.720    1.548
  27840.00 0.163     741.677      14.132    1700.000       0.000    0.0002    6.716  588.726    5.747  525.977    1.382
  27900.00 0.161     744.620       4.863    1700.000       0.000    0.0002    6.590  519.450    6.108  521.914    1.275
  27960.00 0.167     753.177       5.710    1660.000       0.000    0.0002    6.331  445.711    5.639  519.600    1.290
  28020.00 0.169     742.254      11.936    1620.000       0.000    0.0002    6.254  384.243    5.936  518.185    1.495
  28080.00 0.170     746.428       4.964    1620.000       0.000    0.0002    6.135  404.477    5.447  516.244    1.338
  28140.00 0.174     751.220       8.583    1660.000       0.000    0.0002    5.978  372.663    5.325  513.712    1.409
  28200.00 0.174     743.657       8.101    1580.000       0.000    0.0002    5.900  393.695    4.781  511.444    1.332
  28260.00 0.172     744.482      11.972    1620.000       0.000    0.0002    5.881  415.556    4.368  509.318    1.380
  28320.00 0.170     738.052       9.054    1500.000       0.000    0.0002    5.888  460.727    5.198  507.693    1.377
  28380.00 0.170     736.103      10.688    1500.000       0.000    0.0002    5.988  408.946    4.828  507.581    1.330
  28440.00 0.169     731.085       9.465    1500.000       0.000    0.0002    6.185  348.361    5.258  509.179    1.401
  28500.00 0.174     738.202       8.399    1500.000       0.000    0.0002    6.349  495.418    6.016  510.941    1.624
  28560.00 0.171     744.444       5.613    1540.000       0.000    0.0002    6.572  559.698    6.695  511.796    1.460
  28620.00 0.172     743.864       5.540    1420.000       0.000    0.0002    6.843  486.071    7.287  512.618    1.569
  28680.00 0.171     759.829       7.200    1500.000       0.000    0.0002    6.982  518.457    7.087  514.317    1.713
  28740.00 0.172     764.751      11.095    1620.000       0.000    0.0002    6.873  513.305    6.645  515.864    1.537
  28800.00 0.175     755.265       8.050    1620.000       0.000    0.0002    6.497  636.473    5.431  516.193    1.571
