#  time      cc     z_cbase    z_ctop_avg  z_ctop_max      zi         we   <<ql>>  <<ql>>_max   w_max   tke     ql_max
     60.00 0.000       0.000       0.000       0.000       0.000    0.0002    0.000    0.000    0.177  616.604    0.000
    120.00 0.000       0.000       0.000       0.000       0.000    0.0002    0.000    0.000    0.270  417.084    0.000
    180.00 0.000       0.000       0.000       0.000       0.000    0.0002    0.000    0.000    0.323  300.140    0.000
    240.00 0.000       0.000       0.000       0.000       0.000    0.0002    0.000    0.000    0.305  225.803    0.000
    300.00 0.000       0.000       0.000       0.000       0.000    0.0002    0.000    0.000    0.238  176.578    0.000
    360.00 0.000       0.000       0.000       0.000       0.000    0.0002    0.000    0.000    0.291  143.413    0.000
    420.00 0.000       0.000       0.000       0.000       0.000    0.0002    0.000    0.000    0.330  121.145    0.000
    480.00 0.000       0.000       0.000       0.000       0.000    0.0002    0.000    0.000    0.338  105.735    0.000
    540.00 0.000       0.000       0.000       0.000       0.000    0.0002    0.000    0.000    0.342   93.924    0.000
    600.00 0.000       0.000       0.000       0.000       0.000    0.0002    0.000    0.000    0.400   84.653    0.000
    660.00 0.000       0.000       0.000       0.000       0.000    0.0002    0.000    0.000    0.447   78.094    0.000
    720.00 0.000       0.000       0.000       0.000       0.000    0.0002    0.000    0.000    0.470   73.789    0.000
    780.00 0.000       0.000       0.000       0.000       0.000    0.0002    0.000    0.000    0.527   70.985    0.000
    840.00 0.000       0.000       0.000       0.000       0.000    0.0002    0.000    0.000    0.548   69.199    0.000
    900.00 0.000       0.000       0.000       0.000       0.000    0.0002    0.000    0.000    0.639   68.006    0.000
    960.00 0.000       0.000       0.000       0.000       0.000    0.0002    0.000    0.000    0.740   67.413    0.000
   1020.00 0.000       0.000       0.000       0.000       0.000    0.0002    0.000    0.000    0.785   67.885    0.000
   1080.00 0.000       0.000       0.000       0.000       0.000    0.0002    0.000    0.000    0.798   69.455    0.000
   1140.00 0.000       0.000       0.000       0.000       0.000    0.0002    0.000    0.000    0.943   71.752    0.000
   1200.00 0.000     580.000       0.000     580.000       0.000    0.0002    0.000    0.883    1.022   74.733    0.020
   1260.00 0.001     573.333       0.000     580.000       0.000    0.0002    0.001    2.847    1.005   78.573    0.064
   1320.00 0.004     570.588       0.000     580.000       0.000    0.0002    0.009    4.853    1.090   83.395    0.098
   1380.00 0.010     565.714       0.000     580.000       0.000    0.0002    0.026   11.135    1.158   89.406    0.172
   1440.00 0.018     566.849       7.945     660.000       0.000    0.0002    0.060   18.256    1.221   96.733    0.207
   1500.00 0.028     565.614       5.088     660.000       0.000    0.0002    0.128   25.915    1.370  105.265    0.296
   1560.00 0.039     570.000       7.750     660.000       0.000    0.0002    0.236   41.272    1.579  114.953    0.398
   1620.00 0.053     569.908       2.477     660.000       0.000    0.0002    0.406   60.240    1.799  125.853    0.484
   1680.00 0.070     571.049       6.084     700.000       0.000    0.0002    0.640   85.798    2.227  137.893    0.604
   1740.00 0.088     567.521       3.454     740.000       0.000    0.0002    0.987  116.054    2.585  150.925    0.711
   1800.00 0.104     570.164       4.169     820.000       0.000    0.0002    1.436  137.021    2.492  164.769    0.770
   1860.00 0.117     569.917      11.292     860.000       0.000    0.0002    1.986  172.222    3.020  179.146    0.843
   1920.00 0.138     571.788       5.487     780.000       0.000    0.0002    2.642  179.722    3.394  193.693    0.871
   1980.00 0.147     573.765       6.302     900.000       0.000    0.0002    3.373  238.357    3.792  208.096    1.026
   2040.00 0.162     574.985       8.248     900.000       0.000    0.0002    4.158  290.404    4.132  221.944    1.033
   2100.00 0.174     577.079       4.944     980.000       0.000    0.0002    4.967  364.923    4.375  234.696    1.050
   2160.00 0.184     582.812       7.560    1300.000       0.000    0.0002    5.736  418.015    4.152  245.946    1.095
   2220.00 0.195     586.575       9.084    1300.000       0.000    0.0002    6.404  422.016    5.111  255.545    1.494
   2280.00 0.200     592.424      10.012    1300.000       0.000    0.0002    6.970  439.069    5.288  262.991    1.232
   2340.00 0.204     598.369      11.391    1300.000       0.000    0.0002    7.347  470.330    4.536  267.940    1.266
   2400.00 0.204     604.096      12.000    1340.000       0.000    0.0002    7.578  556.711    5.229  270.722    1.306
   2460.00 0.205     607.396       6.231    1300.000       0.000    0.0002    7.643  540.518    5.104  271.119    1.269
   2520.00 0.199     611.804       7.239    1500.000       0.000    0.0002    7.529  572.234    4.269  268.640    1.159
   2580.00 0.197     618.857      10.584    1380.000       0.000    0.0002    7.228  509.561    4.215  264.152    1.109
   2640.00 0.189     622.743       6.856    1420.000       0.000    0.0002    6.840  411.907    4.093  258.532    1.220
   2700.00 0.182     626.693       9.451    1460.000       0.000    0.0002    6.329  370.353    4.132  251.361    1.089
   2760.00 0.178     627.967       9.478    1580.000       0.000    0.0002    5.757  373.425    4.456  243.663    1.130
   2820.00 0.175     626.918      11.269    1500.000       0.000    0.0002    5.140  368.334    4.756  235.860    1.275
   2880.00 0.165     632.939       6.352    1380.000       0.000    0.0002    4.513  304.451    4.369  227.531    1.112
   2940.00 0.154     635.190      15.506    1380.000       0.000    0.0002    3.921  348.245    5.465  219.287    1.199
   3000.00 0.146     641.133      10.400    1460.000       0.000    0.0002    3.399  444.768    5.739  212.086    1.253
   3060.00 0.140     634.843      14.599    1420.000       0.000    0.0002    3.089  523.343    5.191  205.443    1.169
   3120.00 0.126     642.747       5.648    1380.000       0.000    0.0002    2.854  499.879    4.523  198.812    1.413
   3180.00 0.125     646.250      11.758    1340.000       0.000    0.0002    2.652  420.040    4.503  192.857    1.225
   3240.00 0.120     646.423       2.520    1380.000       0.000    0.0002    2.482  386.764    3.941  188.218    1.009
   3300.00 0.114     637.204       1.247    1380.000       0.000    0.0002    2.276  305.142    3.683  184.395    0.974
   3360.00 0.113     651.948       5.628    1500.000       0.000    0.0002    2.123  334.703    3.818  181.411    1.070
   3420.00 0.106     642.304       6.959    1420.000       0.000    0.0002    2.054  360.454    4.228  178.741    1.070
   3480.00 0.106     649.517       2.943    1300.000       0.000    0.0002    2.029  408.567    3.945  175.651    1.067
   3540.00 0.104     651.812       6.494    1340.000       0.000    0.0002    1.983  427.930    4.548  173.050    1.395
   3600.00 0.097     646.834       4.673    1340.000       0.000    0.0002    1.899  467.017    4.759  171.695    1.241
   3660.00 0.098     647.363       4.925    1300.000       0.000    0.0002    1.861  495.569    3.947  171.052    1.100
   3720.00 0.093     632.947       4.474    1380.000       0.000    0.0002    1.810  519.393    4.085  170.622    1.209
   3780.00 0.094     627.065       7.065    1380.000       0.000    0.0002    1.747  469.754    4.392  169.929    1.207
   3840.00 0.093     618.845       4.672    1300.000       0.000    0.0002    1.683  402.624    4.095  168.588    1.094
   3900.00 0.099     623.145       5.848    1300.000       0.000    0.0002    1.564  434.901    3.436  167.173    0.905
   3960.00 0.098     622.494       9.277    1380.000       0.000    0.0002    1.443  432.049    2.658  166.588    0.851
   4020.00 0.097     620.806       4.987    1420.000       0.000    0.0002    1.339  396.604    3.000  166.971    0.949
   4080.00 0.092     609.653       8.693    1460.000       0.000    0.0002    1.257  323.948    2.837  167.608    0.793
   4140.00 0.095     613.711       6.598    1340.000       0.000    0.0002    1.270  238.538    2.911  168.110    0.807
   4200.00 0.100     612.293       9.171    1340.000       0.000    0.0002    1.308  218.697    2.867  168.375    0.801
   4260.00 0.099     608.218       2.871    1300.000       0.000    0.0002    1.412  194.333    2.944  168.754    0.716
   4320.00 0.103     606.761       2.553    1300.000       0.000    0.0002    1.594  191.030    2.718  169.986    0.695
   4380.00 0.107     605.455      11.045    1300.000       0.000    0.0002    1.790  191.079    2.571  172.023    0.735
   4440.00 0.110     603.681       4.390    1300.000       0.000    0.0002    1.998  189.020    2.893  174.191    0.754
   4500.00 0.113     601.385       6.970    1180.000       0.000    0.0002    2.264  182.610    2.842  176.459    0.814
   4560.00 0.115     598.305       4.110     980.000       0.000    0.0002    2.562  223.963    3.391  179.105    0.940
   4620.00 0.121     604.970       6.828    1300.000       0.000    0.0002    2.858  260.818    4.114  181.946    0.958
   4680.00 0.118     610.145       6.667    1300.000       0.000    0.0002    3.124  302.228    4.485  185.043    1.031
   4740.00 0.121     618.471       7.404    1300.000       0.000    0.0002    3.405  328.248    4.229  188.587    1.308
   4800.00 0.123     617.291       2.470    1300.000       0.000    0.0002    3.602  345.173    4.706  192.208    1.226
   4860.00 0.125     619.922       4.825    1340.000       0.000    0.0002    3.707  396.873    4.560  195.486    1.097
   4920.00 0.128     624.030       7.985    1380.000       0.000    0.0002    3.780  471.032    4.172  199.005    1.343
   4980.00 0.128     628.517       3.688    1460.000       0.000    0.0002    3.823  533.173    4.928  202.831    1.314
   5040.00 0.131     628.897       9.009    1460.000       0.000    0.0002    3.835  543.146    4.701  206.246    1.473
   5100.00 0.129     627.864       6.957    1300.000       0.000    0.0002    3.779  590.583    4.811  208.804    1.513
   5160.00 0.131     623.358       3.993    1420.000       0.000    0.0002    3.608  585.015    5.104  210.486    1.895
   5220.00 0.132     622.672       9.944    1420.000       0.000    0.0002    3.474  523.893    5.119  212.319    2.086
   5280.00 0.135     617.532       9.328    1460.000       0.000    0.0002    3.404  433.246    3.842  213.545    1.579
   5340.00 0.130     621.723       6.330    1420.000       0.000    0.0002    3.424  347.369    4.292  214.836    1.168
   5400.00 0.134     616.642       5.365    1340.000       0.000    0.0002    3.606  386.432    4.712  217.279    1.118
   5460.00 0.140     615.951       6.003    1380.000       0.000    0.0002    3.965  484.056    4.316  218.818    0.998
   5520.00 0.143     616.525       4.770    1340.000       0.000    0.0002    4.476  561.841    3.926  220.879    1.073
   5580.00 0.148     618.878       6.733    1380.000       0.000    0.0002    4.989  589.145    4.274  224.918    1.087
   5640.00 0.146     618.995       5.595    1340.000       0.000    0.0002    5.440  603.329    4.471  229.579    1.174
   5700.00 0.146     625.342       9.616    1340.000       0.000    0.0002    5.871  630.999    5.169  234.228    1.369
   5760.00 0.149     627.410       8.885    1420.000       0.000    0.0002    6.309  668.063    5.640  239.147    1.368
   5820.00 0.153     633.355      12.300    1420.000       0.000    0.0002    6.708  716.787    4.798  243.324    1.301
   5880.00 0.154     633.800       6.709    1420.000       0.000    0.0002    6.880  699.179    5.043  246.719    1.394
   5940.00 0.152     638.590       8.462    1540.000       0.000    0.0002    6.937  675.082    5.411  250.132    1.403
   6000.00 0.152     636.090       3.301    1460.000       0.000    0.0002    6.921  727.440    6.308  252.897    1.689
   6060.00 0.153     646.880       8.224    1460.000       0.000    0.0002    6.759  705.275    4.722  253.507    1.293
   6120.00 0.150     644.731       4.502    1460.000       0.000    0.0002    6.450  608.064    4.919  252.743    1.537
   6180.00 0.154     642.857       6.508    1500.000       0.000    0.0002    6.145  644.070    4.814  252.046    1.335
   6240.00 0.153     631.465       9.936    1380.000       0.000    0.0002    5.922  712.938    4.305  251.453    1.316
   6300.00 0.154     634.308       6.582    1420.000       0.000    0.0002    5.766  674.024    4.779  251.186    1.345
   6360.00 0.151     637.282       5.534    1420.000       0.000    0.0002    5.731  651.121    4.723  251.211    1.345
   6420.00 0.151     637.097       7.613    1460.000       0.000    0.0002    5.683  610.503    4.650  250.884    1.405
   6480.00 0.147     635.430      11.291    1460.000       0.000    0.0002    5.572  591.856    4.360  250.465    1.316
   6540.00 0.147     640.000       8.140    1460.000       0.000    0.0002    5.405  565.737    4.896  249.917    1.267
   6600.00 0.142     639.074       7.170    1460.000       0.000    0.0002    5.186  555.143    4.403  249.506    1.110
   6660.00 0.146     645.217       6.254    1340.000       0.000    0.0002    4.946  621.989    4.571  249.239    1.276
   6720.00 0.146     650.268       9.966    1420.000       0.000    0.0002    4.753  670.381    4.617  249.043    1.231
   6780.00 0.144     651.020       6.497    1420.000       0.000    0.0002    4.661  674.472    5.195  249.254    1.189
   6840.00 0.137     649.357      10.821    1460.000       0.000    0.0002    4.661  675.695    6.762  249.683    1.441
   6900.00 0.142     649.777       4.322    1420.000       0.000    0.0002    4.755  834.057    6.218  249.519    1.376
   6960.00 0.138     642.128       7.872    1380.000       0.000    0.0002    4.921  977.800    5.388  249.553    1.501
   7020.00 0.135     638.845      12.238    1420.000       0.000    0.0002    4.988  918.682    5.187  250.383    1.362
   7080.00 0.136     636.978      12.266    1500.000       0.000    0.0002    4.912  814.393    4.925  250.736    1.345
   7140.00 0.136     642.039       3.184    1580.000       0.000    0.0002    4.758  740.377    4.535  250.709    1.141
   7200.00 0.134     635.446      11.293    1460.000       0.000    0.0002    4.666  716.389    4.128  250.918    1.036
   7260.00 0.133     643.223       5.458    1500.000       0.000    0.0002    4.558  637.261    4.422  250.980    1.086
   7320.00 0.131     640.112       2.243    1540.000       0.000    0.0002    4.465  543.722    4.402  250.699    1.261
   7380.00 0.134     648.540       8.723    1540.000       0.000    0.0002    4.395  518.392    4.830  249.951    1.268
   7440.00 0.130     647.640      10.300    1620.000       0.000    0.0002    4.318  482.355    4.788  249.362    1.274
   7500.00 0.127     646.564       8.253    1380.000       0.000    0.0002    4.268  441.028    4.072  248.707    1.137
   7560.00 0.126     651.042       8.533    1420.000       0.000    0.0002    4.245  428.952    4.034  248.205    1.116
   7620.00 0.126     651.025       8.085    1420.000       0.000    0.0002    4.260  460.601    3.852  248.682    1.036
   7680.00 0.130     654.071       3.565    1340.000       0.000    0.0002    4.315  452.722    4.284  249.606    1.144
   7740.00 0.130     648.496       7.782    1380.000       0.000    0.0002    4.389  499.454    4.823  250.839    1.386
   7800.00 0.133     643.297      11.282    1420.000       0.000    0.0002    4.542  492.392    4.887  252.006    1.181
   7860.00 0.136     639.820       8.761    1500.000       0.000    0.0002    4.663  478.949    5.101  253.126    1.313
   7920.00 0.137     641.961       2.353    1500.000       0.000    0.0002    4.742  565.492    5.251  255.373    1.302
   7980.00 0.139     640.949       8.084    1540.000       0.000    0.0002    4.896  630.558    4.924  257.969    1.188
   8040.00 0.133     640.659       8.755    1460.000       0.000    0.0002    5.113  602.125    5.021  259.815    1.344
   8100.00 0.139     651.158       8.000    1380.000       0.000    0.0002    5.314  525.751    4.767  260.993    1.189
   8160.00 0.141     653.206       3.570    1380.000       0.000    0.0002    5.384  454.893    4.119  261.974    1.325
   8220.00 0.132     646.765       6.100    1460.000       0.000    0.0002    5.394  449.791    3.861  263.480    1.127
   8280.00 0.131     646.294       5.885    1420.000       0.000    0.0002    5.316  477.685    4.595  265.338    1.075
   8340.00 0.134     647.614       3.315    1420.000       0.000    0.0002    5.217  460.396    5.207  266.247    1.200
   8400.00 0.135     644.900       5.372    1380.000       0.000    0.0002    5.160  461.384    5.048  266.079    1.203
   8460.00 0.136     652.545       8.423    1420.000       0.000    0.0002    5.033  539.889    4.382  265.580    1.064
   8520.00 0.142     651.050       5.508    1460.000       0.000    0.0002    4.872  569.203    4.734  265.466    1.246
   8580.00 0.140     648.591       4.765    1460.000       0.000    0.0002    4.736  598.277    4.904  265.888    1.231
   8640.00 0.145     638.617       7.555    1460.000       0.000    0.0002    4.608  459.298    4.723  265.860    1.008
   8700.00 0.143     648.874       9.215    1420.000       0.000    0.0002    4.543  454.521    5.507  266.113    1.084
   8760.00 0.142     652.302       9.210    1380.000       0.000    0.0002    4.501  521.592    5.246  266.649    1.282
   8820.00 0.137     647.972       5.658    1380.000       0.000    0.0002    4.584  544.893    5.890  267.065    1.390
   8880.00 0.140     646.993       8.497    1420.000       0.000    0.0002    4.764  504.888    5.098  267.876    1.352
   8940.00 0.137     639.608       6.168    1380.000       0.000    0.0002    4.938  539.786    5.719  269.194    1.410
   9000.00 0.134     646.545       6.618    1420.000       0.000    0.0002    5.023  607.605    5.304  270.396    1.338
   9060.00 0.137     662.278      10.107    1420.000       0.000    0.0002    5.061  579.298    5.746  271.494    1.663
   9120.00 0.135     669.873       8.131    1500.000       0.000    0.0002    5.022  625.368    6.794  273.106    1.543
   9180.00 0.133     663.897       9.853    1420.000       0.000    0.0002    5.096  861.360    7.328  276.288    1.591
   9240.00 0.131     666.355      10.729    1460.000       0.000    0.0002    5.315  936.521    5.827  279.137    1.406
   9300.00 0.132     670.370       3.519    1500.000       0.000    0.0002    5.548  850.374    5.456  281.064    1.270
   9360.00 0.128     667.863       2.366    1540.000       0.000    0.0002    5.846  682.764    5.120  284.367    1.195
   9420.00 0.127     663.385       7.923    1460.000       0.000    0.0002    6.393  659.281    5.538  290.466    1.320
   9480.00 0.127     659.385       6.231    1420.000       0.000    0.0002    6.998  709.029    6.546  298.038    1.647
   9540.00 0.139     660.986       4.120    1460.000       0.000    0.0002    7.639  906.279    8.303  307.455    1.905
   9600.00 0.135     661.157       3.436    1340.000       0.000    0.0002    8.202  992.056    7.336  316.483    2.078
   9660.00 0.132     662.741       3.630    1540.000       0.000    0.0002    8.645  917.641    6.702  320.777    2.011
   9720.00 0.138     669.133       6.053    1540.000       0.000    0.0002    8.663 1036.470    6.237  320.502    1.990
   9780.00 0.140     682.028       5.420    1540.000       0.000    0.0002    8.300  920.323    5.518  319.875    1.735
   9840.00 0.140     682.609      11.026    1540.000       0.000    0.0002    7.521  750.872    5.765  319.799    1.467
   9900.00 0.138     674.064       8.233    1620.000       0.000    0.0002    6.626  861.186    5.831  320.090    1.565
   9960.00 0.134     665.558       8.739    1500.000       0.000    0.0002    5.863  934.956    6.863  319.071    1.681
  10020.00 0.130     658.202       9.738    1500.000       0.000    0.0002    5.461 1022.823    7.296  315.460    2.004
  10080.00 0.130     649.944      12.495    1940.000       0.000    0.0002    5.239  898.719    5.418  310.342    1.989
  10140.00 0.133     649.926       7.978    1580.000       0.000    0.0002    4.962  697.451    5.583  306.624    1.803
  10200.00 0.131     662.756      11.359    1500.000       0.000    0.0002    4.627  687.424    6.577  305.975    1.325
  10260.00 0.131     659.257       7.138    1540.000       0.000    0.0002    4.489  712.471    5.317  304.772    1.252
  10320.00 0.136     658.561       9.353    1580.000       0.000    0.0002    4.527  635.599    5.686  303.091    1.419
  10380.00 0.136     660.645       9.498    1380.000       0.000    0.0002    4.625  646.320    5.331  303.808    1.395
  10440.00 0.140     663.636      10.594    1500.000       0.000    0.0002    4.765  602.597    5.263  303.995    1.407
  10500.00 0.139     666.175       9.263    1500.000       0.000    0.0002    4.993  517.806    5.088  303.409    1.396
  10560.00 0.137     656.092       9.165    1460.000       0.000    0.0002    5.201  440.977    5.040  304.540    1.305
  10620.00 0.138     655.265       8.163    1580.000       0.000    0.0002    5.296  511.372    4.989  306.301    1.188
  10680.00 0.139     660.070      10.650    1460.000       0.000    0.0002    5.382  514.691    4.290  307.170    1.115
  10740.00 0.144     666.701      10.558    1460.000       0.000    0.0002    5.475  602.424    4.531  307.352    1.426
  10800.00 0.144     670.680      11.735    1500.000       0.000    0.0002    5.612  734.237    5.353  308.677    1.683
  10860.00 0.144     667.267       6.553    1460.000       0.000    0.0002    5.804  907.247    6.294  311.681    1.525
  10920.00 0.140     666.003       9.354    1460.000       0.000    0.0002    6.038 1066.182    5.778  314.205    1.753
  10980.00 0.140     674.729      11.204    1540.000       0.000    0.0002    6.022  938.982    5.747  314.312    1.552
  11040.00 0.137     675.401       7.415    1460.000       0.000    0.0002    5.829  719.362    5.250  313.987    1.538
  11100.00 0.139     681.506       6.375    1500.000       0.000    0.0002    5.589  665.515    4.970  314.287    1.354
  11160.00 0.140     678.017      10.261    1460.000       0.000    0.0002    5.503  633.365    4.866  314.453    1.150
  11220.00 0.135     670.975       6.715    1420.000       0.000    0.0002    5.607  619.639    5.417  315.494    1.369
  11280.00 0.130     663.227       9.681    1540.000       0.000    0.0002    5.859  675.864    5.978  316.826    1.595
  11340.00 0.126     661.004       7.876    1420.000       0.000    0.0002    6.265  781.945    7.540  319.269    1.486
  11400.00 0.128     662.524       5.239    1460.000       0.000    0.0002    6.772  909.314    7.654  324.303    1.799
  11460.00 0.127     669.349       9.042    1460.000       0.000    0.0002    7.227  883.817    6.831  329.397    2.003
  11520.00 0.131     678.920       5.773    1540.000       0.000    0.0002    7.579  986.879    6.657  333.724    1.799
  11580.00 0.133     683.413       5.835    1540.000       0.000    0.0002    7.693  915.888    6.529  338.168    1.938
  11640.00 0.134     684.790      12.212    1580.000       0.000    0.0002    7.642  872.446    6.254  342.588    1.738
  11700.00 0.132     680.408       3.302    1940.000       0.000    0.0002    7.519  863.204    6.230  345.326    1.713
  11760.00 0.133     680.073       3.626    1460.000       0.000    0.0002    7.376  882.726    7.606  347.919    2.068
  11820.00 0.140     673.217       4.476    1940.000       0.000    0.0002    7.393 1103.295    9.007  351.279    2.142
  11880.00 0.138     671.186       5.062    1940.000       0.000    0.0002    7.436 1344.015    7.094  352.073    2.036
  11940.00 0.146     667.291      13.813    1940.000       0.000    0.0002    7.228 1218.687    6.278  349.882    2.037
  12000.00 0.145     667.218       4.317    1940.000       0.000    0.0002    6.908  982.632    5.957  350.083    1.554
  12060.00 0.141     661.315      14.913    1580.000       0.000    0.0002    6.585  744.222    5.113  350.712    1.417
  12120.00 0.142     664.185      13.585    1540.000       0.000    0.0002    6.171  637.763    5.030  347.644    1.543
  12180.00 0.146     672.533       8.933    1540.000       0.000    0.0002    5.898  565.831    5.689  342.547    1.597
  12240.00 0.145     675.664      16.773    1460.000       0.000    0.0002    5.664  502.474    5.372  340.820    1.621
  12300.00 0.145     677.950       4.168    1460.000       0.000    0.0002    5.636  442.161    4.969  340.703    1.423
  12360.00 0.143     682.838       9.128    1500.000       0.000    0.0002    5.733  449.264    5.120  338.429    1.268
  12420.00 0.141     675.682       9.119    1460.000       0.000    0.0002    5.851  515.946    5.287  336.459    1.126
  12480.00 0.145     677.441       6.431    1500.000       0.000    0.0002    6.029  573.598    4.971  337.827    1.182
  12540.00 0.141     683.558       6.183    1460.000       0.000    0.0002    6.299  615.326    5.194  340.817    1.158
  12600.00 0.147     691.947       7.488    1460.000       0.000    0.0002    6.583  685.903    5.342  342.939    1.343
  12660.00 0.146     682.067       9.600    1500.000       0.000    0.0002    6.847  648.231    5.166  344.910    1.397
  12720.00 0.157     699.378       7.900    1420.000       0.000    0.0002    7.086  603.178    5.633  347.322    1.596
  12780.00 0.156     693.688       9.094    1460.000       0.000    0.0002    7.375  632.126    6.113  349.968    1.655
  12840.00 0.149     683.595       6.765    1420.000       0.000    0.0002    7.639  546.413    6.258  353.087    1.771
  12900.00 0.149     692.656       5.279    1500.000       0.000    0.0002    7.912  641.151    6.327  357.502    1.336
  12960.00 0.148     693.663       9.208    1500.000       0.000    0.0002    8.198  788.498    6.218  362.967    1.487
  13020.00 0.146     684.400       8.100    1500.000       0.000    0.0002    8.453  900.729    6.293  368.184    1.837
  13080.00 0.147     679.569       9.453    1460.000       0.000    0.0002    8.540  948.596    6.807  371.953    1.975
  13140.00 0.146     677.733       9.367    1540.000       0.000    0.0002    8.363  932.721    6.149  372.484    1.976
  13200.00 0.146     691.667       8.467    1580.000       0.000    0.0002    7.585  770.870    6.009  369.349    1.828
  13260.00 0.147     692.413       8.453    1620.000       0.000    0.0002    6.360  691.170    4.813  366.113    1.447
  13320.00 0.144     684.830      11.190    1500.000       0.000    0.0002    5.153  578.434    4.707  363.569    1.325
  13380.00 0.136     682.581       8.566    1500.000       0.000    0.0002    4.284  502.124    4.396  356.792    1.211
  13440.00 0.137     676.412      18.224    1500.000       0.000    0.0002    3.718  381.835    4.515  346.255    1.216
  13500.00 0.130     663.766       5.838    1420.000       0.000    0.0002    3.439  305.314    5.078  340.201    1.049
  13560.00 0.133     668.147      12.220    1420.000       0.000    0.0002    3.377  332.342    4.925  338.945    1.017
  13620.00 0.128     661.221       7.137    1420.000       0.000    0.0002    3.476  367.492    5.386  338.554    1.053
  13680.00 0.132     651.481      10.111    1380.000       0.000    0.0002    3.769  431.395    5.518  339.053    1.305
  13740.00 0.127     655.249       6.284    1420.000       0.000    0.0002    4.179  574.959    6.853  341.704    1.583
  13800.00 0.130     654.286       6.353    1460.000       0.000    0.0002    4.661  698.586    7.164  344.092    1.571
  13860.00 0.129     660.679       9.623    1540.000       0.000    0.0002    5.112  679.333    6.623  345.153    1.537
  13920.00 0.133     654.286       5.897    1540.000       0.000    0.0002    5.485  709.449    6.110  348.833    1.501
  13980.00 0.137     667.673      10.266    1500.000       0.000    0.0002    5.842  775.712    6.924  355.807    1.641
  14040.00 0.136     658.996       6.344    1540.000       0.000    0.0002    6.232  907.864    6.469  360.926    1.816
  14100.00 0.143     649.538       8.752    1460.000       0.000    0.0002    6.694  914.261    6.647  363.857    1.832
  14160.00 0.148     651.934       2.777    1500.000       0.000    0.0002    7.188 1036.076    8.427  371.961    1.790
  14220.00 0.151     651.599       4.265    1460.000       0.000    0.0002    7.886 1232.902    9.104  386.026    2.382
  14280.00 0.149     653.508      10.426    1660.000       0.000    0.0002    8.322 1405.866    9.065  395.985    2.301
  14340.00 0.149     659.212       6.076    1940.000       0.000    0.0002    8.515 1409.919    9.564  394.207    2.632
  14400.00 0.149     662.029      11.064    1940.000       0.000    0.0002    8.205 1444.915    6.390  389.345    2.509
  14460.00 0.148     670.478       8.435    1940.000       0.000    0.0002    7.536 1127.668    6.772  394.355    1.926
  14520.00 0.150     680.195       6.981    1940.000       0.000    0.0002    7.015  873.198    6.699  405.186    1.501
  14580.00 0.150     672.529      12.268    1620.000       0.000    0.0002    6.879  766.351    6.829  404.704    1.584
  14640.00 0.147     673.156       3.821    1580.000       0.000    0.0002    7.015  672.019    6.276  395.793    1.750
  14700.00 0.146     670.684       5.409    1940.000       0.000    0.0002    7.350  614.435    7.028  395.404    1.373
  14760.00 0.153     677.856       8.480    1580.000       0.000    0.0002    7.790  610.333    6.260  403.261    1.446
  14820.00 0.150     684.144       8.352    1540.000       0.000    0.0002    8.322  803.631    6.868  408.975    1.585
  14880.00 0.151     695.592       5.251    1620.000       0.000    0.0002    8.815 1020.721    6.480  409.668    1.973
  14940.00 0.150     707.675       6.537    1620.000       0.000    0.0002    9.067 1080.425    7.105  410.322    2.032
  15000.00 0.160     709.498       4.962    1940.000       0.000    0.0002    8.823  893.090    6.157  410.819    2.090
  15060.00 0.165     707.170      10.074    1980.000       0.000    0.0002    8.219  737.167    6.203  409.025    1.489
  15120.00 0.159     711.087      10.168    1580.000       0.000    0.0002    7.588  671.826    5.770  408.953    1.781
  15180.00 0.160     710.809       5.954    1580.000       0.000    0.0002    7.167  614.593    6.268  407.225    1.473
  15240.00 0.159     715.238       7.373    1540.000       0.000    0.0002    6.843  663.520    5.987  402.494    1.534
  15300.00 0.152     717.520       4.219    1500.000       0.000    0.0002    6.565  629.452    5.513  398.987    1.251
  15360.00 0.149     712.177       4.943    1500.000       0.000    0.0002    6.337  601.671    5.704  397.965    1.279
  15420.00 0.149     705.452       5.517    1500.000       0.000    0.0002    6.227  685.812    6.873  399.565    1.564
  15480.00 0.151     704.531       9.482    1660.000       0.000    0.0002    6.258  782.016    7.218  401.792    1.694
  15540.00 0.152     704.887       3.826    1580.000       0.000    0.0002    6.360  849.761    6.820  402.492    1.637
  15600.00 0.151     699.481       7.423    1540.000       0.000    0.0002    6.602  790.712    6.216  404.248    1.741
  15660.00 0.147     705.724       4.859    1540.000       0.000    0.0002    6.991  931.068    8.088  409.599    1.884
  15720.00 0.145     702.088       4.242    1940.000       0.000    0.0002    7.280  972.296    8.033  414.761    2.124
  15780.00 0.149     698.366       7.222    1500.000       0.000    0.0002    7.410 1055.175    7.933  418.440    2.304
  15840.00 0.145     687.205       7.677    1940.000       0.000    0.0002    7.398  998.442    6.277  419.248    2.329
  15900.00 0.147     668.319       8.453    1940.000       0.000    0.0002    7.255  853.974    7.635  419.942    1.950
  15960.00 0.145     664.797       6.216    1940.000       0.000    0.0002    7.077  817.687    6.585  426.864    1.645
  16020.00 0.144     653.741      12.925    1580.000       0.000    0.0002    7.248  791.303    6.921  431.903    1.439
  16080.00 0.143     654.140       4.157    1460.000       0.000    0.0002    7.770  918.979    6.561  428.489    1.555
  16140.00 0.152     660.258      11.852    1500.000       0.000    0.0002    8.347  878.217    6.797  430.029    1.802
  16200.00 0.155     672.891       9.573    1460.000       0.000    0.0002    8.763  800.701    8.118  436.816    1.907
  16260.00 0.157     672.961       7.814    1460.000       0.000    0.0002    8.891  895.926    8.159  438.609    1.829
  16320.00 0.162     684.350      10.121    1940.000       0.000    0.0002    9.036  918.178    6.820  438.049    1.839
  16380.00 0.151     688.091       8.997    1940.000       0.000    0.0002    9.031  961.577    7.295  441.290    1.819
  16440.00 0.153     685.901       3.604    1940.000       0.000    0.0002    8.985  813.599    6.481  446.294    2.026
  16500.00 0.154     691.048      12.317    1940.000       0.000    0.0002    8.926  851.548    6.621  447.423    2.010
  16560.00 0.156     699.374       4.851    1580.000       0.000    0.0002    8.713  841.397    6.289  446.625    1.678
  16620.00 0.152     695.040       7.987    1540.000       0.000    0.0002    8.513  788.418    7.737  449.652    1.489
  16680.00 0.149     706.765       9.918    1580.000       0.000    0.0002    8.462  882.994    8.233  454.392    2.032
  16740.00 0.148     704.092       6.931    1540.000       0.000    0.0002    8.588 1072.985    9.082  455.967    2.550
  16800.00 0.146     715.946       3.819    1940.000       0.000    0.0002    8.632 1138.923    8.253  453.970    2.322
  16860.00 0.141     710.815       9.532    1940.000       0.000    0.0002    8.656 1225.875    8.667  453.170    2.625
  16920.00 0.142     706.587       8.130    1940.000       0.000    0.0002    8.635 1025.543    8.842  453.098    2.325
  16980.00 0.143     713.562       4.075    1940.000       0.000    0.0002    8.477 1130.226    8.660  456.963    1.841
  17040.00 0.140     721.082       6.981    1700.000       0.000    0.0002    8.338 1452.334    9.241  466.787    2.183
  17100.00 0.140     710.769       7.413    1940.000       0.000    0.0002    8.414 1404.756    8.128  466.792    2.291
  17160.00 0.141     715.156       7.855    1940.000       0.000    0.0002    8.466 1311.756    8.599  461.715    2.069
  17220.00 0.142     711.184       3.328    1940.000       0.000    0.0002    8.523 1087.419    8.756  465.738    2.296
  17280.00 0.139     692.140       8.596    1940.000       0.000    0.0002    8.503 1321.509    7.252  468.935    1.873
  17340.00 0.138     694.894       6.915    1940.000       0.000    0.0002    8.455 1257.193    7.607  464.389    2.479
  17400.00 0.140     709.930      13.322    1940.000       0.000    0.0002    8.316 1021.783    6.187  461.640    1.896
  17460.00 0.139     704.710       7.206    1940.000       0.000    0.0002    8.232  858.510    5.899  465.772    1.409
  17520.00 0.138     713.546       5.532    1500.000       0.000    0.0002    8.036  573.709    7.126  464.153    1.669
  17580.00 0.142     721.793      11.483    1540.000       0.000    0.0002    7.962  563.100    6.559  455.275    1.835
  17640.00 0.140     726.038       7.714    1540.000       0.000    0.0002    8.124  661.539    6.649  450.171    1.538
  17700.00 0.134     718.400      10.545    1620.000       0.000    0.0002    8.546  668.422    6.713  452.319    1.570
  17760.00 0.137     721.139       7.722    1500.000       0.000    0.0002    8.880  850.467    7.785  455.002    1.756
  17820.00 0.136     721.759      10.341    1540.000       0.000    0.0002    9.157 1011.850    7.442  457.394    1.980
  17880.00 0.131     729.963      12.565    1940.000       0.000    0.0002    9.187 1111.310    8.308  462.059    2.078
  17940.00 0.130     716.435       6.229    1940.000       0.000    0.0002    9.027  924.894    7.160  466.121    2.044
  18000.00 0.137     711.886      10.641    1940.000       0.000    0.0002    8.618 1035.708    7.458  464.449    2.196
  18060.00 0.132     713.704       5.741    1940.000       0.000    0.0002    7.896 1106.090    6.848  461.480    2.435
  18120.00 0.130     729.755       3.879    1940.000       0.000    0.0002    6.839 1257.420    7.696  457.068    1.908
  18180.00 0.125     717.734       9.766    1940.000       0.000    0.0002    5.902 1115.428    8.406  453.298    1.749
  18240.00 0.120     698.041      12.531    1620.000       0.000    0.0002    5.372 1389.057    8.525  451.906    1.894
  18300.00 0.117     692.067       8.476    1940.000       0.000    0.0002    5.059 1299.636    7.087  446.159    1.808
  18360.00 0.111     680.396      12.132    1940.000       0.000    0.0002    5.105 1255.036    8.410  440.536    2.018
  18420.00 0.111     673.833       5.639    1500.000       0.000    0.0002    5.321 1055.592    6.211  440.194    1.669
  18480.00 0.113     677.143      10.823    1540.000       0.000    0.0002    5.654  923.956    7.546  444.208    2.198
  18540.00 0.117     681.123       7.817    1580.000       0.000    0.0002    6.198 1005.990    7.894  449.130    2.084
  18600.00 0.122     679.238       7.295    1940.000       0.000    0.0002    6.578 1025.002    8.108  450.565    2.276
  18660.00 0.115     680.299       1.407    1940.000       0.000    0.0002    6.627 1108.600    7.598  449.301    2.331
  18720.00 0.122     674.859      11.606    1940.000       0.000    0.0002    6.351 1021.174    7.271  446.384    1.934
  18780.00 0.119     670.782       6.626    1940.000       0.000    0.0002    5.812  847.976    6.784  446.396    1.844
  18840.00 0.127     674.566      10.867    1940.000       0.000    0.0002    5.312  909.397    7.234  447.967    1.847
  18900.00 0.128     669.981      10.743    1940.000       0.000    0.0002    5.033  972.978    7.595  444.239    1.848
  18960.00 0.127     671.724       7.203    1940.000       0.000    0.0002    4.859  746.700    6.809  435.649    1.676
  19020.00 0.127     663.692       6.192    1940.000       0.000    0.0002    4.813  783.505    6.831  435.155    1.757
  19080.00 0.126     660.000      10.019    1500.000       0.000    0.0002    4.839  799.937    7.042  438.944    1.850
  19140.00 0.125     671.618      11.891    1940.000       0.000    0.0002    4.876  769.395    7.524  437.133    1.724
  19200.00 0.131     677.621      12.193    1820.000       0.000    0.0002    4.844  708.686    7.414  431.430    1.641
  19260.00 0.126     678.646      14.120    1780.000       0.000    0.0002    4.738  610.438    7.211  428.126    1.533
  19320.00 0.125     689.746      12.016    1620.000       0.000    0.0002    4.631  570.358    6.367  429.025    1.387
  19380.00 0.124     684.047       1.297    1540.000       0.000    0.0002    4.649  633.411    6.209  430.145    1.503
  19440.00 0.125     693.569      11.490    1580.000       0.000    0.0002    4.773  515.450    5.637  429.338    1.535
  19500.00 0.127     700.308      11.385    1580.000       0.000    0.0002    4.955  535.171    6.809  427.969    1.717
  19560.00 0.132     701.328       4.096    1660.000       0.000    0.0002    5.197  525.523    6.994  429.726    1.519
  19620.00 0.126     695.753       6.680    1620.000       0.000    0.0002    5.435  510.086    6.908  433.842    1.596
  19680.00 0.132     691.956       8.561    1540.000       0.000    0.0002    5.771  605.012    6.733  437.174    1.541
  19740.00 0.132     685.287       8.392    1580.000       0.000    0.0002    6.249  675.022    6.893  441.222    1.651
  19800.00 0.141     688.958       8.750    1620.000       0.000    0.0002    6.665  685.992    7.627  445.952    1.808
  19860.00 0.139     680.775       8.134    1660.000       0.000    0.0002    6.856  719.027    6.981  447.711    1.881
  19920.00 0.141     683.750      10.174    1540.000       0.000    0.0002    6.776  785.750    7.338  447.780    1.612
  19980.00 0.138     686.549      10.053    1660.000       0.000    0.0002    6.674  890.277    6.642  449.990    1.519
  20040.00 0.143     700.341       5.768    1540.000       0.000    0.0002    6.407  678.976    6.338  453.959    1.412
  20100.00 0.150     699.675       6.039    1540.000       0.000    0.0002    6.017  490.532    6.908  452.359    1.293
  20160.00 0.150     702.806      10.473    1460.000       0.000    0.0002    5.727  555.487    6.682  448.056    1.532
  20220.00 0.148     690.855      10.197    1540.000       0.000    0.0002    5.580  741.792    7.182  447.772    1.628
  20280.00 0.146     696.382       5.394    1540.000       0.000    0.0002    5.653  833.395    8.031  449.476    2.057
  20340.00 0.142     689.022       3.671    1420.000       0.000    0.0002    5.604  742.155    7.401  448.575    1.777
  20400.00 0.145     686.374       9.578    1580.000       0.000    0.0002    5.411  837.509    7.198  445.765    1.840
  20460.00 0.142     695.945       8.694    1580.000       0.000    0.0002    5.148  729.299    6.969  442.873    1.663
  20520.00 0.141     686.114       5.769    1940.000       0.000    0.0002    4.901  540.514    5.030  440.284    1.371
  20580.00 0.136     691.039      14.659    1540.000       0.000    0.0002    4.806  408.500    5.488  439.288    1.506
  20640.00 0.138     697.947       6.796    1500.000       0.000    0.0002    4.907  509.466    6.034  437.373    1.480
  20700.00 0.137     693.357       6.321    1540.000       0.000    0.0002    5.156  554.047    6.428  434.974    1.590
  20760.00 0.137     704.050       3.517    1620.000       0.000    0.0002    5.396  589.604    6.185  434.917    1.459
  20820.00 0.141     699.931      10.382    1620.000       0.000    0.0002    5.435  639.763    5.795  435.967    1.627
  20880.00 0.150     710.310       8.744    1540.000       0.000    0.0002    5.249  643.134    6.468  434.231    1.726
  20940.00 0.142     711.595      11.046    1500.000       0.000    0.0002    4.769  538.253    6.202  429.496    1.487
  21000.00 0.147     712.226       7.276    1500.000       0.000    0.0002    4.225  498.953    6.371  424.841    1.465
  21060.00 0.142     710.052       1.274    1540.000       0.000    0.0002    3.655  480.440    4.925  421.301    1.314
  21120.00 0.142     707.573       5.164    1660.000       0.000    0.0002    3.245  415.910    4.551  416.542    1.338
  21180.00 0.130     695.047       5.666    1500.000       0.000    0.0002    3.058  337.133    5.220  412.312    1.238
  21240.00 0.124     683.026       3.890    1500.000       0.000    0.0002    3.232  430.697    5.700  411.982    1.519
  21300.00 0.118     669.008       4.008    1500.000       0.000    0.0002    3.696  528.121    6.140  414.412    1.572
  21360.00 0.116     681.305       7.368    1420.000       0.000    0.0002    4.278  607.235    6.775  416.144    1.574
  21420.00 0.112     681.739       1.435    1500.000       0.000    0.0002    4.978  702.346    7.230  419.639    1.726
  21480.00 0.118     688.737      12.961    1460.000       0.000    0.0002    5.603  889.630    7.762  426.141    1.857
  21540.00 0.127     700.154       5.654    1500.000       0.000    0.0002    6.003 1069.669    7.942  431.238    1.888
  21600.00 0.128     705.813       5.430    1940.000       0.000    0.0002    6.067 1123.182    7.125  432.521    1.904
  21660.00 0.129     703.333       4.773    1940.000       0.000    0.0002    5.878  913.086    7.301  433.163    1.860
  21720.00 0.131     713.433       5.075    1620.000       0.000    0.0002    5.625  716.874    6.777  435.915    1.476
  21780.00 0.132     711.037       8.222    1540.000       0.000    0.0002    5.302  901.905    8.334  436.622    2.096
  21840.00 0.132     695.556       4.667    1940.000       0.000    0.0002    5.110 1013.145    6.575  433.244    1.965
  21900.00 0.131     686.468       3.643    1580.000       0.000    0.0002    4.989  804.329    5.636  431.179    1.924
  21960.00 0.125     689.396       5.614    1940.000       0.000    0.0002    4.796  540.017    6.076  431.627    1.567
  22020.00 0.127     682.462      10.615    1580.000       0.000    0.0002    4.540  532.258    5.336  432.461    1.248
  22080.00 0.137     686.143      16.393    1620.000       0.000    0.0002    4.480  498.107    5.462  432.823    1.279
  22140.00 0.139     678.667       6.070    1500.000       0.000    0.0002    4.647  497.314    6.073  430.789    1.350
  22200.00 0.144     688.639       3.435    1540.000       0.000    0.0002    4.894  558.573    6.672  430.428    1.364
  22260.00 0.145     692.648       6.476    1500.000       0.000    0.0002    5.081  684.813    7.235  433.081    1.541
  22320.00 0.151     690.939       9.515    1580.000       0.000    0.0002    5.158  754.691    6.850  434.853    1.616
  22380.00 0.148     687.504       6.479    1420.000       0.000    0.0002    5.114  735.060    7.054  435.775    1.649
  22440.00 0.149     689.228      12.118    1580.000       0.000    0.0002    5.005  666.318    5.320  436.625    1.426
  22500.00 0.145     690.909      13.401    1540.000       0.000    0.0002    4.906  552.234    5.618  437.562    1.486
  22560.00 0.146     692.563       9.447    1580.000       0.000    0.0002    4.845  549.059    6.939  437.963    1.801
  22620.00 0.150     696.482       9.414    1660.000       0.000    0.0002    4.984  562.573    6.221  437.710    1.520
  22680.00 0.146     700.600       8.933    1700.000       0.000    0.0002    5.171  639.478    6.369  439.035    1.521
  22740.00 0.153     698.147       5.399    1700.000       0.000    0.0002    5.327  644.598    5.748  442.215    1.610
  22800.00 0.154     698.601       8.235    1580.000       0.000    0.0002    5.430  551.511    5.797  443.869    1.705
  22860.00 0.154     701.838      10.491    1500.000       0.000    0.0002    5.489  580.879    6.658  443.656    1.467
  22920.00 0.150     707.765       9.788    1500.000       0.000    0.0002    5.612  540.289    6.246  444.709    1.551
  22980.00 0.148     701.785      10.744    1460.000       0.000    0.0002    5.802  577.860    6.179  447.477    1.540
  23040.00 0.145     711.227      14.487    1500.000       0.000    0.0002    5.957  555.968    5.980  450.074    1.376
  23100.00 0.148     703.822       8.105    1420.000       0.000    0.0002    6.207  451.585    6.576  454.708    1.434
  23160.00 0.151     708.285       6.472    1500.000       0.000    0.0002    6.540  472.834    6.939  461.481    1.685
  23220.00 0.146     703.339       5.676    1500.000       0.000    0.0002    7.014  491.288    6.754  468.488    1.635
  23280.00 0.152     704.251       7.214    1580.000       0.000    0.0002    7.481  677.571    7.663  474.537    1.785
  23340.00 0.157     712.919       5.000    1500.000       0.000    0.0002    7.796  995.407    8.327  479.021    1.955
  23400.00 0.162     724.857       8.115    1580.000       0.000    0.0002    7.931 1008.898    7.655  480.903    2.254
  23460.00 0.158     719.814      12.167    1940.000       0.000    0.0002    7.846 1003.739    6.956  480.401    2.025
  23520.00 0.155     706.352       6.447    1940.000       0.000    0.0002    7.567  964.988    8.162  483.298    1.901
  23580.00 0.158     708.717      11.747    1940.000       0.000    0.0002    7.146 1071.114    9.368  490.611    2.242
  23640.00 0.160     704.140       8.402    1940.000       0.000    0.0002    6.877 1075.414    8.572  493.191    2.320
  23700.00 0.152     702.637       8.328    1940.000       0.000    0.0002    6.725  902.872    7.344  485.491    2.138
  23760.00 0.151     707.355      10.097    1940.000       0.000    0.0002    6.518  742.558    6.159  482.138    1.922
  23820.00 0.157     704.845       8.230    1940.000       0.000    0.0002    6.338  501.601    6.078  486.052    1.362
  23880.00 0.157     707.040      13.302    1700.000       0.000    0.0002    6.101  434.584    6.247  485.523    1.379
  23940.00 0.160     709.527       7.939    1740.000       0.000    0.0002    6.049  408.733    5.899  480.401    1.447
  24000.00 0.162     712.752       3.850    1460.000       0.000    0.0002    6.119  483.926    6.402  476.836    1.391
  24060.00 0.163     714.715      18.018    1460.000       0.000    0.0002    6.251  559.224    7.018  476.929    1.644
  24120.00 0.164     723.690      10.714    1620.000       0.000    0.0002    6.375  627.317    6.841  478.457    1.833
  24180.00 0.163     731.617       7.485    1660.000       0.000    0.0002    6.391  574.268    5.425  477.315    1.420
  24240.00 0.169     730.333       7.902    1620.000       0.000    0.0002    6.338  502.935    5.398  473.934    1.511
  24300.00 0.165     732.544      10.089    1580.000       0.000    0.0002    6.105  379.230    5.034  469.824    1.265
  24360.00 0.168     736.000      10.116    1540.000       0.000    0.0002    5.697  300.718    4.674  467.648    1.082
  24420.00 0.160     735.495      12.907    1540.000       0.000    0.0002    5.282  324.102    4.732  466.167    1.223
  24480.00 0.154     739.365       9.079    1460.000       0.000    0.0002    4.957  315.799    5.318  461.719    1.325
  24540.00 0.156     723.775      12.824    1460.000       0.000    0.0002    4.787  350.481    5.051  456.588    1.235
  24600.00 0.150     728.124       7.732    1580.000       0.000    0.0002    4.537  368.658    5.858  454.967    1.371
  24660.00 0.147     717.483       8.278    1540.000       0.000    0.0002    4.340  379.504    5.812  453.820    1.298
  24720.00 0.147     724.570       8.609    1620.000       0.000    0.0002    4.108  429.873    5.794  449.836    1.479
  24780.00 0.145     726.149       9.155    1540.000       0.000    0.0002    3.901  413.141    4.823  446.309    1.241
  24840.00 0.135     713.648       4.574    1540.000       0.000    0.0002    3.718  373.613    5.565  445.474    1.321
  24900.00 0.128     712.167       4.829    1540.000       0.000    0.0002    3.585  365.779    5.546  444.671    1.314
  24960.00 0.135     716.697       7.260    1460.000       0.000    0.0002    3.495  311.491    6.114  441.884    1.240
  25020.00 0.132     715.157      10.943    1420.000       0.000    0.0002    3.504  390.675    5.139  440.541    1.142
  25080.00 0.133     710.183       3.260    1500.000       0.000    0.0002    3.670  366.745    5.978  441.226    1.386
  25140.00 0.132     704.502       6.089    1580.000       0.000    0.0002    3.940  443.357    5.440  440.515    1.464
  25200.00 0.135     708.303       9.928    1420.000       0.000    0.0002    4.035  410.136    5.393  437.837    1.399
  25260.00 0.143     715.137       5.205    1580.000       0.000    0.0002    3.978  426.346    5.642  436.923    1.407
  25320.00 0.147     723.483       4.643    1500.000       0.000    0.0002    3.820  476.421    6.435  437.583    1.444
  25380.00 0.147     726.844       9.668    1540.000       0.000    0.0002    3.631  515.612    5.486  435.390    1.483
  25440.00 0.148     712.607      15.413    1540.000       0.000    0.0002    3.431  486.240    5.605  432.496    1.585
  25500.00 0.139     701.406      12.408    1540.000       0.000    0.0002    3.277  333.188    4.918  432.137    1.095
  25560.00 0.148     703.487      10.757    1500.000       0.000    0.0002    3.272  275.082    5.630  431.743    1.132
  25620.00 0.145     691.973       4.452    1500.000       0.000    0.0002    3.482  386.017    5.313  430.234    1.295
  25680.00 0.141     693.819       8.438    1580.000       0.000    0.0002    3.833  439.054    6.150  429.915    1.262
  25740.00 0.148     700.726       3.597    1540.000       0.000    0.0002    4.216  383.766    5.588  430.936    1.188
  25800.00 0.146     700.600       5.833    1660.000       0.000    0.0002    4.468  391.920    4.867  431.614    1.209
  25860.00 0.159     707.926       8.449    1460.000       0.000    0.0002    4.616  405.690    4.794  432.651    1.134
  25920.00 0.152     708.397       3.494    1460.000       0.000    0.0002    4.627  423.434    5.182  433.943    1.120
  25980.00 0.151     714.968       6.645    1500.000       0.000    0.0002    4.484  439.345    4.865  433.983    1.289
  26040.00 0.153     713.994       5.208    1380.000       0.000    0.0002    4.304  388.133    5.755  432.579    1.360
  26100.00 0.152     728.397      12.308    1500.000       0.000    0.0002    4.052  424.373    5.430  430.780    1.494
  26160.00 0.145     724.403      10.319    1580.000       0.000    0.0002    3.819  407.033    4.913  429.771    1.568
  26220.00 0.148     720.792      13.696    1540.000       0.000    0.0002    3.748  369.716    5.828  429.739    1.378
  26280.00 0.149     719.378       9.656    1460.000       0.000    0.0002    3.808  412.785    6.566  430.832    1.331
  26340.00 0.136     721.181       8.372    1460.000       0.000    0.0002    4.086  431.016    6.132  432.517    1.333
  26400.00 0.138     715.901       6.466    1380.000       0.000    0.0002    4.436  472.041    6.260  434.685    1.526
  26460.00 0.137     721.319       7.736    1460.000       0.000    0.0002    4.798  543.285    6.159  437.868    1.658
  26520.00 0.137     714.357       6.821    1580.000       0.000    0.0002    5.053  594.299    7.858  441.170    1.725
  26580.00 0.141     720.035      10.260    1620.000       0.000    0.0002    5.166  693.012    8.310  444.478    1.870
  26640.00 0.142     720.414       9.586    1540.000       0.000    0.0002    5.130  725.248    8.427  446.961    1.798
  26700.00 0.140     720.488       3.937    1620.000       0.000    0.0002    5.040  812.355    8.319  446.903    1.886
  26760.00 0.137     722.451      12.291    1700.000       0.000    0.0002    4.845  903.993    7.858  447.198    1.929
  26820.00 0.143     728.688       9.813    1660.000       0.000    0.0002    4.635  843.695    7.841  447.816    1.792
  26880.00 0.147     722.053      10.861    1940.000       0.000    0.0002    4.492  840.063    6.418  445.576    1.848
  26940.00 0.150     715.974       6.558    1580.000       0.000    0.0002    4.492  826.524    6.155  444.140    1.409
  27000.00 0.144     722.441      10.576    1500.000       0.000    0.0002    4.514  824.658    6.062  446.723    1.433
  27060.00 0.143     720.923       8.239    1460.000       0.000    0.0002    4.590  730.048    5.976  447.391    1.582
  27120.00 0.144     726.734       6.734    1500.000       0.000    0.0002    4.514  840.249    5.611  445.987    1.674
  27180.00 0.138     728.834       9.011    1540.000       0.000    0.0002    4.371  836.179    5.006  444.729    1.693
  27240.00 0.143     726.576      10.869    1660.000       0.000    0.0002    4.287  606.276    4.938  442.773    2.076
  27300.00 0.141     725.442      11.334    1580.000       0.000    0.0002    4.203  502.077    4.654  440.896    1.396
  27360.00 0.138     716.961       7.703    1620.000       0.000    0.0002    4.152  380.901    4.874  441.563    1.290
  27420.00 0.139     721.479      10.528    1500.000       0.000    0.0002    4.220  312.181    4.971  444.421    1.244
  27480.00 0.147     716.119       6.633    1460.000       0.000    0.0002    4.443  355.153    4.935  446.332    1.185
  27540.00 0.153     719.936       5.064    1460.000       0.000    0.0002    4.763  365.667    6.078  446.677    1.180
  27600.00 0.157     729.176       3.826    1540.000       0.000    0.0002    5.104  416.426    5.829  446.980    1.288
  27660.00 0.161     723.187       9.287    1540.000       0.000    0.0002    5.321  410.830    4.498  447.718    1.091
  27720.00 0.163     728.802       5.299    1580.000       0.000    0.0002    5.501  351.451    4.890  449.517    1.345
  27780.00 0.170     737.241       6.494    1540.000       0.000    0.0002    5.770  353.109    4.926  452.716    1.339
  27840.00 0.175     740.279       3.900    1540.000       0.000    0.0002    6.174  363.404    5.092  456.766    1.459
  27900.00 0.179     743.552       8.607    1500.000       0.000    0.0002    6.672  429.264    5.713  461.687    1.515
  27960.00 0.180     745.792       3.518    1460.000       0.000    0.0002    7.228  456.537    5.806  467.904    1.462
  28020.00 0.178     764.569      13.187    1580.000       0.000    0.0002    7.806  591.416    6.313  474.213    1.617
  28080.00 0.179     752.082       7.565    1620.000       0.000    0.0002    8.318  612.925    6.657  479.708    1.626
  28140.00 0.181     766.739       4.771    1540.000       0.000    0.0002    8.620  610.914    6.440  484.005    1.642
  28200.00 0.182     768.901       8.338    1620.000       0.000    0.0002    8.722  509.171    6.734  487.040    1.708
  28260.00 0.183     766.827       7.893    1780.000       0.000    0.0002    8.673  580.540    6.235  490.393    1.569
  28320.00 0.188     772.562       3.693    1580.000       0.000    0.0002    8.436  739.430    7.013  495.147    1.735
  28380.00 0.188     762.228      10.415    1580.000       0.000    0.0002    8.029  781.239    7.364  497.027    1.820
  28440.00 0.193     762.278       8.709    1940.000       0.000    0.0002    7.573  824.801    7.339  494.771    2.162
  28500.00 0.194     762.317      10.403    1940.000       0.000    0.0002    7.034  650.142    6.344  491.293    1.977
  28560.00 0.181     761.402       8.868    1780.000       0.000    0.0002    6.435  624.694    6.847  489.855    1.640
  28620.00 0.175     750.182      10.322    1500.000       0.000    0.0002    5.965  733.822    7.134  488.700    1.628
  28680.00 0.171     747.496       6.724    1580.000       0.000    0.0002    5.646  600.639    7.567  483.857    1.736
  28740.00 0.166     740.882      11.235    1580.000       0.000    0.0002    5.443  479.602    7.554  478.323    1.506
  28800.00 0.164     749.061      11.833    1620.000       0.000    0.0002    5.162  478.488    6.426  474.930    1.609
