#  time      cc     z_cbase    z_ctop_avg  z_ctop_max      zi         we   <<ql>>  <<ql>>_max   w_max   tke     ql_max
     60.00 0.000       0.000       0.000       0.000       0.000    0.0002    0.000    0.000    0.185  616.616    0.000
    120.00 0.000       0.000       0.000       0.000       0.000    0.0002    0.000    0.000    0.319  417.098    0.000
    180.00 0.000       0.000       0.000       0.000       0.000    0.0002    0.000    0.000    0.320  300.151    0.000
    240.00 0.000       0.000       0.000       0.000       0.000    0.0002    0.000    0.000    0.311  225.811    0.000
    300.00 0.000       0.000       0.000       0.000       0.000    0.0002    0.000    0.000    0.296  176.579    0.000
    360.00 0.000       0.000       0.000       0.000       0.000    0.0002    0.000    0.000    0.293  143.414    0.000
    420.00 0.000       0.000       0.000       0.000       0.000    0.0002    0.000    0.000    0.312  121.161    0.000
    480.00 0.000       0.000       0.000       0.000       0.000    0.0002    0.000    0.000    0.316  105.756    0.000
    540.00 0.000       0.000       0.000       0.000       0.000    0.0002    0.000    0.000    0.360   93.928    0.000
    600.00 0.000       0.000       0.000       0.000       0.000    0.0002    0.000    0.000    0.396   84.645    0.000
    660.00 0.000       0.000       0.000       0.000       0.000    0.0002    0.000    0.000    0.395   78.090    0.000
    720.00 0.000       0.000       0.000       0.000       0.000    0.0002    0.000    0.000    0.425   73.795    0.000
    780.00 0.000       0.000       0.000       0.000       0.000    0.0002    0.000    0.000    0.482   71.002    0.000
    840.00 0.000       0.000       0.000       0.000       0.000    0.0002    0.000    0.000    0.527   69.218    0.000
    900.00 0.000       0.000       0.000       0.000       0.000    0.0002    0.000    0.000    0.612   68.007    0.000
    960.00 0.000       0.000       0.000       0.000       0.000    0.0002    0.000    0.000    0.703   67.395    0.000
   1020.00 0.000       0.000       0.000       0.000       0.000    0.0002    0.000    0.000    0.747   67.873    0.000
   1080.00 0.000       0.000       0.000       0.000       0.000    0.0002    0.000    0.000    0.773   69.463    0.000
   1140.00 0.000       0.000       0.000       0.000       0.000    0.0002    0.000    0.000    0.825   71.757    0.000
   1200.00 0.000       0.000       0.000       0.000       0.000    0.0002    0.000    0.000    0.901   74.706    0.000
   1260.00 0.000     580.000       0.000     580.000       0.000    0.0002    0.000    0.243    0.958   78.513    0.005
   1320.00 0.004     562.500       0.000     580.000       0.000    0.0002    0.003    2.191    0.965   83.291    0.049
   1380.00 0.009     563.158      15.263     580.000       0.000    0.0002    0.015    7.269    1.114   89.223    0.110
   1440.00 0.016     569.375      18.125     660.000       0.000    0.0002    0.041    9.220    1.194   96.439    0.160
   1500.00 0.026     565.905      11.810     660.000       0.000    0.0002    0.092   17.405    1.238  104.819    0.227
   1560.00 0.034     570.638       8.511     660.000       0.000    0.0002    0.174   28.972    1.396  114.275    0.309
   1620.00 0.052     569.533       5.234     660.000       0.000    0.0002    0.306   45.454    1.549  124.857    0.366
   1680.00 0.065     569.132       4.981     660.000       0.000    0.0002    0.511   72.899    2.136  136.503    0.567
   1740.00 0.087     567.606       5.014     660.000       0.000    0.0002    0.822  117.400    2.669  149.082    0.773
   1800.00 0.103     567.139       9.314     740.000       0.000    0.0002    1.234  163.144    3.198  162.428    0.861
   1860.00 0.123     567.968       9.562     780.000       0.000    0.0002    1.764  196.591    3.109  176.288    0.920
   1920.00 0.138     570.088       7.327     780.000       0.000    0.0002    2.390  255.181    3.791  190.295    1.004
   1980.00 0.153     571.821       8.275     900.000       0.000    0.0002    3.109  283.701    3.767  204.102    1.043
   2040.00 0.170     572.460       5.784    1300.000       0.000    0.0002    3.892  352.994    4.617  217.346    1.187
   2100.00 0.180     577.131       6.766     900.000       0.000    0.0002    4.680  425.000    4.985  229.433    1.169
   2160.00 0.189     579.276       4.651    1300.000       0.000    0.0002    5.459  473.176    4.613  240.052    1.390
   2220.00 0.194     583.632       8.298    1300.000       0.000    0.0002    6.190  520.251    5.032  249.108    1.412
   2280.00 0.199     590.588       5.662    1300.000       0.000    0.0002    6.813  517.743    5.304  256.092    1.363
   2340.00 0.199     598.480       7.132    1340.000       0.000    0.0002    7.327  550.765    4.879  261.042    1.394
   2400.00 0.204     603.453      11.894    1380.000       0.000    0.0002    7.757  558.111    4.718  263.798    1.280
   2460.00 0.199     606.732       6.830    1300.000       0.000    0.0002    7.911  552.539    4.173  263.935    1.188
   2520.00 0.194     607.723       8.830    1340.000       0.000    0.0002    7.790  495.096    3.978  261.939    1.178
   2580.00 0.189     616.026       9.316    1420.000       0.000    0.0002    7.532  443.312    4.899  258.666    1.217
   2640.00 0.184     618.568       4.934    1420.000       0.000    0.0002    7.134  429.934    4.844  253.922    1.104
   2700.00 0.175     628.145       6.444    1420.000       0.000    0.0002    6.540  438.319    4.518  247.680    1.193
   2760.00 0.175     633.427      10.517    1380.000       0.000    0.0002    5.854  471.606    4.715  240.753    1.394
   2820.00 0.166     635.859       6.667    1340.000       0.000    0.0002    5.195  486.022    4.590  233.369    1.199
   2880.00 0.161     633.697       8.667    1340.000       0.000    0.0002    4.489  467.841    3.864  225.293    1.029
   2940.00 0.146     635.168      12.450    1380.000       0.000    0.0002    3.804  412.172    3.667  216.719    0.989
   3000.00 0.139     646.761       8.768    1460.000       0.000    0.0002    3.194  315.343    3.775  208.777    0.958
   3060.00 0.137     637.643      11.393    1300.000       0.000    0.0002    2.671  263.094    3.389  201.961    0.911
   3120.00 0.132     637.227       1.442    1460.000       0.000    0.0002    2.216  228.805    3.453  195.972    1.031
   3180.00 0.122     632.640      11.000    1380.000       0.000    0.0002    1.940  232.533    3.513  190.873    0.997
   3240.00 0.120     629.006       5.030    1380.000       0.000    0.0002    1.755  223.811    2.872  186.360    0.906
   3300.00 0.118     622.899       4.431    1300.000       0.000    0.0002    1.613  201.589    2.567  181.919    0.686
   3360.00 0.116     633.474       5.305    1300.000       0.000    0.0002    1.484  184.799    2.374  177.510    0.651
   3420.00 0.112     637.555      13.886    1180.000       0.000    0.0002    1.413  183.078    2.588  173.979    0.766
   3480.00 0.113     635.032       8.898    1180.000       0.000    0.0002    1.374  191.658    2.893  171.673    0.867
   3540.00 0.110     627.289       7.689    1300.000       0.000    0.0002    1.397  204.128    3.130  170.020    0.821
   3600.00 0.104     625.140       7.150    1300.000       0.000    0.0002    1.449  207.290    2.928  168.500    0.887
   3660.00 0.108     620.363      12.063    1340.000       0.000    0.0002    1.532  213.675    2.790  167.210    0.745
   3720.00 0.110     622.389       3.097    1300.000       0.000    0.0002    1.664  217.193    2.947  166.473    0.776
   3780.00 0.105     615.058       4.429    1300.000       0.000    0.0002    1.843  229.646    2.944  166.516    0.947
   3840.00 0.109     615.714       7.545    1300.000       0.000    0.0002    2.026  284.632    3.340  167.349    1.091
   3900.00 0.108     614.492       4.740    1300.000       0.000    0.0002    2.207  340.202    3.468  168.595    1.023
   3960.00 0.108     615.737       5.624    1300.000       0.000    0.0002    2.378  402.845    3.784  169.882    1.033
   4020.00 0.110     618.496       8.363    1420.000       0.000    0.0002    2.524  420.479    3.905  171.288    1.109
   4080.00 0.113     618.707       9.397    1340.000       0.000    0.0002    2.647  493.239    4.664  172.884    1.102
   4140.00 0.117     615.900       1.381    1300.000       0.000    0.0002    2.789  516.950    4.403  174.670    1.077
   4200.00 0.117     614.012       5.738    1420.000       0.000    0.0002    2.924  456.360    3.855  176.657    0.931
   4260.00 0.112     615.459       8.384    1300.000       0.000    0.0002    3.028  350.716    3.959  178.585    1.023
   4320.00 0.114     612.377       9.251    1380.000       0.000    0.0002    3.110  323.763    3.709  180.367    0.940
   4380.00 0.114     616.824       2.833    1340.000       0.000    0.0002    3.202  372.906    3.882  182.052    0.983
   4440.00 0.113     618.265       7.939    1300.000       0.000    0.0002    3.255  398.574    4.145  183.782    0.988
   4500.00 0.115     617.378       6.469    1380.000       0.000    0.0002    3.289  431.431    3.748  185.780    0.999
   4560.00 0.115     614.310       8.960    1300.000       0.000    0.0002    3.345  442.207    3.620  188.025    1.013
   4620.00 0.116     620.756       8.109    1300.000       0.000    0.0002    3.362  400.824    3.629  189.881    1.020
   4680.00 0.120     618.943       6.545    1340.000       0.000    0.0002    3.371  371.399    3.335  191.421    0.984
   4740.00 0.123     619.284       8.111    1380.000       0.000    0.0002    3.395  395.839    3.422  193.151    0.956
   4800.00 0.122     619.598       8.594    1420.000       0.000    0.0002    3.486  378.016    4.010  194.934    1.010
   4860.00 0.124     618.738       3.905    1300.000       0.000    0.0002    3.608  341.569    4.288  196.792    0.968
   4920.00 0.124     614.862       7.273    1340.000       0.000    0.0002    3.733  388.989    3.819  198.994    1.030
   4980.00 0.128     615.733       9.219    1340.000       0.000    0.0002    3.842  410.293    3.476  201.431    0.974
   5040.00 0.132     616.370       9.296    1340.000       0.000    0.0002    4.000  378.522    4.019  203.707    1.063
   5100.00 0.133     620.368       7.353    1340.000       0.000    0.0002    4.089  332.370    3.851  205.714    1.151
   5160.00 0.136     617.853       3.685    1300.000       0.000    0.0002    4.091  327.325    3.902  207.236    1.091
   5220.00 0.144     615.374       6.667    1340.000       0.000    0.0002    4.040  318.382    3.684  208.513    0.944
   5280.00 0.143     619.591       7.666    1420.000       0.000    0.0002    3.975  361.316    3.699  210.012    0.939
   5340.00 0.149     627.005       7.889    1420.000       0.000    0.0002    3.910  420.132    3.770  211.838    0.958
   5400.00 0.146     626.298       8.275    1340.000       0.000    0.0002    3.872  470.323    3.923  213.535    1.094
   5460.00 0.144     617.966       8.881    1300.000       0.000    0.0002    3.919  507.779    3.817  214.685    1.071
   5520.00 0.142     614.561       4.062    1300.000       0.000    0.0002    3.949  474.555    3.682  215.180    0.975
   5580.00 0.146     619.267       6.400    1380.000       0.000    0.0002    4.029  394.629    4.531  216.042    1.094
   5640.00 0.148     623.762       7.063    1300.000       0.000    0.0002    4.150  344.011    5.057  218.049    1.089
   5700.00 0.142     626.885       3.270    1420.000       0.000    0.0002    4.302  443.974    4.876  220.606    1.064
   5760.00 0.146     632.441       6.187    1460.000       0.000    0.0002    4.461  529.196    4.238  222.879    1.154
   5820.00 0.147     639.338      14.603    1340.000       0.000    0.0002    4.593  607.439    4.477  224.981    1.180
   5880.00 0.145     636.189       8.702    1340.000       0.000    0.0002    4.706  693.335    4.385  227.251    1.179
   5940.00 0.147     633.422       5.880    1420.000       0.000    0.0002    4.850  753.172    4.517  230.352    1.235
   6000.00 0.141     632.457      10.277    1500.000       0.000    0.0002    5.042  771.623    5.235  233.781    1.370
   6060.00 0.141     630.468      12.097    1460.000       0.000    0.0002    5.233  910.146    5.407  236.742    1.445
   6120.00 0.145     631.804      12.445    1300.000       0.000    0.0002    5.437 1036.905    6.758  238.803    1.630
   6180.00 0.144     636.203       8.203    1460.000       0.000    0.0002    5.622 1022.507    7.185  240.015    1.788
   6240.00 0.147     631.048       9.750    1540.000       0.000    0.0002    5.772  839.932    5.525  241.513    2.031
   6300.00 0.146     631.219       5.943    1580.000       0.000    0.0002    5.905  593.029    5.544  243.449    1.652
   6360.00 0.145     628.269      13.613    1620.000       0.000    0.0002    6.063  553.527    4.449  246.839    1.467
   6420.00 0.147     626.026       8.377    1460.000       0.000    0.0002    6.263  597.358    5.050  249.487    1.354
   6480.00 0.152     635.974       5.862    1420.000       0.000    0.0002    6.520  571.836    5.383  249.641    1.243
   6540.00 0.159     642.848       7.688    1460.000       0.000    0.0002    6.839  504.778    4.782  251.122    1.137
   6600.00 0.158     643.519       8.488    1380.000       0.000    0.0002    7.150  525.354    5.482  255.256    1.302
   6660.00 0.155     649.573      11.785    1380.000       0.000    0.0002    7.416  617.084    5.468  259.910    1.327
   6720.00 0.152     651.884      10.113    1420.000       0.000    0.0002    7.651  689.258    4.914  262.598    1.245
   6780.00 0.146     657.588       9.548    1380.000       0.000    0.0002    7.780  695.532    5.248  264.089    1.274
   6840.00 0.147     661.656      10.199    1420.000       0.000    0.0002    7.808  658.123    4.948  265.086    1.320
   6900.00 0.149     666.437       5.616    1420.000       0.000    0.0002    7.696  584.808    5.817  265.313    1.276
   6960.00 0.141     672.111       7.370    1420.000       0.000    0.0002    7.593  508.127    5.474  266.822    1.131
   7020.00 0.142     673.862       8.655    1420.000       0.000    0.0002    7.474  526.275    4.845  269.089    1.156
   7080.00 0.138     670.459       7.102    1420.000       0.000    0.0002    7.237  675.859    4.805  270.283    1.374
   7140.00 0.133     663.223       5.971    1460.000       0.000    0.0002    7.090  783.062    4.723  270.429    1.219
   7200.00 0.132     665.037       7.519    1420.000       0.000    0.0002    6.982  777.471    4.859  269.766    1.301
   7260.00 0.131     658.056      11.738    1420.000       0.000    0.0002    6.899  786.476    4.792  269.874    1.275
   7320.00 0.132     656.900      14.982    1460.000       0.000    0.0002    6.857  752.995    5.485  271.066    1.313
   7380.00 0.130     656.316       1.692    1420.000       0.000    0.0002    6.718  764.511    5.175  271.203    1.409
   7440.00 0.132     657.196       8.450    1660.000       0.000    0.0002    6.538  723.017    5.298  270.796    1.312
   7500.00 0.135     660.722       7.870    1500.000       0.000    0.0002    6.268  579.699    4.661  270.349    1.354
   7560.00 0.137     666.346       9.554    1500.000       0.000    0.0002    6.058  501.905    5.545  270.012    1.489
   7620.00 0.134     669.382      14.545    1460.000       0.000    0.0002    5.944  623.090    5.912  270.882    1.423
   7680.00 0.130     663.521       8.202    1500.000       0.000    0.0002    6.023  710.138    5.373  271.792    1.266
   7740.00 0.127     660.385       6.243    1460.000       0.000    0.0002    6.132  736.037    5.110  272.355    1.369
   7800.00 0.131     660.523      10.579    1500.000       0.000    0.0002    6.291  734.799    5.628  273.909    1.465
   7860.00 0.125     653.203       2.422    1500.000       0.000    0.0002    6.471  692.369    5.283  275.420    1.516
   7920.00 0.132     655.622       8.386    1540.000       0.000    0.0002    6.554  735.087    5.199  275.876    1.655
   7980.00 0.132     646.296      14.222    1460.000       0.000    0.0002    6.577  848.215    5.265  278.018    1.471
   8040.00 0.133     646.300       8.901    1460.000       0.000    0.0002    6.654  754.711    5.507  281.715    1.792
   8100.00 0.136     655.827       7.878    1500.000       0.000    0.0002    6.675  766.425    5.478  283.818    1.666
   8160.00 0.135     661.374       3.472    1460.000       0.000    0.0002    6.597  760.917    4.911  285.763    1.378
   8220.00 0.133     655.801       3.352    1420.000       0.000    0.0002    6.416  755.352    6.208  288.064    1.527
   8280.00 0.132     650.610       6.174    1420.000       0.000    0.0002    6.221  637.324    6.069  287.928    1.516
   8340.00 0.131     650.579       7.551    1420.000       0.000    0.0002    6.075  842.297    6.191  286.483    1.445
   8400.00 0.131     658.134       6.567    1420.000       0.000    0.0002    5.943 1013.395    6.444  287.067    1.537
   8460.00 0.130     658.951       8.951    1500.000       0.000    0.0002    5.940 1060.425    7.956  288.072    1.869
   8520.00 0.128     660.763       6.527    1580.000       0.000    0.0002    6.034 1066.741    7.452  288.456    1.901
   8580.00 0.133     663.156      16.771    1940.000       0.000    0.0002    6.148  910.462    5.079  289.392    1.311
   8640.00 0.130     660.526       7.444    1460.000       0.000    0.0002    6.219  779.478    5.926  291.424    1.564
   8700.00 0.136     662.442       9.731    1500.000       0.000    0.0002    6.300  714.942    6.688  293.096    1.703
   8760.00 0.133     657.426      12.831    1460.000       0.000    0.0002    6.540  820.825    5.811  295.006    1.556
   8820.00 0.138     662.128       8.688    1420.000       0.000    0.0002    6.868  911.318    5.362  296.571    1.821
   8880.00 0.140     665.635       5.426    1460.000       0.000    0.0002    7.164 1009.445    5.822  299.778    1.852
   8940.00 0.141     654.801       6.170    1500.000       0.000    0.0002    7.330  933.483    6.046  303.903    1.652
   9000.00 0.139     659.930       6.221    1580.000       0.000    0.0002    7.213  907.604    5.241  305.128    1.595
   9060.00 0.137     658.788      10.089    1580.000       0.000    0.0002    6.904  908.844    6.424  306.070    1.610
   9120.00 0.141     664.083       7.785    1540.000       0.000    0.0002    6.636  743.458    6.960  308.089    1.689
   9180.00 0.139     671.909      10.438    1580.000       0.000    0.0002    6.412  870.069    5.670  308.726    1.637
   9240.00 0.138     663.262       5.603    1460.000       0.000    0.0002    6.252  849.947    6.265  308.066    1.512
   9300.00 0.139     667.381       6.221    1460.000       0.000    0.0002    6.193  728.217    6.340  305.504    1.826
   9360.00 0.136     661.434       3.333    1500.000       0.000    0.0002    6.062  936.599    6.120  301.960    1.966
   9420.00 0.139     664.211       6.632    1540.000       0.000    0.0002    5.846  886.907    5.163  301.510    1.772
   9480.00 0.137     667.214       8.643    1500.000       0.000    0.0002    5.660  785.022    5.184  303.832    1.673
   9540.00 0.138     664.319       3.434    1540.000       0.000    0.0002    5.524  612.870    4.733  303.535    1.438
   9600.00 0.138     660.282       8.395    1500.000       0.000    0.0002    5.286  505.384    4.425  301.019    1.207
   9660.00 0.139     673.825       7.368    1580.000       0.000    0.0002    4.980  428.015    4.755  299.080    1.194
   9720.00 0.137     683.132       7.722    1500.000       0.000    0.0002    4.738  427.312    5.114  296.666    1.211
   9780.00 0.136     675.197       7.312    1460.000       0.000    0.0002    4.616  544.212    5.770  294.189    1.373
   9840.00 0.136     680.465      11.628    1460.000       0.000    0.0002    4.510  598.884    5.179  293.376    1.183
   9900.00 0.131     672.639      15.056    1500.000       0.000    0.0002    4.492  557.600    4.259  293.108    1.067
   9960.00 0.135     667.260       2.359    1540.000       0.000    0.0002    4.506  501.992    4.800  292.033    1.193
  10020.00 0.133     665.515       4.338    1540.000       0.000    0.0002    4.546  494.072    5.445  292.345    1.344
  10080.00 0.131     664.254      11.567    1460.000       0.000    0.0002    4.630  533.733    5.413  293.959    1.568
  10140.00 0.130     665.263      12.707    1460.000       0.000    0.0002    4.746  547.463    5.591  295.380    1.571
  10200.00 0.131     663.664       5.869    1420.000       0.000    0.0002    4.890  615.478    6.024  296.698    1.531
  10260.00 0.129     668.046       7.894    1460.000       0.000    0.0002    5.005  660.708    6.058  297.959    1.724
  10320.00 0.123     662.704       7.237    1500.000       0.000    0.0002    4.966  639.081    6.324  298.872    1.652
  10380.00 0.121     660.484       6.815    1460.000       0.000    0.0002    4.875  672.749    5.961  299.627    1.544
  10440.00 0.124     666.929      10.079    1420.000       0.000    0.0002    4.761  666.120    6.325  299.830    1.700
  10500.00 0.123     670.677      10.120    1540.000       0.000    0.0002    4.711  728.071    6.840  300.866    1.611
  10560.00 0.118     672.701       2.309    1460.000       0.000    0.0002    4.816  781.919    7.533  303.691    1.833
  10620.00 0.117     668.815       6.736    1540.000       0.000    0.0002    4.791  793.256    8.377  305.599    1.866
  10680.00 0.117     670.209       5.690    1540.000       0.000    0.0002    4.655  881.462    7.222  304.798    1.878
  10740.00 0.117     669.397      13.056    1940.000       0.000    0.0002    4.415  803.484    7.041  301.922    1.932
  10800.00 0.117     665.094       4.092    1940.000       0.000    0.0002    4.161  608.686    4.956  299.163    1.451
  10860.00 0.117     655.417       4.542    1500.000       0.000    0.0002    3.948  581.418    6.103  298.513    1.416
  10920.00 0.120     656.823       5.906    1580.000       0.000    0.0002    3.824  595.844    5.818  298.540    1.402
  10980.00 0.119     654.990       4.148    1540.000       0.000    0.0002    3.950  712.778    5.240  298.530    1.294
  11040.00 0.113     654.719       7.749    1380.000       0.000    0.0002    4.122  681.982    5.223  297.387    1.463
  11100.00 0.113     638.017       5.474    1620.000       0.000    0.0002    4.266  649.175    5.219  297.452    1.404
  11160.00 0.118     642.562       7.273    1540.000       0.000    0.0002    4.344  567.462    4.688  299.473    1.601
  11220.00 0.127     657.854      10.000    1540.000       0.000    0.0002    4.311  525.220    4.460  301.954    1.449
  11280.00 0.128     654.580       8.626    1500.000       0.000    0.0002    4.276  436.207    4.762  303.243    1.608
  11340.00 0.124     656.213       5.049    1460.000       0.000    0.0002    4.303  464.887    4.888  303.166    1.142
  11400.00 0.128     652.137       7.786    1420.000       0.000    0.0002    4.467  556.733    5.265  304.069    1.286
  11460.00 0.125     649.569       2.431    1580.000       0.000    0.0002    4.743  617.867    5.557  307.515    1.493
  11520.00 0.129     651.970       7.917    1500.000       0.000    0.0002    5.130  684.655    6.300  312.131    1.487
  11580.00 0.127     644.798      10.058    1460.000       0.000    0.0002    5.537  735.816    7.191  316.082    1.725
  11640.00 0.137     650.945       7.380    1500.000       0.000    0.0002    5.944  741.710    6.676  319.470    1.758
  11700.00 0.140     653.497       6.329    1580.000       0.000    0.0002    6.194  739.939    6.759  320.793    1.864
  11760.00 0.141     660.691       5.734    1620.000       0.000    0.0002    6.350  676.625    5.756  323.361    1.814
  11820.00 0.147     664.046       2.189    1620.000       0.000    0.0002    6.575  643.307    6.317  329.726    1.570
  11880.00 0.146     667.546      10.952    1460.000       0.000    0.0002    7.006  799.358    6.581  336.169    1.576
  11940.00 0.150     670.701       7.145    1460.000       0.000    0.0002    7.538  997.827    8.242  340.495    2.043
  12000.00 0.149     666.285      11.097    1500.000       0.000    0.0002    8.030 1156.252    6.387  345.611    1.799
  12060.00 0.153     668.307      12.748    1940.000       0.000    0.0002    8.294  934.790    6.157  350.502    2.060
  12120.00 0.151     669.011       5.608    1620.000       0.000    0.0002    8.303  781.289    5.141  352.969    2.068
  12180.00 0.147     668.624      13.134    1940.000       0.000    0.0002    8.048  735.954    5.239  354.826    1.766
  12240.00 0.144     682.517       9.762    1580.000       0.000    0.0002    7.710  545.275    5.954  357.802    1.367
  12300.00 0.143     684.872      10.698    1620.000       0.000    0.0002    7.367  596.111    5.526  358.710    1.426
  12360.00 0.145     686.442       3.339    1580.000       0.000    0.0002    7.113  651.423    5.918  355.710    1.764
  12420.00 0.144     690.068       9.116    1460.000       0.000    0.0002    6.875  744.872    6.497  355.655    1.504
  12480.00 0.140     679.825       6.946    1460.000       0.000    0.0002    6.763  827.036    6.713  360.533    1.772
  12540.00 0.139     678.489      12.548    1460.000       0.000    0.0002    6.800  919.085    7.334  363.593    1.901
  12600.00 0.142     683.465       5.935    1620.000       0.000    0.0002    6.836  928.602    7.268  362.339    2.061
  12660.00 0.141     686.944      10.139    1580.000       0.000    0.0002    6.696  855.688    6.750  359.874    1.497
  12720.00 0.141     696.181       6.597    1540.000       0.000    0.0002    6.260  695.094    6.523  358.808    1.459
  12780.00 0.139     686.737       8.526    1500.000       0.000    0.0002    5.725  615.650    6.419  357.660    1.478
  12840.00 0.136     683.327      10.340    1500.000       0.000    0.0002    5.333  547.045    6.307  355.019    1.404
  12900.00 0.137     669.378       8.242    1460.000       0.000    0.0002    5.175  673.407    7.862  351.621    1.469
  12960.00 0.135     675.335       4.955    1580.000       0.000    0.0002    5.256  755.174    7.514  350.234    1.596
  13020.00 0.136     675.755       3.849    1500.000       0.000    0.0002    5.580  816.419    8.243  351.601    1.892
  13080.00 0.132     680.408       4.898    1580.000       0.000    0.0002    6.182  778.720    8.076  355.225    1.726
  13140.00 0.127     662.841       2.534    1540.000       0.000    0.0002    6.887  975.157    7.980  362.429    1.856
  13200.00 0.127     669.923       7.346    1940.000       0.000    0.0002    7.529 1224.496    7.552  371.157    2.273
  13260.00 0.130     665.779       7.392    1940.000       0.000    0.0002    7.938 1231.329    7.961  377.339    2.279
  13320.00 0.131     677.239       7.463    1940.000       0.000    0.0002    8.010 1250.897    7.823  378.691    2.422
  13380.00 0.133     680.331       3.352    1940.000       0.000    0.0002    7.599 1289.632    7.884  379.345    2.056
  13440.00 0.133     690.588      12.904    1940.000       0.000    0.0002    7.061 1138.219    6.140  382.240    1.704
  13500.00 0.132     676.327       0.000    1660.000       0.000    0.0002    6.582  967.068    6.580  382.508    1.839
  13560.00 0.134     673.066       2.336    1500.000       0.000    0.0002    6.294  750.531    7.108  380.717    1.548
  13620.00 0.132     677.556       6.148    1420.000       0.000    0.0002    6.168  878.253    6.912  378.362    1.571
  13680.00 0.135     684.682       4.828    1500.000       0.000    0.0002    6.162 1016.498    6.617  375.521    1.622
  13740.00 0.134     692.568       8.780    1940.000       0.000    0.0002    6.159  825.994    6.472  371.795    1.742
  13800.00 0.132     684.871       7.675    1500.000       0.000    0.0002    6.120  765.549    6.994  369.728    1.444
  13860.00 0.133     681.099       9.121    1620.000       0.000    0.0002    5.970  721.612    6.223  369.678    1.425
  13920.00 0.136     673.907       7.670    1540.000       0.000    0.0002    5.904  718.775    6.171  370.913    1.381
  13980.00 0.132     682.741       9.185    1500.000       0.000    0.0002    5.954  622.948    6.274  371.325    1.287
  14040.00 0.130     675.235       6.341    1460.000       0.000    0.0002    6.210  767.461    5.726  371.182    1.277
  14100.00 0.131     674.579       7.514    1460.000       0.000    0.0002    6.559  838.701    5.580  373.722    1.501
  14160.00 0.136     679.209       4.604    1540.000       0.000    0.0002    6.989  771.200    5.990  378.435    1.835
  14220.00 0.139     671.178       4.991    1460.000       0.000    0.0002    7.471  891.929    7.668  382.944    1.828
  14280.00 0.137     664.929       3.536    1500.000       0.000    0.0002    7.899 1007.785    7.189  387.461    2.075
  14340.00 0.137     667.687       9.075    1500.000       0.000    0.0002    8.215  944.494    6.337  390.286    1.920
  14400.00 0.142     672.069       0.931    1540.000       0.000    0.0002    8.213  961.319    6.497  391.266    1.948
  14460.00 0.142     673.585       6.964    1460.000       0.000    0.0002    7.985  760.762    6.744  392.287    1.757
  14520.00 0.138     692.933       3.286    1500.000       0.000    0.0002    7.431  695.131    5.909  391.141    1.828
  14580.00 0.141     691.434      10.777    1500.000       0.000    0.0002    6.752  602.605    5.553  386.271    1.672
  14640.00 0.140     696.591      12.174    1500.000       0.000    0.0002    6.148  571.643    5.047  382.178    1.409
  14700.00 0.138     691.575       9.097    1460.000       0.000    0.0002    5.696  518.123    5.076  380.385    1.305
  14760.00 0.140     689.860       9.056    1460.000       0.000    0.0002    5.414  520.382    5.781  379.182    1.412
  14820.00 0.140     683.147       5.979    1460.000       0.000    0.0002    5.205  480.261    5.424  376.732    1.528
  14880.00 0.139     683.803       8.134    1500.000       0.000    0.0002    4.970  450.881    5.989  372.766    1.289
  14940.00 0.139     676.982       8.105    1580.000       0.000    0.0002    4.677  522.083    5.241  368.744    1.183
  15000.00 0.140     681.640       7.260    1500.000       0.000    0.0002    4.461  482.875    5.381  366.981    1.109
  15060.00 0.137     680.356      10.783    1500.000       0.000    0.0002    4.342  451.385    4.977  366.813    1.282
  15120.00 0.136     688.869       4.955    1460.000       0.000    0.0002    4.334  478.501    5.839  365.075    1.302
  15180.00 0.134     681.645      14.004    1580.000       0.000    0.0002    4.334  521.607    6.029  362.939    1.352
  15240.00 0.133     698.162      13.676    1500.000       0.000    0.0002    4.329  624.063    5.758  362.842    1.348
  15300.00 0.135     687.726      11.155    1460.000       0.000    0.0002    4.381  620.148    4.989  363.203    1.384
  15360.00 0.137     681.857       6.857    1500.000       0.000    0.0002    4.388  528.399    5.122  362.627    1.320
  15420.00 0.131     680.710       7.290    1460.000       0.000    0.0002    4.439  439.054    5.655  361.481    1.351
  15480.00 0.135     679.602       1.193    1500.000       0.000    0.0002    4.426  425.005    5.697  360.530    1.416
  15540.00 0.135     689.946      11.682    1500.000       0.000    0.0002    4.360  453.318    5.599  360.352    1.236
  15600.00 0.131     684.238       4.833    1500.000       0.000    0.0002    4.208  448.866    5.990  360.488    1.312
  15660.00 0.130     679.774       7.594    1500.000       0.000    0.0002    3.997  407.908    5.803  360.463    1.267
  15720.00 0.131     670.597       5.634    1540.000       0.000    0.0002    3.938  357.809    5.707  360.556    1.263
  15780.00 0.131     670.056       4.916    1540.000       0.000    0.0002    3.979  455.617    5.196  361.097    1.455
  15840.00 0.130     666.704       3.503    1500.000       0.000    0.0002    4.189  550.031    6.275  362.505    1.502
  15900.00 0.131     668.566       8.752    1540.000       0.000    0.0002    4.581  638.759    6.551  364.170    1.617
  15960.00 0.136     667.540       3.806    1460.000       0.000    0.0002    5.097  677.621    5.265  365.902    1.441
  16020.00 0.137     676.214       2.357    1380.000       0.000    0.0002    5.465  556.979    5.397  368.639    1.326
  16080.00 0.144     683.810       7.211    1540.000       0.000    0.0002    5.705  495.458    5.604  373.133    1.586
  16140.00 0.139     671.579       4.211    1540.000       0.000    0.0002    5.825  535.245    5.443  376.956    1.669
  16200.00 0.146     672.730       8.911    1580.000       0.000    0.0002    5.997  632.959    5.890  379.715    1.286
  16260.00 0.145     677.479       8.168    1500.000       0.000    0.0002    6.124  598.044    6.197  382.741    1.447
  16320.00 0.145     679.696       8.971    1580.000       0.000    0.0002    6.199  638.685    6.577  385.628    1.519
  16380.00 0.145     689.176       7.361    1420.000       0.000    0.0002    6.329  758.276    5.954  387.407    1.502
  16440.00 0.149     691.593       2.989    1580.000       0.000    0.0002    6.379  688.342    6.249  389.049    1.456
  16500.00 0.146     694.124       2.604    1580.000       0.000    0.0002    6.425  621.475    7.104  392.034    1.533
  16560.00 0.141     697.855       7.232    1580.000       0.000    0.0002    6.469  773.253    6.570  395.003    1.875
  16620.00 0.137     693.037       4.618    1500.000       0.000    0.0002    6.515  878.005    5.922  395.709    1.897
  16680.00 0.136     694.255       9.443    1500.000       0.000    0.0002    6.370  755.722    6.409  394.838    1.560
  16740.00 0.140     690.140       2.028    1580.000       0.000    0.0002    6.150  613.257    6.943  396.462    1.762
  16800.00 0.135     690.108      11.733    1460.000       0.000    0.0002    6.065  609.026    6.287  397.707    1.705
  16860.00 0.132     684.638       5.937    1580.000       0.000    0.0002    6.058  670.859    6.293  395.387    1.479
  16920.00 0.136     688.654      14.111    1500.000       0.000    0.0002    6.122  653.799    6.640  394.203    1.564
  16980.00 0.143     678.872       4.137    1540.000       0.000    0.0002    6.272  725.546    6.781  395.156    1.633
  17040.00 0.146     675.159       4.040    1580.000       0.000    0.0002    6.483  722.391    6.637  397.383    1.568
  17100.00 0.148     678.056       7.150    1660.000       0.000    0.0002    6.733  764.091    6.255  401.053    1.560
  17160.00 0.151     673.290       6.159    1700.000       0.000    0.0002    6.974  733.253    6.523  403.650    1.673
  17220.00 0.151     687.419      10.097    1580.000       0.000    0.0002    7.101  837.252    7.303  405.330    1.921
  17280.00 0.155     683.823       3.444    1620.000       0.000    0.0002    7.141 1070.370    7.992  407.206    2.300
  17340.00 0.156     682.473       8.607    1940.000       0.000    0.0002    7.076 1018.431    6.548  406.524    1.939
  17400.00 0.151     675.016      13.981    1940.000       0.000    0.0002    6.899 1046.712    7.313  406.456    2.151
  17460.00 0.150     676.938       3.029    1940.000       0.000    0.0002    6.835  847.371    5.757  410.387    1.440
  17520.00 0.151     681.424      10.550    1460.000       0.000    0.0002    6.928  684.905    6.979  414.577    1.533
  17580.00 0.153     683.158       8.070    1580.000       0.000    0.0002    7.177  674.036    7.097  412.613    1.760
  17640.00 0.161     686.829       8.680    1580.000       0.000    0.0002    7.400  693.733    5.688  409.636    1.345
  17700.00 0.165     687.911      14.696    1660.000       0.000    0.0002    7.483  731.387    6.522  412.750    1.600
  17760.00 0.169     681.823       6.773    1540.000       0.000    0.0002    7.528  772.103    8.007  419.450    1.784
  17820.00 0.170     690.244      11.506    1540.000       0.000    0.0002    7.447  909.259    7.487  421.592    1.718
  17880.00 0.167     692.269      10.337    1500.000       0.000    0.0002    7.274  937.818    7.125  420.854    1.991
  17940.00 0.162     694.087       5.732    1620.000       0.000    0.0002    7.155  823.805    6.733  421.164    1.919
  18000.00 0.163     699.940       7.856    1580.000       0.000    0.0002    7.075  745.883    6.347  420.242    1.551
  18060.00 0.166     701.414       8.189    1580.000       0.000    0.0002    6.810  688.317    6.633  417.311    1.641
  18120.00 0.168     702.667       9.652    1620.000       0.000    0.0002    6.354  576.136    5.755  413.800    1.544
  18180.00 0.171     701.774       7.582    1580.000       0.000    0.0002    5.818  504.532    5.730  410.189    1.391
  18240.00 0.171     698.569       7.840    1540.000       0.000    0.0002    5.323  512.484    5.623  407.009    1.362
  18300.00 0.171     704.046      13.191    1580.000       0.000    0.0002    4.899  441.471    5.327  403.215    1.112
  18360.00 0.167     707.872      10.204    1500.000       0.000    0.0002    4.592  423.528    5.062  399.402    1.163
  18420.00 0.163     707.856       7.256    1500.000       0.000    0.0002    4.356  428.065    4.816  396.382    1.043
  18480.00 0.161     704.061      10.727    1420.000       0.000    0.0002    4.128  456.067    4.769  394.539    1.061
  18540.00 0.154     707.059       8.808    1540.000       0.000    0.0002    3.983  489.898    5.094  393.214    1.228
  18600.00 0.148     693.213       9.357    1500.000       0.000    0.0002    3.959  501.645    6.596  392.477    1.432
  18660.00 0.146     687.759       8.194    1620.000       0.000    0.0002    4.012  519.221    6.730  392.023    1.515
  18720.00 0.148     679.211      10.066    1500.000       0.000    0.0002    4.108  647.620    7.242  391.661    1.604
  18780.00 0.143     687.350       8.479    1500.000       0.000    0.0002    4.245  829.356    7.507  392.317    1.768
  18840.00 0.143     683.767       6.301    1460.000       0.000    0.0002    4.483  936.999    7.869  393.725    1.634
  18900.00 0.143     682.154       5.915    1460.000       0.000    0.0002    4.642 1022.800    8.786  395.315    1.797
  18960.00 0.146     679.832       6.801    1580.000       0.000    0.0002    4.700  929.326    8.343  395.922    1.899
  19020.00 0.147     682.952      12.769    1940.000       0.000    0.0002    4.687  839.882    5.864  396.504    1.581
  19080.00 0.147     681.589       7.980    1500.000       0.000    0.0002    4.709  633.768    5.268  397.609    1.830
  19140.00 0.148     678.416       6.634    1540.000       0.000    0.0002    4.728  458.291    5.108  398.461    1.455
  19200.00 0.149     684.052      13.399    1500.000       0.000    0.0002    4.814  434.481    5.209  399.065    1.176
  19260.00 0.154     693.291      12.405    1420.000       0.000    0.0002    4.916  479.410    5.313  399.479    1.280
  19320.00 0.154     703.101       6.930    1420.000       0.000    0.0002    5.073  456.224    5.287  399.228    1.480
  19380.00 0.158     692.952       4.080    1420.000       0.000    0.0002    5.200  407.258    5.035  399.889    1.464
  19440.00 0.161     699.271       5.380    1540.000       0.000    0.0002    5.244  500.384    6.265  403.012    1.512
  19500.00 0.159     695.773      10.475    1500.000       0.000    0.0002    5.360  658.190    7.295  407.076    1.639
  19560.00 0.163     690.045       5.937    1540.000       0.000    0.0002    5.630  797.334    7.273  410.806    1.771
  19620.00 0.162     689.683       9.382    1540.000       0.000    0.0002    5.996  946.783    8.202  415.283    1.839
  19680.00 0.156     690.658       5.862    1700.000       0.000    0.0002    6.321 1000.792    8.478  419.951    2.016
  19740.00 0.156     687.127      11.177    1940.000       0.000    0.0002    6.495  934.962    8.616  421.978    2.164
  19800.00 0.159     692.554       4.923    1940.000       0.000    0.0002    6.390 1064.080    8.535  423.705    2.258
  19860.00 0.151     693.139       5.405    1940.000       0.000    0.0002    6.251  970.071    7.679  428.406    1.927
  19920.00 0.153     685.728       5.920    1940.000       0.000    0.0002    6.249  787.279    6.546  430.682    1.724
  19980.00 0.151     691.018       6.527    1540.000       0.000    0.0002    6.305  616.797    7.089  429.972    1.779
  20040.00 0.150     692.300      10.538    1460.000       0.000    0.0002    6.568  652.120    7.401  430.821    2.070
  20100.00 0.158     698.580       5.957    1500.000       0.000    0.0002    6.795  548.706    6.957  432.060    1.567
  20160.00 0.153     689.457       7.572    1500.000       0.000    0.0002    7.047  666.509    7.463  434.713    1.576
  20220.00 0.161     697.754      13.718    1540.000       0.000    0.0002    7.309  865.727    7.736  438.308    2.066
  20280.00 0.159     696.621      12.688    1940.000       0.000    0.0002    7.519  979.287    7.927  439.615    1.821
  20340.00 0.162     700.782       8.030    1580.000       0.000    0.0002    7.655  991.586    7.292  439.251    2.053
  20400.00 0.160     709.358       4.037    1940.000       0.000    0.0002    7.546  861.563    7.247  438.468    1.858
  20460.00 0.166     716.858       9.633    1620.000       0.000    0.0002    7.257  818.642    6.027  438.134    1.645
  20520.00 0.169     725.818       9.146    1580.000       0.000    0.0002    6.803  752.140    6.598  436.945    1.444
  20580.00 0.164     719.643       9.911    1500.000       0.000    0.0002    6.383  588.303    5.808  434.520    1.291
  20640.00 0.161     718.545      10.061    1500.000       0.000    0.0002    6.260  539.574    6.005  432.611    1.335
  20700.00 0.168     711.089       3.425    1500.000       0.000    0.0002    6.318  486.475    5.908  431.839    1.271
  20760.00 0.166     712.625       5.575    1540.000       0.000    0.0002    6.334  444.905    6.081  430.704    1.363
  20820.00 0.171     716.662       5.621    1620.000       0.000    0.0002    6.315  507.679    5.800  429.412    1.455
  20880.00 0.174     724.416       6.414    1500.000       0.000    0.0002    6.053  436.130    5.568  427.099    1.313
  20940.00 0.170     717.364      12.636    1540.000       0.000    0.0002    5.629  497.800    5.823  425.380    1.324
  21000.00 0.176     713.870      13.065    1540.000       0.000    0.0002    5.206  551.778    5.444  424.292    1.212
  21060.00 0.176     723.588       9.708    1500.000       0.000    0.0002    4.869  570.845    5.473  422.495    1.272
  21120.00 0.172     704.419      10.680    1460.000       0.000    0.0002    4.781  634.037    5.635  419.488    1.399
  21180.00 0.170     708.806       5.928    1460.000       0.000    0.0002    4.760  573.550    4.723  417.076    1.642
  21240.00 0.170     715.172       4.253    1460.000       0.000    0.0002    4.734  404.450    5.079  416.781    1.217
  21300.00 0.167     715.777       7.830    1540.000       0.000    0.0002    4.865  370.989    5.832  417.517    1.227
  21360.00 0.164     715.403       6.896    1500.000       0.000    0.0002    5.029  452.112    6.003  418.143    1.246
  21420.00 0.163     718.318      12.462    1460.000       0.000    0.0002    5.225  503.248    5.631  419.003    1.363
  21480.00 0.158     717.901       3.827    1500.000       0.000    0.0002    5.394  544.577    5.581  421.074    1.347
  21540.00 0.151     716.284      10.792    1540.000       0.000    0.0002    5.618  502.578    6.284  423.657    1.534
  21600.00 0.153     721.888       5.408    1420.000       0.000    0.0002    5.744  507.906    5.941  424.536    1.489
  21660.00 0.155     734.574       7.918    1540.000       0.000    0.0002    5.603  474.906    5.763  424.020    1.342
  21720.00 0.147     733.709       9.934    1460.000       0.000    0.0002    5.241  376.486    5.454  422.495    1.228
  21780.00 0.155     732.050       8.265    1500.000       0.000    0.0002    4.777  395.627    6.711  420.036    1.373
  21840.00 0.150     741.498      17.231    1580.000       0.000    0.0002    4.370  490.986    6.199  416.751    1.385
  21900.00 0.148     747.129      17.624    1500.000       0.000    0.0002    4.049  501.929    6.230  414.272    1.358
  21960.00 0.136     733.775       7.979    1460.000       0.000    0.0002    3.936  680.841    6.507  413.734    1.592
  22020.00 0.136     723.685       8.157    1540.000       0.000    0.0002    3.985  631.859    7.284  414.013    1.634
  22080.00 0.133     710.313       9.024    1500.000       0.000    0.0002    4.241  681.534    6.327  414.375    1.523
  22140.00 0.131     706.940      14.627    1500.000       0.000    0.0002    4.576  736.089    6.991  414.220    1.642
  22200.00 0.132     707.159       5.535    1580.000       0.000    0.0002    4.921  684.036    5.448  414.999    1.254
  22260.00 0.138     705.876       9.310    1460.000       0.000    0.0002    5.353  464.446    6.224  419.334    1.319
  22320.00 0.140     708.951       2.448    1540.000       0.000    0.0002    5.815  463.522    6.789  426.629    1.452
  22380.00 0.139     712.535       4.507    1420.000       0.000    0.0002    6.321  506.620    7.073  432.923    1.408
  22440.00 0.145     719.798       3.199    1460.000       0.000    0.0002    6.753  625.579    7.038  437.528    1.690
  22500.00 0.147     720.266       8.671    1500.000       0.000    0.0002    7.163  776.602    7.463  442.294    1.790
  22560.00 0.151     719.355       8.290    1500.000       0.000    0.0002    7.429  867.547    7.594  446.573    1.774
  22620.00 0.153     724.665      12.524    1940.000       0.000    0.0002    7.443  893.493    7.621  447.657    2.114
  22680.00 0.152     729.551      10.385    1940.000       0.000    0.0002    7.134  745.652    8.281  447.278    1.858
  22740.00 0.158     719.230      10.693    1620.000       0.000    0.0002    6.626  580.739    7.095  448.178    1.440
  22800.00 0.159     717.723       5.569    1580.000       0.000    0.0002    6.124  544.214    6.515  449.718    1.283
  22860.00 0.157     726.667       3.925    1500.000       0.000    0.0002    5.922  670.392    7.040  447.401    1.689
  22920.00 0.155     722.650       6.688    1460.000       0.000    0.0002    5.885  549.885    5.316  443.241    1.191
  22980.00 0.158     719.784       9.615    1540.000       0.000    0.0002    5.876  388.111    5.426  442.117    1.369
  23040.00 0.161     739.697       5.356    1580.000       0.000    0.0002    5.799  409.094    6.412  442.892    1.523
  23100.00 0.165     740.118       9.306    1540.000       0.000    0.0002    5.705  420.504    6.564  442.646    1.325
  23160.00 0.163     741.018       8.623    1460.000       0.000    0.0002    5.638  462.803    6.597  441.971    1.389
  23220.00 0.165     741.598       6.479    1540.000       0.000    0.0002    5.673  465.769    6.258  443.516    1.458
  23280.00 0.162     739.033       7.462    1540.000       0.000    0.0002    5.653  441.515    6.307  443.748    1.449
  23340.00 0.171     740.171       5.193    1500.000       0.000    0.0002    5.578  432.514    5.287  444.259    1.318
  23400.00 0.172     738.809       2.752    1500.000       0.000    0.0002    5.629  443.666    5.345  446.987    1.418
  23460.00 0.171     730.000      10.657    1460.000       0.000    0.0002    5.740  344.217    5.556  449.624    1.244
  23520.00 0.171     728.155       5.980    1500.000       0.000    0.0002    5.926  397.109    5.190  450.988    1.474
  23580.00 0.175     726.480       2.821    1540.000       0.000    0.0002    6.220  483.741    5.912  453.285    1.630
  23640.00 0.176     722.167       7.278    1420.000       0.000    0.0002    6.657  483.347    6.193  457.448    1.566
  23700.00 0.175     728.022       8.942    1420.000       0.000    0.0002    7.058  518.143    6.660  463.430    1.527
  23760.00 0.180     733.650       9.254    1540.000       0.000    0.0002    7.494  568.290    6.046  470.711    1.456
  23820.00 0.176     735.667       4.750    1580.000       0.000    0.0002    8.122  603.990    6.119  478.571    1.559
  23880.00 0.180     733.913      18.179    1540.000       0.000    0.0002    8.845  614.169    7.093  488.205    1.735
  23940.00 0.176     742.271       8.172    1660.000       0.000    0.0002    9.804  766.015    8.439  502.007    2.079
  24000.00 0.172     748.170       1.872    1620.000       0.000    0.0002   10.833  946.158    9.312  517.685    2.334
  24060.00 0.173     744.513       8.688    1940.000       0.000    0.0002   11.882 1085.013    8.101  531.559    2.174
  24120.00 0.173     746.883      17.518    1940.000       0.000    0.0002   12.759 1066.426    8.253  541.405    2.469
  24180.00 0.170     747.770      12.489    1940.000       0.000    0.0002   13.137  986.920    7.355  549.887    2.533
  24240.00 0.176     749.931      12.705    1940.000       0.000    0.0002   13.020  840.282    6.665  561.072    1.826
  24300.00 0.175     754.937       9.678    1940.000       0.000    0.0002   13.102  930.976    7.378  575.364    1.991
  24360.00 0.164     757.373       3.791    1940.000       0.000    0.0002   13.305  971.427    8.898  581.706    1.953
  24420.00 0.167     760.088       6.354    1940.000       0.000    0.0002   13.379  885.458    8.921  580.078    2.330
  24480.00 0.170     752.835      10.705    1980.000       0.000    0.0002   13.456 1004.066    8.543  585.692    2.391
  24540.00 0.168     751.295       6.405    1940.000       0.000    0.0002   13.546  982.397    9.366  596.624    2.179
  24600.00 0.167     744.140      10.962    1940.000       0.000    0.0002   13.647 1327.388   10.137  600.456    2.939
  24660.00 0.165     742.959      14.615    1940.000       0.000    0.0002   13.614 1555.581   10.381  598.068    2.881
  24720.00 0.163     755.067       9.836    1940.000       0.000    0.0002   13.408 1762.319    9.360  598.711    2.550
  24780.00 0.164     760.447       9.121    2020.000       0.000    0.0002   12.956 1564.123    8.948  603.251    2.597
  24840.00 0.164     756.404       5.944    1940.000       0.000    0.0002   12.212  902.610    6.448  608.848    1.725
  24900.00 0.161     766.889       5.797    1660.000       0.000    0.0002   11.592  729.242    6.303  616.524    1.695
  24960.00 0.163     770.225      10.705    1700.000       0.000    0.0002   11.478  680.127    7.472  613.691    2.080
  25020.00 0.162     782.711       9.639    1660.000       0.000    0.0002   11.644  809.493    8.493  601.804    1.842
  25080.00 0.157     762.955      17.294    1660.000       0.000    0.0002   12.146  919.706    8.409  601.299    2.058
  25140.00 0.159     776.386       6.585    1940.000       0.000    0.0002   12.755  863.620    8.795  610.063    2.224
  25200.00 0.157     775.473       6.512    1940.000       0.000    0.0002   13.466 1179.139    8.674  620.791    2.426
  25260.00 0.156     765.728       6.635    1940.000       0.000    0.0002   13.888 1345.295   10.334  626.393    2.657
  25320.00 0.163     769.429      16.006    1940.000       0.000    0.0002   14.133 1506.817    8.772  628.093    3.053
  25380.00 0.159     765.929       7.035    1940.000       0.000    0.0002   14.059 1483.463    8.628  633.155    2.362
  25440.00 0.164     770.104       9.449    1940.000       0.000    0.0002   13.725 1387.543    9.482  645.777    2.251
  25500.00 0.159     758.989      15.161    1940.000       0.000    0.0002   12.794 1388.746    8.680  654.304    2.383
  25560.00 0.162     763.373       8.645    1940.000       0.000    0.0002   11.472 1495.819    9.397  650.229    3.063
  25620.00 0.158     764.838      11.094    1940.000       0.000    0.0002    9.862 1521.139    8.590  630.308    3.183
  25680.00 0.153     759.968       3.668    1940.000       0.000    0.0002    8.225 1004.366    5.620  605.739    2.558
  25740.00 0.150     752.769       9.446    1940.000       0.000    0.0002    6.897  841.264    5.308  596.420    1.675
  25800.00 0.147     753.731       6.534    1660.000       0.000    0.0002    5.953  666.883    5.103  588.993    1.390
  25860.00 0.151     759.257       6.785    1660.000       0.000    0.0002    5.381  485.305    5.736  565.812    1.263
  25920.00 0.151     759.451       9.273    1540.000       0.000    0.0002    4.988  426.626    5.866  549.257    1.446
  25980.00 0.159     780.000       7.718    1660.000       0.000    0.0002    4.719  452.636    7.427  548.769    1.499
  26040.00 0.155     773.575      13.354    1660.000       0.000    0.0002    4.556  515.968    7.858  545.039    1.638
  26100.00 0.156     766.876       2.857    1820.000       0.000    0.0002    4.439  462.017    6.872  534.442    1.451
  26160.00 0.153     776.869       5.751    1660.000       0.000    0.0002    4.269  456.978    5.885  527.051    1.404
  26220.00 0.145     765.320      11.279    1660.000       0.000    0.0002    4.102  403.198    6.089  524.783    1.321
  26280.00 0.151     767.379       4.887    1540.000       0.000    0.0002    3.856  336.524    5.655  519.769    1.147
  26340.00 0.150     761.203       9.138    1580.000       0.000    0.0002    3.568  360.445    4.565  511.880    1.234
  26400.00 0.149     759.116       8.020    1580.000       0.000    0.0002    3.248  459.675    4.787  506.108    1.205
  26460.00 0.148     747.632       7.632    1540.000       0.000    0.0002    2.857  447.264    5.931  502.750    1.634
  26520.00 0.142     725.267       1.411    1500.000       0.000    0.0002    2.530  358.761    4.260  498.097    1.151
  26580.00 0.133     722.574      10.882    1500.000       0.000    0.0002    2.243  178.388    3.749  491.540    1.030
  26640.00 0.128     711.396       5.660    1620.000       0.000    0.0002    2.069  165.979    4.112  485.957    0.975
  26700.00 0.122     711.864      11.503    1580.000       0.000    0.0002    1.969  164.452    3.677  482.518    0.938
  26760.00 0.126     708.699       7.845    1460.000       0.000    0.0002    2.023  161.678    4.006  480.013    0.962
  26820.00 0.123     696.024      11.889    1580.000       0.000    0.0002    2.162  224.199    4.022  476.367    1.022
  26880.00 0.125     698.745       6.627    1540.000       0.000    0.0002    2.452  234.674    3.734  472.932    1.130
  26940.00 0.125     710.604       6.199    1540.000       0.000    0.0002    2.735  287.759    4.140  472.197    1.180
  27000.00 0.120     705.355      12.698    1540.000       0.000    0.0002    3.087  438.270    5.090  474.694    1.289
  27060.00 0.119     705.749       8.296    1460.000       0.000    0.0002    3.510  495.858    5.939  479.840    1.464
  27120.00 0.122     717.120       2.400    1580.000       0.000    0.0002    4.079  624.106    6.828  486.699    1.478
  27180.00 0.128     703.276       8.229    1580.000       0.000    0.0002    4.857  790.991    7.460  494.353    1.807
  27240.00 0.123     696.096       5.259    1740.000       0.000    0.0002    5.801  921.277    8.152  504.078    2.252
  27300.00 0.126     700.464       8.665    1940.000       0.000    0.0002    6.701 1071.754    8.808  513.363    2.269
  27360.00 0.127     711.034       3.870    1940.000       0.000    0.0002    7.322  941.463    8.542  520.247    2.492
  27420.00 0.131     727.015      11.679    1940.000       0.000    0.0002    7.607  940.431    8.548  529.237    2.119
  27480.00 0.128     734.057      10.819    1940.000       0.000    0.0002    7.441  830.669    8.810  537.371    2.195
  27540.00 0.131     727.063      11.115    1940.000       0.000    0.0002    7.161 1039.631    8.815  543.869    2.706
  27600.00 0.124     735.415       6.798    1940.000       0.000    0.0002    6.872 1007.271    7.908  543.256    2.267
  27660.00 0.128     727.376      12.091    1940.000       0.000    0.0002    6.488  979.643    7.207  534.114    2.199
  27720.00 0.127     721.456      11.648    1940.000       0.000    0.0002    5.972  744.364    6.070  526.388    1.727
  27780.00 0.133     729.245       8.250    1940.000       0.000    0.0002    5.629  528.747    5.320  527.573    1.355
  27840.00 0.142     719.310      12.345    1580.000       0.000    0.0002    5.519  432.681    5.738  527.106    1.284
  27900.00 0.139     726.877       5.649    1540.000       0.000    0.0002    5.686  449.583    5.318  519.260    1.261
  27960.00 0.143     743.761      13.026    1580.000       0.000    0.0002    5.993  465.630    5.816  516.088    1.346
  28020.00 0.142     749.072       6.667    1540.000       0.000    0.0002    6.426  634.188    7.214  521.501    1.749
  28080.00 0.140     752.195      11.742    1620.000       0.000    0.0002    6.986  796.846    9.545  526.494    2.220
  28140.00 0.145     756.459       7.555    1580.000       0.000    0.0002    7.276  927.558    8.483  527.915    2.369
  28200.00 0.147     765.557       8.752    1940.000       0.000    0.0002    7.070  954.968    8.636  525.484    2.319
  28260.00 0.145     766.397      13.603    1940.000       0.000    0.0002    6.286  846.629    7.841  519.117    2.162
  28320.00 0.147     759.768      18.308    1940.000       0.000    0.0002    5.091  569.193    4.671  514.044    1.351
  28380.00 0.147     760.199      10.000    1580.000       0.000    0.0002    3.861  234.610    4.483  511.167    1.064
  28440.00 0.140     767.896       9.878    1620.000       0.000    0.0002    2.951  255.864    4.345  500.641    0.956
  28500.00 0.142     742.069      13.483    1620.000       0.000    0.0002    2.433  277.631    4.235  485.578    1.113
  28560.00 0.137     743.060      14.306    1540.000       0.000    0.0002    2.172  259.499    4.110  477.248    1.197
  28620.00 0.138     736.473       6.138    1540.000       0.000    0.0002    2.019  213.948    3.808  474.929    0.940
  28680.00 0.131     724.610       6.468    1500.000       0.000    0.0002    2.008  137.144    3.186  471.412    0.830
  28740.00 0.126     717.761      14.054    1580.000       0.000    0.0002    2.110  134.638    2.922  466.758    0.833
  28800.00 0.133     717.059       4.449    1620.000       0.000    0.0002    2.306  145.235    3.235  463.779    0.805
