#  time      cc     z_cbase    z_ctop_avg  z_ctop_max      zi         we   <<ql>>  <<ql>>_max   w_max   tke     ql_max
     60.00 0.000       0.000       0.000       0.000       0.000    0.0002    0.000    0.000    0.172  616.628    0.000
    120.00 0.000       0.000       0.000       0.000       0.000    0.0002    0.000    0.000    0.267  417.107    0.000
    180.00 0.000       0.000       0.000       0.000       0.000    0.0002    0.000    0.000    0.326  300.155    0.000
    240.00 0.000       0.000       0.000       0.000       0.000    0.0002    0.000    0.000    0.285  225.829    0.000
    300.00 0.000       0.000       0.000       0.000       0.000    0.0002    0.000    0.000    0.279  176.618    0.000
    360.00 0.000       0.000       0.000       0.000       0.000    0.0002    0.000    0.000    0.312  143.454    0.000
    420.00 0.000       0.000       0.000       0.000       0.000    0.0002    0.000    0.000    0.320  121.190    0.000
    480.00 0.000       0.000       0.000       0.000       0.000    0.0002    0.000    0.000    0.357  105.780    0.000
    540.00 0.000       0.000       0.000       0.000       0.000    0.0002    0.000    0.000    0.399   93.961    0.000
    600.00 0.000       0.000       0.000       0.000       0.000    0.0002    0.000    0.000    0.411   84.709    0.000
    660.00 0.000       0.000       0.000       0.000       0.000    0.0002    0.000    0.000    0.409   78.187    0.000
    720.00 0.000       0.000       0.000       0.000       0.000    0.0002    0.000    0.000    0.507   73.893    0.000
    780.00 0.000       0.000       0.000       0.000       0.000    0.0002    0.000    0.000    0.597   71.092    0.000
    840.00 0.000       0.000       0.000       0.000       0.000    0.0002    0.000    0.000    0.650   69.334    0.000
    900.00 0.000       0.000       0.000       0.000       0.000    0.0002    0.000    0.000    0.666   68.168    0.000
    960.00 0.000       0.000       0.000       0.000       0.000    0.0002    0.000    0.000    0.785   67.599    0.000
   1020.00 0.000       0.000       0.000       0.000       0.000    0.0002    0.000    0.000    0.865   68.115    0.000
   1080.00 0.000       0.000       0.000       0.000       0.000    0.0002    0.000    0.000    0.890   69.735    0.000
   1140.00 0.000       0.000       0.000       0.000       0.000    0.0002    0.000    0.000    0.932   72.075    0.000
   1200.00 0.000     540.000       0.000     540.000       0.000    0.0002    0.000    1.138    0.997   75.121    0.025
   1260.00 0.001     556.000       0.000     580.000       0.000    0.0002    0.002    3.271    0.979   79.056    0.073
   1320.00 0.005     561.053      30.526     580.000       0.000    0.0002    0.008   10.067    1.094   83.975    0.116
   1380.00 0.010     562.564       0.000     660.000       0.000    0.0002    0.022   16.821    1.201   90.101    0.201
   1440.00 0.018     568.649       0.000     660.000       0.000    0.0002    0.055   21.748    1.263   97.595    0.259
   1500.00 0.027     569.358      10.275     660.000       0.000    0.0002    0.116   35.495    1.625  106.355    0.352
   1560.00 0.039     570.886       0.000     660.000       0.000    0.0002    0.213   52.971    1.757  116.323    0.483
   1620.00 0.052     569.953      16.558     660.000       0.000    0.0002    0.372   64.366    1.773  127.567    0.480
   1680.00 0.072     568.669       6.212     660.000       0.000    0.0002    0.603   78.085    2.162  139.986    0.593
   1740.00 0.089     569.201       0.000     740.000       0.000    0.0002    0.937  117.743    2.550  153.408    0.766
   1800.00 0.107     568.909       1.227     780.000       0.000    0.0002    1.368  151.305    2.718  167.634    0.840
   1860.00 0.127     569.595       8.054     820.000       0.000    0.0002    1.892  185.330    3.394  182.242    0.923
   1920.00 0.140     570.261      10.365     820.000       0.000    0.0002    2.522  203.864    3.575  196.785    0.932
   1980.00 0.153     570.828       6.783     900.000       0.000    0.0002    3.238  216.945    3.906  210.950    0.922
   2040.00 0.169     573.718       1.729     940.000       0.000    0.0002    4.001  275.940    3.774  224.358    1.102
   2100.00 0.182     575.710       6.488    1300.000       0.000    0.0002    4.812  342.137    4.437  236.754    1.257
   2160.00 0.190     579.743       4.730    1300.000       0.000    0.0002    5.618  405.769    5.078  247.814    1.154
   2220.00 0.195     581.353       3.684    1300.000       0.000    0.0002    6.387  457.110    4.862  257.159    1.445
   2280.00 0.205     587.542       5.131    1340.000       0.000    0.0002    7.090  541.292    5.856  264.603    1.470
   2340.00 0.206     595.006       8.757    1300.000       0.000    0.0002    7.685  527.403    5.065  269.749    1.298
   2400.00 0.208     604.442       5.734    1460.000       0.000    0.0002    8.213  514.486    5.263  273.012    1.379
   2460.00 0.208     609.484       6.150    1300.000       0.000    0.0002    8.627  520.160    5.095  274.125    1.498
   2520.00 0.203     613.462       6.538    1340.000       0.000    0.0002    8.803  429.450    5.541  272.804    1.456
   2580.00 0.200     622.445       5.844    1340.000       0.000    0.0002    8.726  456.765    4.500  269.486    1.329
   2640.00 0.189     626.916      11.406    1380.000       0.000    0.0002    8.433  502.255    4.204  264.975    1.359
   2700.00 0.185     624.480       5.692    1380.000       0.000    0.0002    8.001  568.692    4.796  259.797    1.449
   2760.00 0.182     632.473       5.269    1540.000       0.000    0.0002    7.476  680.916    5.197  254.314    1.318
   2820.00 0.175     641.538       9.538    1500.000       0.000    0.0002    6.844  723.914    6.172  248.099    1.365
   2880.00 0.166     645.428      10.413    1420.000       0.000    0.0002    6.110  855.340    5.320  240.618    1.489
   2940.00 0.154     648.680       8.808    1460.000       0.000    0.0002    5.315  809.897    5.323  233.094    1.710
   3000.00 0.142     653.873       8.021    1420.000       0.000    0.0002    4.571  724.344    5.583  226.143    1.832
   3060.00 0.130     649.869       3.565    1420.000       0.000    0.0002    3.832  597.864    4.619  218.067    1.676
   3120.00 0.121     652.551       3.927    1460.000       0.000    0.0002    3.094  460.113    4.235  209.094    1.169
   3180.00 0.120     652.033       7.033    1340.000       0.000    0.0002    2.480  376.908    4.006  201.488    1.261
   3240.00 0.116     648.512       6.415    1460.000       0.000    0.0002    2.060  351.629    4.439  194.096    1.234
   3300.00 0.110     650.687       4.745    1420.000       0.000    0.0002    1.713  294.115    3.162  187.093    0.902
   3360.00 0.102     639.281       7.290    1420.000       0.000    0.0002    1.435  200.370    3.053  182.895    0.909
   3420.00 0.099     634.914      11.309    1300.000       0.000    0.0002    1.339  216.051    3.117  180.285    0.914
   3480.00 0.097     632.932       1.654    1340.000       0.000    0.0002    1.311  239.074    3.970  176.793    1.080
   3540.00 0.101     634.915       5.085    1300.000       0.000    0.0002    1.256  274.578    4.325  173.473    1.115
   3600.00 0.096     634.721       6.193    1380.000       0.000    0.0002    1.196  277.059    3.914  171.225    1.166
   3660.00 0.090     633.297       8.270    1380.000       0.000    0.0002    1.137  233.584    3.656  169.383    0.909
   3720.00 0.094     640.052      10.026    1460.000       0.000    0.0002    1.091  187.761    3.145  168.194    0.966
   3780.00 0.093     627.225       0.000    1460.000       0.000    0.0002    1.090  165.781    2.869  167.687    0.859
   3840.00 0.093     627.704       9.393    1300.000       0.000    0.0002    1.113  178.551    2.721  167.030    0.806
   3900.00 0.094     629.558      12.104    1300.000       0.000    0.0002    1.152  204.503    3.132  166.290    0.765
   3960.00 0.092     627.619       8.519    1300.000       0.000    0.0002    1.213  218.340    3.143  166.019    0.743
   4020.00 0.093     623.694       3.483    1100.000       0.000    0.0002    1.293  218.088    3.377  166.292    0.799
   4080.00 0.090     611.063       7.520    1300.000       0.000    0.0002    1.368  264.489    3.462  166.957    0.884
   4140.00 0.089     611.475       3.279    1300.000       0.000    0.0002    1.456  283.961    3.509  167.994    0.838
   4200.00 0.091     606.845       3.102    1300.000       0.000    0.0002    1.570  294.282    3.479  169.109    0.850
   4260.00 0.094     608.630       6.615    1300.000       0.000    0.0002    1.698  287.706    3.073  170.133    0.828
   4320.00 0.093     607.757       5.435    1300.000       0.000    0.0002    1.804  257.685    2.891  171.223    0.904
   4380.00 0.097     606.767       1.454    1300.000       0.000    0.0002    1.911  243.344    3.340  172.514    0.916
   4440.00 0.098     603.900       4.750    1380.000       0.000    0.0002    2.038  269.222    3.482  174.063    1.022
   4500.00 0.103     611.090       4.787    1300.000       0.000    0.0002    2.179  267.795    3.380  176.065    1.022
   4560.00 0.108     610.658       1.769    1300.000       0.000    0.0002    2.276  265.418    3.804  178.283    0.958
   4620.00 0.105     612.483       5.568    1460.000       0.000    0.0002    2.358  306.961    3.916  180.333    1.024
   4680.00 0.107     609.455       7.227    1300.000       0.000    0.0002    2.453  352.778    3.622  182.211    0.859
   4740.00 0.110     612.018       4.390    1340.000       0.000    0.0002    2.549  344.774    3.647  184.055    0.925
   4800.00 0.109     614.081       9.596    1420.000       0.000    0.0002    2.644  357.229    4.141  186.016    1.083
   4860.00 0.111     617.363       7.604    1300.000       0.000    0.0002    2.714  375.994    4.141  188.124    1.232
   4920.00 0.110     605.835       2.940    1300.000       0.000    0.0002    2.781  367.479    3.885  190.103    1.264
   4980.00 0.115     612.373       9.534    1460.000       0.000    0.0002    2.836  297.539    3.178  191.667    1.119
   5040.00 0.115     612.135       5.074    1500.000       0.000    0.0002    2.862  297.670    3.263  193.196    1.288
   5100.00 0.124     617.160       4.892    1500.000       0.000    0.0002    2.847  349.984    3.714  195.020    1.162
   5160.00 0.123     611.571       6.243    1380.000       0.000    0.0002    2.894  400.304    4.351  197.066    0.960
   5220.00 0.126     611.197       5.830    1420.000       0.000    0.0002    3.033  445.377    4.288  199.431    1.108
   5280.00 0.126     613.488       6.240    1300.000       0.000    0.0002    3.172  473.232    4.649  201.681    1.222
   5340.00 0.128     615.200       7.162    1300.000       0.000    0.0002    3.262  461.396    4.526  203.566    1.336
   5400.00 0.134     610.803      15.292    1380.000       0.000    0.0002    3.347  431.351    4.259  205.604    1.211
   5460.00 0.131     612.268      11.041    1460.000       0.000    0.0002    3.465  467.698    4.767  207.912    1.271
   5520.00 0.134     616.000       6.909    1540.000       0.000    0.0002    3.601  542.255    4.913  210.328    1.515
   5580.00 0.137     620.786       5.893    1420.000       0.000    0.0002    3.720  533.762    4.078  212.720    1.176
   5640.00 0.138     623.540       8.885    1380.000       0.000    0.0002    3.864  353.588    4.927  214.862    1.291
   5700.00 0.135     623.906       4.014    1380.000       0.000    0.0002    4.086  397.194    4.691  216.833    1.081
   5760.00 0.139     623.930       8.842    1380.000       0.000    0.0002    4.356  479.549    4.429  218.838    1.110
   5820.00 0.137     629.626       4.777    1420.000       0.000    0.0002    4.661  609.400    4.808  221.740    1.213
   5880.00 0.140     630.629       2.448    1420.000       0.000    0.0002    5.074  748.987    5.154  226.160    1.484
   5940.00 0.143     626.644       8.253    1380.000       0.000    0.0002    5.473  810.389    5.079  230.852    1.428
   6000.00 0.143     625.342       9.418    1380.000       0.000    0.0002    5.818  715.234    4.459  234.421    1.579
   6060.00 0.145     629.345       6.992    1500.000       0.000    0.0002    6.126  575.818    4.846  237.643    1.445
   6120.00 0.147     632.558       7.243    1460.000       0.000    0.0002    6.350  559.968    5.191  240.960    1.389
   6180.00 0.147     629.584       6.256    1460.000       0.000    0.0002    6.539  669.295    5.550  244.296    1.458
   6240.00 0.148     625.008       7.677    1580.000       0.000    0.0002    6.659  729.771    5.225  247.144    1.518
   6300.00 0.147     622.795       6.423    1460.000       0.000    0.0002    6.679  713.129    4.559  248.981    1.367
   6360.00 0.146     628.333       4.500    1420.000       0.000    0.0002    6.553  737.540    5.051  250.618    1.312
   6420.00 0.146     637.852      10.067    1420.000       0.000    0.0002    6.401  584.862    5.843  252.347    1.326
   6480.00 0.144     641.184       4.535    1460.000       0.000    0.0002    6.275  655.146    6.244  253.231    1.409
   6540.00 0.145     639.160      17.277    1380.000       0.000    0.0002    6.182  781.620    6.984  253.471    1.726
   6600.00 0.147     637.219      14.040    1420.000       0.000    0.0002    6.210  957.753    6.353  253.277    1.378
   6660.00 0.149     637.349       8.020    1500.000       0.000    0.0002    6.221 1018.922    5.490  253.436    1.496
   6720.00 0.140     641.361       9.005    1420.000       0.000    0.0002    6.162 1055.447    4.920  253.524    1.572
   6780.00 0.140     644.293       3.246    1460.000       0.000    0.0002    5.965  944.770    4.310  253.116    1.347
   6840.00 0.141     645.442      11.612    1500.000       0.000    0.0002    5.736  807.829    4.302  253.738    1.396
   6900.00 0.142     644.234      11.291    1620.000       0.000    0.0002    5.496  632.000    4.421  254.084    1.184
   6960.00 0.144     640.981       6.227    1580.000       0.000    0.0002    5.361  556.081    4.511  253.385    1.157
   7020.00 0.146     639.363       2.781    1580.000       0.000    0.0002    5.341  559.531    5.150  252.460    1.485
   7080.00 0.146     635.034       8.826    1460.000       0.000    0.0002    5.445  506.888    4.838  251.800    1.516
   7140.00 0.141     637.778       4.306    1460.000       0.000    0.0002    5.634  490.609    5.144  252.467    1.327
   7200.00 0.142     641.793       9.966    1340.000       0.000    0.0002    5.795  534.277    4.845  254.894    1.268
   7260.00 0.144     642.721       4.490    1500.000       0.000    0.0002    5.921  531.212    4.468  257.812    1.145
   7320.00 0.138     645.300       4.523    1540.000       0.000    0.0002    6.100  432.206    4.311  260.197    1.225
   7380.00 0.143     652.821       6.051    1460.000       0.000    0.0002    6.279  515.593    4.668  262.937    1.403
   7440.00 0.146     659.464      11.792    1460.000       0.000    0.0002    6.477  579.932    4.672  266.028    1.405
   7500.00 0.141     657.708       4.236    1380.000       0.000    0.0002    6.624  697.607    4.942  268.878    1.388
   7560.00 0.145     662.293      16.594    1380.000       0.000    0.0002    6.725  741.167    5.102  272.947    1.365
   7620.00 0.143     667.155      13.220    1380.000       0.000    0.0002    6.797  765.902    5.452  277.561    1.431
   7680.00 0.139     668.281      13.579    1460.000       0.000    0.0002    6.729  823.125    5.266  279.594    1.234
   7740.00 0.139     673.450       6.725    1500.000       0.000    0.0002    6.560  802.717    5.119  278.982    1.225
   7800.00 0.135     657.101       6.268    1460.000       0.000    0.0002    6.385  776.289    4.986  278.574    1.191
   7860.00 0.138     665.319       8.475    1460.000       0.000    0.0002    6.137  752.807    4.674  279.020    1.342
   7920.00 0.139     662.109       7.733    1460.000       0.000    0.0002    5.746  660.865    4.578  278.679    1.483
   7980.00 0.138     664.681      11.241    1460.000       0.000    0.0002    5.245  642.438    6.370  277.538    1.587
   8040.00 0.141     664.429      11.453    1420.000       0.000    0.0002    4.859  770.235    6.751  276.766    1.799
   8100.00 0.139     659.155      10.775    1420.000       0.000    0.0002    4.620  922.577    5.559  275.181    1.630
   8160.00 0.137     645.027       7.023    1420.000       0.000    0.0002    4.399  908.246    5.503  273.110    1.374
   8220.00 0.135     637.278       7.005    1540.000       0.000    0.0002    4.289  956.244    5.449  272.068    1.338
   8280.00 0.137     640.606      10.196    1300.000       0.000    0.0002    4.248  958.030    4.596  271.166    1.296
   8340.00 0.134     643.139       9.562    1380.000       0.000    0.0002    4.263  875.104    4.651  269.980    1.236
   8400.00 0.142     641.448       8.517    1500.000       0.000    0.0002    4.314  749.428    4.811  269.588    0.994
   8460.00 0.142     636.220       8.488    1380.000       0.000    0.0002    4.398  644.459    4.201  269.363    1.132
   8520.00 0.145     647.116       3.879    1420.000       0.000    0.0002    4.515  576.632    5.261  269.159    1.274
   8580.00 0.145     650.084       6.644    1420.000       0.000    0.0002    4.646  603.344    5.364  269.694    1.232
   8640.00 0.146     654.733       2.833    1420.000       0.000    0.0002    4.773  659.239    4.414  270.365    0.958
   8700.00 0.142     653.460       7.573    1380.000       0.000    0.0002    4.891  670.391    4.835  270.925    1.051
   8760.00 0.140     653.252       6.817    1420.000       0.000    0.0002    4.953  680.052    4.800  272.317    1.262
   8820.00 0.138     649.239       8.496    1500.000       0.000    0.0002    4.955  625.853    4.901  274.071    1.190
   8880.00 0.137     650.036       3.737    1460.000       0.000    0.0002    4.920  484.671    5.010  275.119    1.128
   8940.00 0.136     650.233       7.828    1460.000       0.000    0.0002    4.904  422.116    4.806  276.166    1.143
   9000.00 0.133     650.696      11.062    1420.000       0.000    0.0002    4.944  439.645    4.509  277.509    1.083
   9060.00 0.134     651.767      10.455    1460.000       0.000    0.0002    4.948  421.381    4.329  278.794    1.121
   9120.00 0.134     652.701       9.015    1460.000       0.000    0.0002    4.956  428.679    5.180  280.952    1.185
   9180.00 0.129     651.153       8.733    1380.000       0.000    0.0002    5.015  582.846    6.164  283.700    1.549
   9240.00 0.129     649.091       9.886    1420.000       0.000    0.0002    5.115  788.572    6.606  285.798    1.570
   9300.00 0.133     640.659       3.700    1500.000       0.000    0.0002    5.200  889.255    5.690  286.810    1.742
   9360.00 0.138     653.298       9.841    1500.000       0.000    0.0002    5.223  879.607    5.384  287.708    1.846
   9420.00 0.134     644.307       6.861    1500.000       0.000    0.0002    5.173  848.035    5.140  288.836    1.671
   9480.00 0.135     646.207       9.583    1580.000       0.000    0.0002    5.146  694.059    5.006  289.498    1.090
   9540.00 0.138     649.291       5.319    1540.000       0.000    0.0002    5.254  484.590    5.581  290.997    1.199
   9600.00 0.134     648.218      11.382    1500.000       0.000    0.0002    5.476  566.426    6.302  293.710    1.342
   9660.00 0.137     648.206       6.252    1420.000       0.000    0.0002    5.922  772.733    6.703  297.852    1.298
   9720.00 0.139     645.282      13.521    1420.000       0.000    0.0002    6.612  960.521    6.154  303.835    1.445
   9780.00 0.136     640.898       5.027    1460.000       0.000    0.0002    7.416 1064.619    6.533  311.654    1.846
   9840.00 0.140     640.384       5.585    1540.000       0.000    0.0002    8.152 1194.756    7.365  318.574    2.347
   9900.00 0.140     647.644       5.550    1820.000       0.000    0.0002    8.693 1326.613    6.738  323.205    2.399
   9960.00 0.143     663.077       5.197    1940.000       0.000    0.0002    8.727 1276.698    5.976  327.150    2.423
  10020.00 0.140     667.902       4.895    1940.000       0.000    0.0002    8.523 1124.446    5.052  334.604    1.438
  10080.00 0.139     665.954       7.391    1500.000       0.000    0.0002    8.291  965.380    5.380  341.281    1.552
  10140.00 0.139     664.507      10.106    1580.000       0.000    0.0002    7.981  753.825    4.983  338.922    1.427
  10200.00 0.141     668.651       1.142    1580.000       0.000    0.0002    7.696  611.797    5.391  334.697    1.218
  10260.00 0.134     652.204       8.087    1580.000       0.000    0.0002    7.599  778.591    7.172  334.706    1.795
  10320.00 0.141     651.157       8.705    1420.000       0.000    0.0002    7.655  841.469    6.564  335.194    1.492
  10380.00 0.136     661.727      11.475    1460.000       0.000    0.0002    7.854  892.143    6.940  335.807    1.689
  10440.00 0.141     672.803       8.651    1500.000       0.000    0.0002    8.121 1025.111    6.402  336.935    1.555
  10500.00 0.141     670.086       5.699    1580.000       0.000    0.0002    8.243 1047.601    7.118  338.559    1.864
  10560.00 0.145     676.757       8.953    1540.000       0.000    0.0002    8.101 1169.729    9.018  341.219    2.135
  10620.00 0.145     681.450       6.273    1940.000       0.000    0.0002    7.608 1337.519    6.720  341.575    2.069
  10680.00 0.146     682.379      10.754    1980.000       0.000    0.0002    6.826 1042.330    6.004  338.261    1.584
  10740.00 0.144     686.735       8.401    1940.000       0.000    0.0002    5.948  989.798    5.573  334.999    1.493
  10800.00 0.143     684.000       5.470    1500.000       0.000    0.0002    5.206  866.614    4.915  331.356    1.389
  10860.00 0.147     690.116       6.036    1580.000       0.000    0.0002    4.610  731.402    5.874  325.964    1.356
  10920.00 0.143     680.991       5.299    1580.000       0.000    0.0002    4.269  547.848    6.321  321.844    1.271
  10980.00 0.134     661.384       2.769    1540.000       0.000    0.0002    4.150  611.277    5.837  319.002    1.456
  11040.00 0.136     649.443       8.474    1420.000       0.000    0.0002    4.112  528.935    6.148  315.832    1.481
  11100.00 0.139     656.427       3.047    1620.000       0.000    0.0002    4.119  463.169    6.053  313.387    1.292
  11160.00 0.140     659.722       7.374    1540.000       0.000    0.0002    4.139  441.265    4.344  312.635    1.058
  11220.00 0.142     665.498      11.649    1540.000       0.000    0.0002    4.120  429.278    4.682  311.583    1.121
  11280.00 0.141     670.052      12.374    1540.000       0.000    0.0002    4.152  373.590    4.392  310.602    1.072
  11340.00 0.135     670.705       6.655    1580.000       0.000    0.0002    4.220  330.802    4.131  310.058    1.147
  11400.00 0.136     667.527       5.412    1540.000       0.000    0.0002    4.396  362.230    4.800  310.213    1.204
  11460.00 0.137     682.286      10.179    1460.000       0.000    0.0002    4.621  435.844    5.769  311.058    1.261
  11520.00 0.137     675.231      10.676    1500.000       0.000    0.0002    4.826  603.532    6.993  313.071    1.662
  11580.00 0.132     665.028      11.349    1460.000       0.000    0.0002    5.060  765.221    7.358  315.981    1.299
  11640.00 0.134     661.164      11.600    1500.000       0.000    0.0002    5.338  844.615    6.522  318.750    1.672
  11700.00 0.134     662.404       8.670    1460.000       0.000    0.0002    5.575  887.150    7.802  321.886    1.933
  11760.00 0.132     654.222       8.444    1500.000       0.000    0.0002    5.725  900.833    6.434  325.464    1.574
  11820.00 0.128     653.295       8.076    1500.000       0.000    0.0002    5.824  700.929    6.842  328.374    1.458
  11880.00 0.126     654.971       8.936    1500.000       0.000    0.0002    5.979  794.862    6.879  331.257    1.409
  11940.00 0.131     659.703       7.138    1460.000       0.000    0.0002    6.066  880.013    7.599  334.511    1.784
  12000.00 0.129     658.864      10.985    1500.000       0.000    0.0002    5.925  822.030    7.838  335.739    1.949
  12060.00 0.130     678.652       7.753    1940.000       0.000    0.0002    5.663  810.293    7.023  334.963    1.614
  12120.00 0.134     668.509       7.018    1540.000       0.000    0.0002    5.323  800.897    7.051  334.611    1.554
  12180.00 0.136     662.719       8.909    1460.000       0.000    0.0002    5.094  841.264    8.331  335.924    1.696
  12240.00 0.139     657.548       8.581    1540.000       0.000    0.0002    5.091  830.467    7.398  335.689    1.861
  12300.00 0.146     658.863       9.799    1540.000       0.000    0.0002    5.243  854.201    8.274  334.641    1.671
  12360.00 0.148     661.386       8.416    1540.000       0.000    0.0002    5.443  829.150    6.684  333.852    1.757
  12420.00 0.154     661.902       7.132    1500.000       0.000    0.0002    5.546  924.565    6.576  333.821    1.809
  12480.00 0.156     653.188       5.156    1460.000       0.000    0.0002    5.617  740.322    5.925  334.153    1.324
  12540.00 0.160     661.590       6.789    1540.000       0.000    0.0002    5.729  651.094    6.404  335.894    1.303
  12600.00 0.160     667.744       4.665    1500.000       0.000    0.0002    5.976  671.537    6.389  339.282    1.541
  12660.00 0.157     663.676       8.754    1500.000       0.000    0.0002    6.263  622.550    6.254  341.495    1.482
  12720.00 0.151     664.847       4.394    1420.000       0.000    0.0002    6.560  783.448    6.216  343.641    1.445
  12780.00 0.151     680.162       3.955    1500.000       0.000    0.0002    6.832  978.066    6.763  347.281    1.823
  12840.00 0.148     678.512      13.455    1540.000       0.000    0.0002    6.977 1116.820    7.772  349.954    2.364
  12900.00 0.152     683.178      11.043    1940.000       0.000    0.0002    6.829 1036.436    6.180  349.532    2.940
  12960.00 0.144     673.810       5.510    1940.000       0.000    0.0002    6.388  877.220    5.874  349.203    1.480
  13020.00 0.142     678.144      13.986    1940.000       0.000    0.0002    5.984  588.736    6.088  351.691    1.315
  13080.00 0.146     670.385      11.457    1700.000       0.000    0.0002    5.652  575.310    6.407  351.302    1.415
  13140.00 0.146     669.000       5.467    1620.000       0.000    0.0002    5.559  679.152    6.422  348.326    1.513
  13200.00 0.145     666.185      10.723    1460.000       0.000    0.0002    5.660  828.685    6.621  347.644    1.777
  13260.00 0.146     674.983       5.786    1460.000       0.000    0.0002    5.746  886.347    6.261  347.020    1.688
  13320.00 0.142     670.000       9.586    1420.000       0.000    0.0002    5.710  974.107    7.139  343.545    1.654
  13380.00 0.141     677.093       2.076    1500.000       0.000    0.0002    5.496  909.248    5.115  340.590    1.380
  13440.00 0.145     679.966       4.182    1580.000       0.000    0.0002    5.252  619.503    5.117  340.751    1.261
  13500.00 0.145     677.710       6.734    1500.000       0.000    0.0002    4.989  577.710    4.506  341.378    1.182
  13560.00 0.143     683.237       6.951    1500.000       0.000    0.0002    4.750  534.943    4.980  339.985    1.335
  13620.00 0.138     681.837       9.223    1460.000       0.000    0.0002    4.451  503.586    5.468  336.672    1.344
  13680.00 0.141     683.282      11.054    1540.000       0.000    0.0002    4.214  485.080    5.803  334.445    1.301
  13740.00 0.137     679.394       6.168    1460.000       0.000    0.0002    4.122  484.061    5.289  332.440    1.131
  13800.00 0.138     688.975       7.067    1460.000       0.000    0.0002    4.043  418.566    4.660  329.801    1.229
  13860.00 0.141     675.347       3.090    1460.000       0.000    0.0002    3.958  408.586    4.611  328.132    1.102
  13920.00 0.138     666.454       6.489    1380.000       0.000    0.0002    3.771  396.496    4.796  327.592    1.154
  13980.00 0.136     670.504       8.129    1380.000       0.000    0.0002    3.609  476.018    5.377  328.100    1.322
  14040.00 0.135     672.174       8.768    1460.000       0.000    0.0002    3.566  499.790    5.374  330.133    1.257
  14100.00 0.130     661.130       7.684    1380.000       0.000    0.0002    3.703  494.360    5.540  332.085    1.460
  14160.00 0.132     660.668      10.278    1460.000       0.000    0.0002    3.965  465.582    6.116  333.239    1.498
  14220.00 0.133     649.613       8.398    1460.000       0.000    0.0002    4.319  580.477    6.850  336.493    1.529
  14280.00 0.129     649.773       7.197    1460.000       0.000    0.0002    4.783  665.460    6.651  342.431    1.493
  14340.00 0.132     651.852       7.185    1420.000       0.000    0.0002    5.312  690.434    6.982  348.515    1.548
  14400.00 0.136     652.415       7.299    1500.000       0.000    0.0002    5.837  796.345    7.085  354.869    1.760
  14460.00 0.140     659.233       6.690    1540.000       0.000    0.0002    6.374  938.547    7.830  360.203    1.866
  14520.00 0.136     660.716       7.943    1420.000       0.000    0.0002    6.670 1023.527    7.158  362.523    1.911
  14580.00 0.139     669.527       4.273    1940.000       0.000    0.0002    6.719  885.537    7.013  365.616    1.899
  14640.00 0.145     664.932       5.068    1580.000       0.000    0.0002    6.753  747.267    6.904  372.092    1.933
  14700.00 0.145     666.813       7.892    1540.000       0.000    0.0002    6.797  924.350    6.418  376.867    1.759
  14760.00 0.145     665.042       8.773    1500.000       0.000    0.0002    6.863 1106.613    6.407  377.435    1.840
  14820.00 0.152     672.560       6.087    1940.000       0.000    0.0002    6.913 1104.335    5.510  377.316    1.816
  14880.00 0.157     673.064       8.523    1940.000       0.000    0.0002    6.836  898.852    5.948  378.869    1.517
  14940.00 0.156     674.631       9.294    1500.000       0.000    0.0002    6.667  626.263    5.173  381.329    1.331
  15000.00 0.158     686.130       8.514    1500.000       0.000    0.0002    6.499  480.826    6.024  380.756    1.289
  15060.00 0.162     685.257       2.568    1500.000       0.000    0.0002    6.284  578.398    6.641  377.025    1.390
  15120.00 0.162     684.241       5.955    1540.000       0.000    0.0002    6.302  734.431    7.039  376.314    1.518
  15180.00 0.169     685.586       4.949    1500.000       0.000    0.0002    6.430  855.541    7.108  377.636    1.482
  15240.00 0.161     682.848       7.727    1540.000       0.000    0.0002    6.757  952.112    7.080  378.855    1.593
  15300.00 0.161     681.305       9.196    1540.000       0.000    0.0002    7.249 1133.765    8.205  382.961    1.775
  15360.00 0.161     692.485       4.303    1580.000       0.000    0.0002    7.762 1369.135    6.656  390.177    1.773
  15420.00 0.158     686.441       8.690    1940.000       0.000    0.0002    8.075 1349.901    7.250  396.873    2.418
  15480.00 0.161     683.091      13.485    1940.000       0.000    0.0002    8.066 1191.615    6.241  399.662    1.936
  15540.00 0.170     690.831       6.332    1940.000       0.000    0.0002    7.886 1067.982    6.119  401.914    1.631
  15600.00 0.169     681.445       7.023    1940.000       0.000    0.0002    7.600  743.675    6.167  403.926    1.736
  15660.00 0.168     680.378      10.015    1580.000       0.000    0.0002    7.211  756.137    5.691  403.270    1.830
  15720.00 0.164     678.897      10.820    1580.000       0.000    0.0002    6.848  660.128    6.134  399.589    1.738
  15780.00 0.162     682.417       4.804    1620.000       0.000    0.0002    6.555  478.054    5.545  397.326    1.472
  15840.00 0.163     674.111       8.191    1620.000       0.000    0.0002    6.600  559.340    6.684  399.023    1.557
  15900.00 0.163     678.595       8.161    1580.000       0.000    0.0002    6.980  619.338    5.862  401.020    1.688
  15960.00 0.160     681.220      11.799    1500.000       0.000    0.0002    7.589  719.787    6.269  401.539    1.638
  16020.00 0.168     691.047       7.791    1660.000       0.000    0.0002    8.196  807.625    6.688  404.143    1.952
  16080.00 0.162     687.855       7.311    1660.000       0.000    0.0002    8.682  852.497    6.372  409.664    2.325
  16140.00 0.157     690.450       4.992    1940.000       0.000    0.0002    8.994 1050.619    8.260  414.476    2.216
  16200.00 0.162     689.849       7.674    1940.000       0.000    0.0002    9.179 1147.688    8.027  418.367    2.116
  16260.00 0.165     692.533      13.333    1940.000       0.000    0.0002    9.091 1050.376    5.990  421.435    2.152
  16320.00 0.165     694.362       4.777    1940.000       0.000    0.0002    8.798  791.851    5.918  424.069    1.991
  16380.00 0.167     695.095       6.569    1580.000       0.000    0.0002    8.478  723.291    6.718  428.528    1.655
  16440.00 0.167     702.635       6.794    1580.000       0.000    0.0002    8.197  685.243    6.921  431.586    1.644
  16500.00 0.165     702.426       7.278    1540.000       0.000    0.0002    8.205  844.321    7.545  430.748    1.958
  16560.00 0.165     704.504       4.711    1540.000       0.000    0.0002    8.037  983.480    7.882  429.225    1.893
  16620.00 0.162     697.828       5.219    1940.000       0.000    0.0002    7.636 1055.945    8.246  427.261    1.781
  16680.00 0.159     716.098      10.384    1940.000       0.000    0.0002    7.006 1026.614    7.692  423.351    1.800
  16740.00 0.164     710.461      11.293    1580.000       0.000    0.0002    6.482  812.835    6.026  419.842    1.621
  16800.00 0.162     711.008      10.737    1580.000       0.000    0.0002    6.111  573.887    5.943  417.969    1.269
  16860.00 0.154     696.502       5.405    1540.000       0.000    0.0002    6.014  529.831    6.163  415.542    1.428
  16920.00 0.155     689.623      12.830    1460.000       0.000    0.0002    6.209  637.971    6.214  412.106    1.341
  16980.00 0.153     679.808       2.109    1540.000       0.000    0.0002    6.579  637.428    5.626  412.223    1.477
  17040.00 0.152     681.410       9.391    1460.000       0.000    0.0002    7.072  555.349    6.064  415.977    1.604
  17100.00 0.153     680.352       1.920    1540.000       0.000    0.0002    7.530  594.374    7.423  419.846    1.619
  17160.00 0.155     685.575       5.480    1540.000       0.000    0.0002    7.980  766.895    8.175  424.279    1.551
  17220.00 0.156     695.938      10.969    1540.000       0.000    0.0002    8.354  917.854    7.025  431.225    1.496
  17280.00 0.158     704.068       8.844    1540.000       0.000    0.0002    8.773 1060.723    7.957  440.725    2.045
  17340.00 0.154     719.810       7.500    1580.000       0.000    0.0002    9.141 1062.088    8.929  448.173    2.061
  17400.00 0.152     717.785      10.241    1940.000       0.000    0.0002    9.423 1063.100    7.574  452.403    1.896
  17460.00 0.149     719.216       4.183    1940.000       0.000    0.0002    9.818 1196.506    7.166  461.817    1.996
  17520.00 0.144     711.932       6.746    1940.000       0.000    0.0002   10.228 1140.819    8.139  475.040    2.179
  17580.00 0.140     715.594       6.713    1940.000       0.000    0.0002   10.525 1222.979   10.847  482.200    2.460
  17640.00 0.133     704.199       8.435    1940.000       0.000    0.0002   10.447 1486.554    9.250  484.317    2.335
  17700.00 0.140     729.389       5.340    1940.000       0.000    0.0002    9.917 1496.526   10.960  487.431    2.748
  17760.00 0.144     729.048      15.136    1940.000       0.000    0.0002    9.400 1223.129    8.908  485.357    2.299
  17820.00 0.137     701.426       7.415    1940.000       0.000    0.0002    8.858 1269.477    9.698  480.503    2.394
  17880.00 0.135     714.083       9.038    1940.000       0.000    0.0002    8.342 1254.253    7.518  478.048    2.266
  17940.00 0.137     715.943      11.957    1940.000       0.000    0.0002    7.628  967.509    5.368  474.794    1.537
  18000.00 0.135     720.398      13.201    1940.000       0.000    0.0002    6.991  613.119    6.197  468.261    1.465
  18060.00 0.131     708.731       8.694    1540.000       0.000    0.0002    6.649  591.208    6.912  459.088    1.601
  18120.00 0.132     700.148       3.845    1620.000       0.000    0.0002    6.567  666.086    6.447  452.044    1.661
  18180.00 0.136     715.108       6.799    1580.000       0.000    0.0002    6.564  644.799    6.191  449.334    1.515
  18240.00 0.139     709.209       9.490    1620.000       0.000    0.0002    6.592  785.181    6.087  447.558    1.635
  18300.00 0.139     717.364       7.698    1540.000       0.000    0.0002    6.570  873.148    5.326  444.488    1.650
  18360.00 0.138     710.000       7.340    1540.000       0.000    0.0002    6.589  861.112    5.761  442.951    2.151
  18420.00 0.142     718.213       3.196    1940.000       0.000    0.0002    6.487  844.389    5.536  441.745    1.900
  18480.00 0.142     717.907       6.415    1540.000       0.000    0.0002    6.324  790.247    4.899  439.577    1.701
  18540.00 0.136     718.891      10.268    1940.000       0.000    0.0002    6.076  673.773    4.947  439.320    1.463
  18600.00 0.129     717.803       9.091    1580.000       0.000    0.0002    5.909  677.431    5.146  441.896    1.341
  18660.00 0.126     724.264       6.395    1500.000       0.000    0.0002    5.830  695.271    6.701  444.686    1.748
  18720.00 0.124     712.024       9.587    1500.000       0.000    0.0002    6.023  699.554    8.184  444.126    1.766
  18780.00 0.117     695.676       4.033    1620.000       0.000    0.0002    6.397  924.761    8.387  443.593    1.986
  18840.00 0.116     712.211       8.295    1580.000       0.000    0.0002    6.721 1091.609    8.359  449.788    1.843
  18900.00 0.123     725.000       6.270    1940.000       0.000    0.0002    6.810  993.461    7.939  455.828    2.013
  18960.00 0.117     728.524       6.944    1940.000       0.000    0.0002    6.621  903.261    8.906  456.199    2.076
  19020.00 0.120     709.939       9.695    1940.000       0.000    0.0002    6.191 1195.637    9.702  458.098    2.129
  19080.00 0.128     723.726       5.627    1700.000       0.000    0.0002    5.727 1221.404    9.086  460.978    2.150
  19140.00 0.125     700.233       5.136    1940.000       0.000    0.0002    5.271  955.179    8.112  453.211    1.964
  19200.00 0.125     691.440       8.560    1940.000       0.000    0.0002    4.763  850.224    7.069  444.464    1.758
  19260.00 0.124     680.630       7.874    1500.000       0.000    0.0002    4.252  891.693    6.781  441.498    1.682
  19320.00 0.125     673.333       8.000    1660.000       0.000    0.0002    3.789  808.238    6.013  437.002    1.541
  19380.00 0.129     681.176      12.182    1620.000       0.000    0.0002    3.573  811.467    5.777  428.280    1.274
  19440.00 0.130     671.910       7.116    1500.000       0.000    0.0002    3.626  573.213    4.992  422.839    1.347
  19500.00 0.133     680.994      10.792    1700.000       0.000    0.0002    3.902  415.986    5.027  422.350    1.126
  19560.00 0.131     687.015       7.575    1540.000       0.000    0.0002    4.314  408.474    4.596  421.731    1.127
  19620.00 0.134     683.825       9.253    1460.000       0.000    0.0002    4.784  504.974    5.683  420.638    1.289
  19680.00 0.141     685.486      13.229    1500.000       0.000    0.0002    5.183  501.693    5.853  422.087    1.301
  19740.00 0.144     695.864      12.915    1500.000       0.000    0.0002    5.558  410.389    5.830  426.070    1.491
  19800.00 0.149     704.663       2.627    1540.000       0.000    0.0002    5.786  498.305    6.275  429.006    1.607
  19860.00 0.149     717.865      13.235    1540.000       0.000    0.0002    5.930  511.994    6.390  430.228    1.538
  19920.00 0.145     716.538      10.891    1540.000       0.000    0.0002    6.038  646.449    7.683  432.813    1.608
  19980.00 0.147     713.599       9.320    1500.000       0.000    0.0002    6.189  910.406    9.032  437.454    1.987
  20040.00 0.151     725.008       7.270    1580.000       0.000    0.0002    6.299  974.586    7.825  440.931    2.265
  20100.00 0.150     728.442       6.916    1940.000       0.000    0.0002    6.268 1127.127    9.153  440.568    2.245
  20160.00 0.144     716.231       5.093    1940.000       0.000    0.0002    6.075 1168.673    7.719  439.711    2.004
  20220.00 0.137     705.918       3.529    1940.000       0.000    0.0002    5.777 1112.764    8.293  440.835    2.294
  20280.00 0.129     699.393       8.463    1620.000       0.000    0.0002    5.504 1036.620    6.145  441.284    1.440
  20340.00 0.130     702.101       7.655    1540.000       0.000    0.0002    5.278  645.127    6.763  440.273    1.405
  20400.00 0.123     710.376       7.842    1460.000       0.000    0.0002    5.133  529.226    6.814  436.546    1.466
  20460.00 0.122     705.120      12.360    1500.000       0.000    0.0002    5.128  564.206    6.305  432.913    1.351
  20520.00 0.119     708.916       8.712    1460.000       0.000    0.0002    5.197  543.600    6.640  432.069    1.598
  20580.00 0.121     713.117      14.291    1540.000       0.000    0.0002    5.301  760.462    7.778  432.815    1.514
  20640.00 0.124     721.186       7.075    1580.000       0.000    0.0002    5.444  878.857    8.740  433.707    1.906
  20700.00 0.123     723.028      14.143    1540.000       0.000    0.0002    5.586 1205.632    8.283  435.407    2.011
  20760.00 0.119     716.214       6.914    1940.000       0.000    0.0002    5.781 1343.878    8.046  438.399    2.457
  20820.00 0.117     704.833       5.792    1940.000       0.000    0.0002    5.712 1357.678    8.289  438.597    2.682
  20880.00 0.118     705.062      11.535    1940.000       0.000    0.0002    5.383 1227.059    6.441  435.380    2.001
  20940.00 0.123     690.495      11.010    1940.000       0.000    0.0002    4.744  949.597    5.593  435.064    1.917
  21000.00 0.120     704.980       5.224    1940.000       0.000    0.0002    4.060  619.277    4.718  436.504    1.362
  21060.00 0.123     683.141       1.869    1740.000       0.000    0.0002    3.486  393.125    6.024  431.817    1.305
  21120.00 0.125     691.875      11.875    1500.000       0.000    0.0002    3.065  351.252    4.531  422.565    1.073
  21180.00 0.129     694.167       9.091    1500.000       0.000    0.0002    3.150  389.680    4.815  416.315    1.058
  21240.00 0.131     683.389       2.458    1540.000       0.000    0.0002    3.477  453.958    5.294  414.898    1.169
  21300.00 0.137     681.571       3.393    1540.000       0.000    0.0002    3.852  543.814    5.435  415.078    1.372
  21360.00 0.140     696.730       2.435    1540.000       0.000    0.0002    4.071  647.461    6.523  415.822    1.422
  21420.00 0.144     691.361      18.537    1660.000       0.000    0.0002    4.283  777.209    6.720  418.067    1.410
  21480.00 0.146     695.920       4.615    1460.000       0.000    0.0002    4.507  884.074    6.039  422.096    1.712
  21540.00 0.142     689.160       8.268    1540.000       0.000    0.0002    4.738  833.119    6.762  425.998    2.077
  21600.00 0.139     701.406       6.221    1460.000       0.000    0.0002    5.084  808.291    6.693  428.657    1.768
  21660.00 0.140     700.696       7.130    1540.000       0.000    0.0002    5.476  677.747    7.021  432.424    1.682
  21720.00 0.136     700.930       8.408    1580.000       0.000    0.0002    6.056  832.589    8.081  440.955    1.908
  21780.00 0.134     700.000       8.073    1620.000       0.000    0.0002    6.683  991.873    8.080  449.582    2.002
  21840.00 0.140     703.636       9.021    1940.000       0.000    0.0002    7.302 1044.499    6.884  454.347    2.007
  21900.00 0.137     716.980       3.375    1980.000       0.000    0.0002    7.669  766.056    6.164  459.000    1.960
  21960.00 0.138     735.979      11.041    1940.000       0.000    0.0002    7.789  609.442    6.422  466.184    1.634
  22020.00 0.138     744.823       7.660    1700.000       0.000    0.0002    7.678  554.685    6.957  472.830    1.559
  22080.00 0.145     748.350      14.916    1620.000       0.000    0.0002    7.507  640.908    7.811  477.657    1.784
  22140.00 0.140     745.843       7.826    1540.000       0.000    0.0002    7.514  778.865    7.600  480.692    2.060
  22200.00 0.141     750.694       7.118    1540.000       0.000    0.0002    7.478  853.528    7.390  480.295    2.055
  22260.00 0.137     743.908       6.998    1940.000       0.000    0.0002    7.243  817.513    7.993  475.142    2.319
  22320.00 0.138     733.428      12.650    1940.000       0.000    0.0002    6.640  707.204    7.074  472.143    2.276
  22380.00 0.134     729.581      10.237    1980.000       0.000    0.0002    5.909  881.465    8.160  472.972    1.940
  22440.00 0.141     727.820      10.554    1580.000       0.000    0.0002    5.225 1104.769    8.233  469.692    2.343
  22500.00 0.140     705.913       8.591    1940.000       0.000    0.0002    4.742  958.887    6.754  460.426    2.292
  22560.00 0.139     697.684       3.544    1940.000       0.000    0.0002    4.397  836.873    5.839  455.475    1.758
  22620.00 0.143     710.411      13.082    1940.000       0.000    0.0002    4.139  458.210    5.932  457.714    1.607
  22680.00 0.140     710.559       7.867    1540.000       0.000    0.0002    4.019  516.335    5.741  457.265    1.429
  22740.00 0.140     712.845       7.260    1540.000       0.000    0.0002    4.055  637.926    6.482  451.497    1.567
  22800.00 0.142     715.986       7.925    1780.000       0.000    0.0002    4.101  711.507    6.406  447.401    1.711
  22860.00 0.140     717.592       5.026    1540.000       0.000    0.0002    3.950  722.702    6.326  447.065    1.666
  22920.00 0.139     710.070       7.254    1580.000       0.000    0.0002    3.610  644.991    6.491  444.503    1.683
  22980.00 0.143     715.196       9.472    1460.000       0.000    0.0002    3.191  565.681    5.121  439.048    1.643
  23040.00 0.143     703.413       9.113    1500.000       0.000    0.0002    2.794  519.748    4.442  434.458    1.300
  23100.00 0.146     695.058       4.341    1500.000       0.000    0.0002    2.592  358.293    3.971  431.990    1.141
  23160.00 0.152     690.789       9.436    1580.000       0.000    0.0002    2.527  268.102    4.106  428.290    1.156
  23220.00 0.146     679.599       6.555    1500.000       0.000    0.0002    2.579  203.224    4.393  425.006    1.053
  23280.00 0.146     677.095       7.212    1500.000       0.000    0.0002    2.775  253.055    4.207  424.215    1.135
  23340.00 0.145     666.397       4.848    1460.000       0.000    0.0002    3.065  334.673    5.174  424.214    1.213
  23400.00 0.146     668.067       6.867    1500.000       0.000    0.0002    3.504  356.702    5.295  425.750    1.253
  23460.00 0.151     670.210       7.593    1540.000       0.000    0.0002    4.076  400.703    5.717  429.307    1.342
  23520.00 0.160     682.263       7.462    1500.000       0.000    0.0002    4.620  491.094    5.756  432.569    1.433
  23580.00 0.158     689.383       2.685    1340.000       0.000    0.0002    5.106  589.638    6.635  435.954    1.520
  23640.00 0.161     696.309       8.593    1500.000       0.000    0.0002    5.504  553.473    5.902  441.308    1.430
  23700.00 0.155     706.625       9.117    1500.000       0.000    0.0002    5.852  597.235    6.524  446.937    1.511
  23760.00 0.157     707.205       0.000    1460.000       0.000    0.0002    6.065  609.165    7.062  450.891    1.673
  23820.00 0.155     711.924      12.587    1460.000       0.000    0.0002    6.170  615.452    7.469  454.034    1.852
  23880.00 0.163     719.279       4.144    1580.000       0.000    0.0002    6.186  670.917    7.190  457.419    1.678
  23940.00 0.161     722.128       3.769    1500.000       0.000    0.0002    6.168  811.312    8.845  460.302    1.772
  24000.00 0.160     715.769      13.364    1500.000       0.000    0.0002    6.243 1066.221    9.365  461.769    2.003
  24060.00 0.164     717.433      13.552    1940.000       0.000    0.0002    6.207  957.002    8.082  461.051    1.988
  24120.00 0.161     714.788       2.545    1940.000       0.000    0.0002    6.033  787.629    7.746  460.914    1.761
  24180.00 0.159     699.939      10.015    1620.000       0.000    0.0002    5.951  631.476    5.744  464.404    1.645
  24240.00 0.159     697.117       5.123    1620.000       0.000    0.0002    5.949  601.373    6.966  467.229    1.609
  24300.00 0.163     695.157       8.281    1540.000       0.000    0.0002    5.852  712.581    6.987  465.944    1.637
  24360.00 0.163     699.581       8.263    1420.000       0.000    0.0002    5.743  685.656    6.188  463.489    1.387
  24420.00 0.167     709.532       6.023    1460.000       0.000    0.0002    5.662  617.509    5.572  463.507    1.366
  24480.00 0.165     709.007       8.919    1500.000       0.000    0.0002    5.538  423.604    5.197  464.942    1.269
  24540.00 0.169     714.488      15.931    1460.000       0.000    0.0002    5.521  467.638    6.188  465.528    1.450
  24600.00 0.172     712.652       4.936    1500.000       0.000    0.0002    5.725  614.119    7.583  467.378    1.866
  24660.00 0.171     714.629       8.857    1500.000       0.000    0.0002    6.062  789.336    7.880  472.375    1.834
  24720.00 0.168     708.734      12.314    1580.000       0.000    0.0002    6.429  686.064    5.836  476.121    1.624
  24780.00 0.171     713.333      13.362    1620.000       0.000    0.0002    6.757  583.793    7.151  476.746    1.821
  24840.00 0.169     728.208       9.133    1580.000       0.000    0.0002    6.870  700.831    7.155  477.700    1.627
  24900.00 0.171     725.641       4.530    1500.000       0.000    0.0002    7.033  678.288    6.648  482.547    1.633
  24960.00 0.172     728.766       5.901    1420.000       0.000    0.0002    7.461  615.614    6.887  489.058    1.763
  25020.00 0.175     734.350       4.867    1500.000       0.000    0.0002    8.094  667.132    7.126  495.324    1.749
  25080.00 0.165     731.006       7.515    1460.000       0.000    0.0002    8.690  819.262    6.707  502.557    1.859
  25140.00 0.165     732.711       4.533    1580.000       0.000    0.0002    9.393 1006.064    7.148  511.082    2.365
  25200.00 0.167     737.067       5.630    1940.000       0.000    0.0002    9.923 1084.324    7.594  517.434    2.428
  25260.00 0.172     750.028       9.122    1940.000       0.000    0.0002   10.076  912.939    7.067  522.360    1.962
  25320.00 0.175     747.744       5.822    1940.000       0.000    0.0002   10.078  781.240    8.273  531.617    2.038
  25380.00 0.175     747.085       5.523    1660.000       0.000    0.0002    9.917 1033.442    8.944  540.091    2.270
  25440.00 0.171     745.242       6.268    1580.000       0.000    0.0002    9.731  913.665    8.214  540.569    1.812
  25500.00 0.168     744.942       6.541    2020.000       0.000    0.0002    9.509  885.952    7.744  536.794    2.350
  25560.00 0.173     745.915      13.324    1940.000       0.000    0.0002    8.893  872.531    8.423  533.100    2.154
  25620.00 0.172     746.705      12.017    1940.000       0.000    0.0002    8.061  987.231    8.426  533.030    1.925
  25680.00 0.172     739.318       7.756    1940.000       0.000    0.0002    7.285  945.298    6.313  530.171    1.732
  25740.00 0.169     737.922       9.610    1580.000       0.000    0.0002    6.536  714.453    6.256  522.776    1.763
  25800.00 0.168     734.551       4.870    1620.000       0.000    0.0002    5.891  514.826    6.414  514.950    1.602
  25860.00 0.171     726.191       9.187    1580.000       0.000    0.0002    5.425  519.448    5.659  508.376    1.527
  25920.00 0.174     724.607       2.612    1540.000       0.000    0.0002    5.148  455.524    4.952  502.609    1.341
  25980.00 0.172     716.501      11.550    1460.000       0.000    0.0002    5.142  363.053    5.458  497.249    1.425
  26040.00 0.171     710.800       9.400    1500.000       0.000    0.0002    5.339  442.318    5.505  495.748    1.463
  26100.00 0.166     710.514       3.818    1420.000       0.000    0.0002    5.752  518.728    6.781  497.958    1.387
  26160.00 0.169     713.391       8.773    1460.000       0.000    0.0002    6.274  631.244    7.132  499.227    1.529
  26220.00 0.174     735.063       7.770    1460.000       0.000    0.0002    6.682  584.284    7.102  500.985    1.472
  26280.00 0.181     745.514       6.108    1500.000       0.000    0.0002    7.059  642.591    7.103  504.185    1.678
  26340.00 0.187     755.802       8.709    1580.000       0.000    0.0002    7.222  768.659    8.600  505.632    1.775
  26400.00 0.186     760.079       9.384    1540.000       0.000    0.0002    7.209  897.174    8.497  504.850    2.070
  26460.00 0.192     755.095       7.217    1940.000       0.000    0.0002    7.047  981.311    7.778  502.398    2.156
  26520.00 0.187     750.614       4.235    2060.000       0.000    0.0002    6.657  732.139    6.356  499.685    1.626
  26580.00 0.187     756.440       5.314    1660.000       0.000    0.0002    6.175  457.384    5.760  500.554    1.348
  26640.00 0.186     744.888       9.172    1540.000       0.000    0.0002    5.733  265.234    4.857  498.404    1.165
  26700.00 0.190     744.685      10.862    1660.000       0.000    0.0002    5.484  334.885    4.670  494.230    1.168
  26760.00 0.176     734.571       6.537    1580.000       0.000    0.0002    5.484  424.206    5.418  491.668    1.119
  26820.00 0.172     736.993       9.645    1500.000       0.000    0.0002    5.554  474.180    5.071  490.120    1.106
  26880.00 0.168     744.174       7.913    1420.000       0.000    0.0002    5.693  496.997    5.390  491.079    1.429
  26940.00 0.165     737.991       9.335    1540.000       0.000    0.0002    5.854  567.718    5.743  493.401    1.659
  27000.00 0.160     738.901       3.145    1500.000       0.000    0.0002    6.073  549.367    5.531  494.197    1.511
  27060.00 0.159     748.369      11.631    1660.000       0.000    0.0002    6.202  326.263    5.345  495.976    1.390
  27120.00 0.162     753.353       6.586    1580.000       0.000    0.0002    6.325  410.192    6.016  501.712    1.390
  27180.00 0.163     756.527      10.659    1500.000       0.000    0.0002    6.446  499.621    6.506  506.989    1.529
  27240.00 0.160     753.394       7.702    1540.000       0.000    0.0002    6.673  558.420    6.539  508.351    1.632
  27300.00 0.164     747.154       8.584    1500.000       0.000    0.0002    6.800  514.211    6.752  509.150    1.661
  27360.00 0.155     736.157       3.433    1700.000       0.000    0.0002    6.825  512.559    7.214  511.973    1.586
  27420.00 0.157     741.739      10.714    1580.000       0.000    0.0002    6.785  623.423    6.395  515.215    1.737
  27480.00 0.151     738.185      10.081    1540.000       0.000    0.0002    6.641  608.373    5.862  515.566    1.757
  27540.00 0.150     736.039       4.935    1620.000       0.000    0.0002    6.523  468.542    5.627  514.738    1.933
  27600.00 0.152     735.705       4.359    1580.000       0.000    0.0002    6.617  487.546    5.884  515.595    1.407
  27660.00 0.153     734.441       9.073    1540.000       0.000    0.0002    6.891  492.200    5.986  518.331    1.403
  27720.00 0.149     724.967      11.013    1460.000       0.000    0.0002    7.490  525.943    6.484  522.354    1.542
  27780.00 0.154     724.127      11.429    1620.000       0.000    0.0002    8.090  656.865    7.482  527.000    1.622
  27840.00 0.158     739.259       6.883    1500.000       0.000    0.0002    8.653  823.469    8.413  532.903    1.738
  27900.00 0.167     757.654       7.449    1620.000       0.000    0.0002    9.166 1031.164   10.015  542.481    2.149
  27960.00 0.167     755.953       6.891    1940.000       0.000    0.0002    9.627 1355.285    9.769  550.873    2.603
  28020.00 0.167     749.635       5.927    1940.000       0.000    0.0002    9.632 1257.817    9.171  548.871    2.183
  28080.00 0.160     756.925       8.128    1940.000       0.000    0.0002    9.448 1087.073    7.598  548.750    2.079
  28140.00 0.163     755.187      10.254    1940.000       0.000    0.0002    9.086  766.074    6.571  556.133    1.879
  28200.00 0.164     757.313       8.179    1740.000       0.000    0.0002    8.620  715.889    6.161  559.446    1.601
  28260.00 0.160     764.244       7.481    1700.000       0.000    0.0002    8.383  722.183    7.166  557.785    1.790
  28320.00 0.157     751.056       8.292    1620.000       0.000    0.0002    8.389  693.125    7.450  555.464    1.778
  28380.00 0.151     750.049       7.942    1700.000       0.000    0.0002    8.455  751.439    7.261  554.921    1.833
  28440.00 0.147     758.538       9.801    1540.000       0.000    0.0002    8.562  903.458    7.821  558.432    1.896
  28500.00 0.146     755.946       5.729    1620.000       0.000    0.0002    8.748  898.048    8.853  564.490    2.247
  28560.00 0.151     748.142       6.882    1940.000       0.000    0.0002    8.882  970.001    8.645  566.580    2.514
  28620.00 0.156     750.733       9.953    1940.000       0.000    0.0002    8.744 1150.182    8.682  565.281    2.495
  28680.00 0.150     742.284       6.754    1940.000       0.000    0.0002    8.340  947.982    7.424  564.780    2.228
  28740.00 0.148     730.592       1.974    2020.000       0.000    0.0002    8.019  769.851    6.193  567.317    1.775
  28800.00 0.156     748.861       4.555    1940.000       0.000    0.0002    7.776  882.556    6.729  571.819    1.957
