#  time      cc     z_cbase    z_ctop_avg  z_ctop_max      zi         we   <<ql>>  <<ql>>_max   w_max   tke     ql_max
     60.00 0.000       0.000       0.000       0.000       0.000    0.0002    0.000    0.000    0.171  616.622    0.000
    120.00 0.000       0.000       0.000       0.000       0.000    0.0002    0.000    0.000    0.285  417.098    0.000
    180.00 0.000       0.000       0.000       0.000       0.000    0.0002    0.000    0.000    0.309  300.141    0.000
    240.00 0.000       0.000       0.000       0.000       0.000    0.0002    0.000    0.000    0.300  225.802    0.000
    300.00 0.000       0.000       0.000       0.000       0.000    0.0002    0.000    0.000    0.315  176.574    0.000
    360.00 0.000       0.000       0.000       0.000       0.000    0.0002    0.000    0.000    0.338  143.398    0.000
    420.00 0.000       0.000       0.000       0.000       0.000    0.0002    0.000    0.000    0.334  121.131    0.000
    480.00 0.000       0.000       0.000       0.000       0.000    0.0002    0.000    0.000    0.396  105.732    0.000
    540.00 0.000       0.000       0.000       0.000       0.000    0.0002    0.000    0.000    0.419   93.921    0.000
    600.00 0.000       0.000       0.000       0.000       0.000    0.0002    0.000    0.000    0.538   84.648    0.000
    660.00 0.000       0.000       0.000       0.000       0.000    0.0002    0.000    0.000    0.632   78.093    0.000
    720.00 0.000       0.000       0.000       0.000       0.000    0.0002    0.000    0.000    0.672   73.793    0.000
    780.00 0.000       0.000       0.000       0.000       0.000    0.0002    0.000    0.000    0.637   70.999    0.000
    840.00 0.000       0.000       0.000       0.000       0.000    0.0002    0.000    0.000    0.753   69.234    0.000
    900.00 0.000       0.000       0.000       0.000       0.000    0.0002    0.000    0.000    0.823   68.061    0.000
    960.00 0.000       0.000       0.000       0.000       0.000    0.0002    0.000    0.000    0.829   67.480    0.000
   1020.00 0.000       0.000       0.000       0.000       0.000    0.0002    0.000    0.000    0.822   67.953    0.000
   1080.00 0.000     580.000       0.000     580.000       0.000    0.0002    0.001    2.329    0.912   69.513    0.052
   1140.00 0.001     580.000       0.000     580.000       0.000    0.0002    0.002    3.770    0.891   71.793    0.062
   1200.00 0.001     580.000       0.000     580.000       0.000    0.0002    0.004    7.394    0.992   74.742    0.085
   1260.00 0.002     576.000       0.000     660.000       0.000    0.0002    0.009    9.279    1.042   78.516    0.168
   1320.00 0.005     569.474      28.421     660.000       0.000    0.0002    0.018   13.466    1.135   83.225    0.183
   1380.00 0.007     569.333       0.000     660.000       0.000    0.0002    0.036   20.543    1.252   89.056    0.278
   1440.00 0.014     565.714      11.786     660.000       0.000    0.0002    0.062   29.714    1.326   96.122    0.346
   1500.00 0.025     563.762       6.535     660.000       0.000    0.0002    0.115   39.439    1.487  104.302    0.355
   1560.00 0.041     565.238       0.000     660.000       0.000    0.0002    0.211   59.683    1.697  113.532    0.490
   1620.00 0.058     566.102       4.746     740.000       0.000    0.0002    0.351   70.209    1.875  123.872    0.543
   1680.00 0.073     568.704       5.781     740.000       0.000    0.0002    0.558   88.689    2.065  135.302    0.626
   1740.00 0.093     567.717      13.491     820.000       0.000    0.0002    0.840  105.533    2.165  147.664    0.681
   1800.00 0.105     570.093       2.870     860.000       0.000    0.0002    1.215  110.273    2.665  160.797    0.764
   1860.00 0.128     571.848      10.019     900.000       0.000    0.0002    1.669  164.074    3.153  174.429    0.906
   1920.00 0.140     573.438       5.410     980.000       0.000    0.0002    2.221  218.843    3.459  188.336    0.980
   1980.00 0.158     572.890      12.025    1020.000       0.000    0.0002    2.864  251.055    3.648  202.257    1.015
   2040.00 0.169     576.945       7.522    1020.000       0.000    0.0002    3.584  286.389    4.204  215.786    1.100
   2100.00 0.184     580.318       4.218    1300.000       0.000    0.0002    4.389  301.113    4.209  228.712    1.080
   2160.00 0.194     581.259       6.398    1300.000       0.000    0.0002    5.228  324.503    4.559  240.806    1.145
   2220.00 0.197     586.196       6.716    1300.000       0.000    0.0002    6.073  382.627    4.966  251.626    1.234
   2280.00 0.201     590.291       6.311    1340.000       0.000    0.0002    6.892  423.387    4.629  260.700    1.092
   2340.00 0.204     592.854      11.918    1380.000       0.000    0.0002    7.625  486.090    4.642  268.037    1.256
   2400.00 0.207     600.757       6.052    1380.000       0.000    0.0002    8.210  516.934    4.429  273.586    1.335
   2460.00 0.203     605.834       9.916    1300.000       0.000    0.0002    8.657  472.222    4.769  276.578    1.263
   2520.00 0.206     614.347       6.936    1340.000       0.000    0.0002    8.872  400.945    4.743  277.137    1.186
   2580.00 0.205     614.994      10.465    1300.000       0.000    0.0002    8.853  428.633    4.796  275.785    1.445
   2640.00 0.200     623.362       3.922    1500.000       0.000    0.0002    8.650  545.191    5.256  273.305    1.537
   2700.00 0.193     628.872      10.241    1380.000       0.000    0.0002    8.281  679.847    5.177  269.831    1.518
   2760.00 0.184     632.908       3.718    1460.000       0.000    0.0002    7.884  756.719    6.236  265.033    1.722
   2820.00 0.176     635.978       8.793    1420.000       0.000    0.0002    7.335  769.456    5.248  258.338    1.292
   2880.00 0.171     646.439       7.892    1460.000       0.000    0.0002    6.761  758.752    5.443  251.178    1.510
   2940.00 0.157     645.364       9.705    1460.000       0.000    0.0002    6.203  751.799    4.414  244.293    1.314
   3000.00 0.150     638.567      14.788    1460.000       0.000    0.0002    5.555  730.195    3.809  237.373    1.385
   3060.00 0.144     636.582       7.445    1460.000       0.000    0.0002    4.860  604.347    4.027  230.187    1.426
   3120.00 0.140     636.864      12.160    1500.000       0.000    0.0002    4.162  463.966    3.887  222.962    1.233
   3180.00 0.136     637.778      11.039    1420.000       0.000    0.0002    3.534  334.032    4.346  216.257    1.323
   3240.00 0.134     649.891       3.455    1460.000       0.000    0.0002    3.078  302.651    4.147  209.743    1.073
   3300.00 0.131     648.996       8.141    1460.000       0.000    0.0002    2.781  301.780    4.284  203.736    1.052
   3360.00 0.131     649.533       8.561    1420.000       0.000    0.0002    2.598  336.559    4.245  198.481    1.008
   3420.00 0.122     639.679      12.892    1420.000       0.000    0.0002    2.444  364.826    3.973  194.533    1.046
   3480.00 0.116     638.312       6.709    1380.000       0.000    0.0002    2.366  365.507    3.975  191.997    1.205
   3540.00 0.111     637.368       8.114    1340.000       0.000    0.0002    2.281  391.871    3.841  189.421    1.131
   3600.00 0.113     637.365       5.788    1300.000       0.000    0.0002    2.127  374.796    3.879  186.447    1.050
   3660.00 0.112     637.943       9.365    1500.000       0.000    0.0002    1.930  344.268    4.221  183.836    1.030
   3720.00 0.103     633.143       9.048    1380.000       0.000    0.0002    1.741  283.643    4.009  181.598    1.126
   3780.00 0.097     633.033       6.366    1300.000       0.000    0.0002    1.596  303.126    4.402  179.688    1.053
   3840.00 0.095     632.442       0.000    1420.000       0.000    0.0002    1.498  334.471    3.879  178.412    0.942
   3900.00 0.097     636.364      12.273    1300.000       0.000    0.0002    1.461  306.469    3.546  177.699    1.141
   3960.00 0.097     631.587      12.897    1500.000       0.000    0.0002    1.462  269.260    3.769  176.928    1.047
   4020.00 0.094     629.063       8.073    1300.000       0.000    0.0002    1.492  243.439    2.803  176.243    0.742
   4080.00 0.095     628.226      10.746    1300.000       0.000    0.0002    1.536  242.070    3.083  176.336    0.803
   4140.00 0.099     625.209       6.192    1300.000       0.000    0.0002    1.568  234.145    3.388  176.861    0.947
   4200.00 0.105     627.273       7.786    1300.000       0.000    0.0002    1.616  258.951    3.916  177.311    0.945
   4260.00 0.106     629.792       4.203    1300.000       0.000    0.0002    1.683  297.813    4.078  178.137    0.995
   4320.00 0.109     619.641       8.610    1380.000       0.000    0.0002    1.774  296.861    3.607  179.634    0.996
   4380.00 0.107     612.437       5.923    1380.000       0.000    0.0002    1.918  298.612    3.494  181.241    0.993
   4440.00 0.114     614.872       6.838    1460.000       0.000    0.0002    2.106  341.534    3.570  182.857    0.936
   4500.00 0.109     606.250       5.714    1300.000       0.000    0.0002    2.321  351.003    3.444  184.677    0.894
   4560.00 0.115     603.220       5.932    1300.000       0.000    0.0002    2.565  346.483    3.607  186.607    0.986
   4620.00 0.124     609.449       7.402    1380.000       0.000    0.0002    2.793  365.551    3.726  188.797    1.031
   4680.00 0.125     610.721       7.057    1300.000       0.000    0.0002    2.979  419.195    4.900  191.506    1.174
   4740.00 0.126     605.891      10.271    1300.000       0.000    0.0002    3.150  414.799    4.843  194.119    1.089
   4800.00 0.126     602.780       2.317    1300.000       0.000    0.0002    3.325  435.445    4.689  196.253    1.286
   4860.00 0.123     607.327       4.832    1340.000       0.000    0.0002    3.505  460.219    5.282  198.512    1.329
   4920.00 0.125     610.313       7.109    1300.000       0.000    0.0002    3.727  605.235    5.108  201.132    1.173
   4980.00 0.129     611.423       5.655    1300.000       0.000    0.0002    3.930  748.681    5.479  204.224    1.209
   5040.00 0.124     610.787       8.780    1380.000       0.000    0.0002    4.126  942.511    5.869  207.977    1.544
   5100.00 0.128     617.553       6.616    1340.000       0.000    0.0002    4.308  972.498    5.165  211.177    1.440
   5160.00 0.132     614.805       6.605    1340.000       0.000    0.0002    4.489  760.425    5.080  213.367    1.371
   5220.00 0.134     624.526      10.365    1500.000       0.000    0.0002    4.718  663.787    4.813  216.108    1.380
   5280.00 0.136     625.180       8.813    1460.000       0.000    0.0002    4.896  563.599    6.094  218.376    1.825
   5340.00 0.142     634.570      11.993    1500.000       0.000    0.0002    4.926  444.088    4.788  219.231    1.205
   5400.00 0.140     634.286       7.038    1500.000       0.000    0.0002    4.917  472.930    4.425  220.837    1.171
   5460.00 0.136     634.291       8.007    1500.000       0.000    0.0002    4.906  553.747    4.442  223.137    1.254
   5520.00 0.136     638.533       8.157    1500.000       0.000    0.0002    4.931  598.359    4.970  224.992    1.254
   5580.00 0.137     632.906       6.381    1460.000       0.000    0.0002    5.050  591.606    6.120  226.750    1.352
   5640.00 0.138     639.220       8.191    1500.000       0.000    0.0002    5.240  691.061    6.670  229.749    1.481
   5700.00 0.139     631.197      12.746    1380.000       0.000    0.0002    5.385  823.475    6.501  233.360    1.916
   5760.00 0.139     642.113       9.683    1420.000       0.000    0.0002    5.389  782.388    7.570  235.589    2.041
   5820.00 0.134     636.088       8.958    1420.000       0.000    0.0002    5.266  802.574    5.443  236.289    1.493
   5880.00 0.136     644.173       7.086    1460.000       0.000    0.0002    5.072  785.080    4.847  236.088    1.571
   5940.00 0.134     643.139       8.978    1500.000       0.000    0.0002    4.769  699.526    4.859  236.072    1.530
   6000.00 0.128     630.798       4.715    1460.000       0.000    0.0002    4.481  475.366    4.418  235.780    1.070
   6060.00 0.125     631.852       7.057    1420.000       0.000    0.0002    4.307  392.182    3.908  235.473    1.083
   6120.00 0.124     638.625      10.334    1380.000       0.000    0.0002    4.266  469.075    4.108  235.319    1.118
   6180.00 0.120     629.450       7.699    1380.000       0.000    0.0002    4.402  529.350    4.344  235.907    1.155
   6240.00 0.124     636.601      10.949    1420.000       0.000    0.0002    4.624  554.878    5.208  237.684    1.280
   6300.00 0.126     628.837       5.116    1380.000       0.000    0.0002    4.736  599.330    5.134  239.507    1.352
   6360.00 0.128     631.962       6.210    1380.000       0.000    0.0002    4.761  647.624    5.108  240.270    1.255
   6420.00 0.129     634.140       9.414    1460.000       0.000    0.0002    4.702  630.387    4.604  240.043    1.235
   6480.00 0.127     623.314       6.744    1380.000       0.000    0.0002    4.592  637.210    4.371  240.077    1.089
   6540.00 0.128     625.714       9.105    1420.000       0.000    0.0002    4.452  616.089    4.296  239.886    1.199
   6600.00 0.126     632.510      14.208    1420.000       0.000    0.0002    4.213  542.562    4.697  239.009    1.176
   6660.00 0.124     630.414       9.191    1460.000       0.000    0.0002    3.922  483.157    4.876  238.520    1.138
   6720.00 0.124     635.306       3.077    1420.000       0.000    0.0002    3.658  445.350    3.591  237.712    0.918
   6780.00 0.126     631.806       8.816    1460.000       0.000    0.0002    3.460  373.206    3.024  235.838    0.919
   6840.00 0.128     633.992       8.327    1340.000       0.000    0.0002    3.336  369.875    3.772  234.604    0.959
   6900.00 0.130     637.978      11.461    1420.000       0.000    0.0002    3.266  405.831    4.398  234.459    1.139
   6960.00 0.128     631.145       5.496    1300.000       0.000    0.0002    3.302  484.261    4.262  234.294    1.064
   7020.00 0.133     634.459       5.688    1500.000       0.000    0.0002    3.370  491.009    4.485  234.169    1.077
   7080.00 0.135     632.274       6.318    1380.000       0.000    0.0002    3.469  461.988    4.542  234.502    1.154
   7140.00 0.139     627.649       8.561    1300.000       0.000    0.0002    3.575  419.006    4.309  234.895    1.072
   7200.00 0.138     630.389      11.731    1300.000       0.000    0.0002    3.692  453.030    4.450  235.444    0.941
   7260.00 0.139     626.025      14.921    1300.000       0.000    0.0002    3.841  547.651    4.660  236.819    1.012
   7320.00 0.144     627.619       5.952    1420.000       0.000    0.0002    4.054  616.878    4.132  238.694    1.050
   7380.00 0.140     628.307       7.609    1420.000       0.000    0.0002    4.341  674.736    4.003  240.331    1.183
   7440.00 0.139     631.831       1.162    1340.000       0.000    0.0002    4.605  676.085    3.974  242.457    1.351
   7500.00 0.140     641.990       8.517    1420.000       0.000    0.0002    4.843  601.672    4.514  245.503    1.175
   7560.00 0.136     632.760       7.419    1420.000       0.000    0.0002    5.113  504.606    4.892  249.002    1.402
   7620.00 0.138     637.518       6.915    1580.000       0.000    0.0002    5.391  465.793    4.385  252.130    1.071
   7680.00 0.136     640.287       9.068    1420.000       0.000    0.0002    5.649  465.090    4.221  254.953    1.054
   7740.00 0.135     643.207       9.153    1380.000       0.000    0.0002    5.863  455.826    4.585  257.630    1.195
   7800.00 0.136     644.731       9.642    1380.000       0.000    0.0002    6.097  504.214    5.032  260.475    1.165
   7860.00 0.139     642.246      11.088    1460.000       0.000    0.0002    6.478  533.342    4.695  263.982    1.127
   7920.00 0.137     649.214       7.893    1420.000       0.000    0.0002    6.949  507.370    4.697  268.616    1.360
   7980.00 0.139     652.504       6.410    1500.000       0.000    0.0002    7.397  522.017    5.289  273.610    1.250
   8040.00 0.145     659.595       5.565    1420.000       0.000    0.0002    7.820  607.320    6.094  278.746    1.619
   8100.00 0.145     663.446       5.203    1580.000       0.000    0.0002    8.136  707.693    6.191  284.066    1.599
   8160.00 0.146     655.973       5.738    1500.000       0.000    0.0002    8.355  837.997    6.217  288.514    1.750
   8220.00 0.145     653.446       9.730    1460.000       0.000    0.0002    8.366  905.099    8.212  291.404    1.906
   8280.00 0.147     646.312       6.445    1540.000       0.000    0.0002    8.094  840.526    5.969  292.798    2.009
   8340.00 0.152     643.510       8.663    1540.000       0.000    0.0002    7.685  710.770    5.336  293.410    1.590
   8400.00 0.148     660.330       6.568    1580.000       0.000    0.0002    7.146  731.062    6.139  294.830    1.527
   8460.00 0.146     661.141       1.946    1500.000       0.000    0.0002    6.692  758.326    6.406  295.396    1.794
   8520.00 0.145     661.754      12.816    1500.000       0.000    0.0002    6.393  803.363    5.292  292.248    1.653
   8580.00 0.142     666.196       6.196    1460.000       0.000    0.0002    6.066  790.069    5.613  289.638    1.516
   8640.00 0.142     656.638      10.017    1500.000       0.000    0.0002    5.814  707.018    5.223  289.498    1.705
   8700.00 0.139     648.752      11.634    1500.000       0.000    0.0002    5.567  596.677    4.665  288.722    1.462
   8760.00 0.140     652.626       4.661    1540.000       0.000    0.0002    5.331  530.000    4.493  286.342    1.256
   8820.00 0.137     670.961       7.722    1580.000       0.000    0.0002    5.026  512.329    4.971  284.323    1.227
   8880.00 0.134     661.164       4.036    1500.000       0.000    0.0002    4.767  595.683    5.210  282.439    1.301
   8940.00 0.137     660.998       7.415    1460.000       0.000    0.0002    4.570  607.240    4.711  280.528    1.203
   9000.00 0.135     654.234      15.423    1380.000       0.000    0.0002    4.481  518.771    4.302  279.892    1.173
   9060.00 0.129     655.142      10.588    1500.000       0.000    0.0002    4.443  465.425    4.479  279.697    1.084
   9120.00 0.131     657.095      12.626    1500.000       0.000    0.0002    4.431  482.264    4.442  279.119    1.268
   9180.00 0.134     669.836       4.117    1620.000       0.000    0.0002    4.499  507.516    5.071  279.117    1.400
   9240.00 0.128     665.562       7.048    1540.000       0.000    0.0002    4.640  585.074    5.353  280.849    1.415
   9300.00 0.126     662.239      10.463    1460.000       0.000    0.0002    4.885  640.518    5.318  284.394    1.528
   9360.00 0.123     661.270       6.706    1380.000       0.000    0.0002    5.222  672.685    6.173  289.465    1.727
   9420.00 0.122     659.920      11.245    1580.000       0.000    0.0002    5.736  686.218    6.454  294.774    1.457
   9480.00 0.121     658.790       4.153    1540.000       0.000    0.0002    6.239  801.870    6.221  299.100    1.596
   9540.00 0.120     653.008      10.163    1500.000       0.000    0.0002    6.565  905.615    6.657  302.428    1.774
   9600.00 0.124     657.787      11.502    1460.000       0.000    0.0002    6.507  937.584    6.540  302.794    2.036
   9660.00 0.125     650.391      12.148    1460.000       0.000    0.0002    6.154  861.268    7.101  302.804    1.507
   9720.00 0.125     658.750       6.758    1460.000       0.000    0.0002    5.689  871.597    6.054  305.477    1.451
   9780.00 0.123     654.376      11.366    1420.000       0.000    0.0002    5.193  833.043    5.340  305.519    1.236
   9840.00 0.131     647.215       6.692    1540.000       0.000    0.0002    4.847  689.522    5.435  302.338    1.144
   9900.00 0.130     647.266      10.412    1540.000       0.000    0.0002    4.722  727.849    5.523  299.323    1.299
   9960.00 0.127     648.736       6.169    1500.000       0.000    0.0002    4.720  701.494    6.024  295.776    1.688
  10020.00 0.127     652.154       9.500    1460.000       0.000    0.0002    4.681  688.903    5.599  293.319    1.267
  10080.00 0.128     638.438       9.752    1500.000       0.000    0.0002    4.689  542.718    4.248  293.208    1.283
  10140.00 0.128     645.496       2.290    1580.000       0.000    0.0002    4.615  452.012    4.957  292.455    1.113
  10200.00 0.127     653.372       8.748    1460.000       0.000    0.0002    4.512  403.431    4.951  290.696    1.031
  10260.00 0.134     647.127       5.527    1340.000       0.000    0.0002    4.517  422.298    4.690  289.073    1.329
  10320.00 0.133     655.376       4.844    1420.000       0.000    0.0002    4.591  449.743    4.819  288.460    1.099
  10380.00 0.135     660.794       9.567    1500.000       0.000    0.0002    4.766  486.050    4.625  289.137    1.054
  10440.00 0.133     654.338       8.529    1380.000       0.000    0.0002    5.006  483.523    4.842  291.279    1.148
  10500.00 0.132     652.828       4.880    1420.000       0.000    0.0002    5.267  519.571    5.040  293.709    1.217
  10560.00 0.136     652.388       6.248    1460.000       0.000    0.0002    5.498  547.744    4.901  296.150    1.290
  10620.00 0.135     659.492       3.448    1580.000       0.000    0.0002    5.695  508.083    4.655  299.329    1.395
  10680.00 0.141     667.807       6.978    1420.000       0.000    0.0002    5.840  597.576    4.840  303.243    1.334
  10740.00 0.140     675.679      11.951    1460.000       0.000    0.0002    5.936  674.861    5.622  306.263    1.321
  10800.00 0.136     676.403      12.986    1580.000       0.000    0.0002    5.994  672.878    5.551  307.282    1.497
  10860.00 0.136     673.907       7.921    1460.000       0.000    0.0002    6.018  766.710    5.834  308.314    1.557
  10920.00 0.134     669.673       9.055    1460.000       0.000    0.0002    6.124  882.192    5.961  310.874    1.692
  10980.00 0.131     658.290       9.405    1580.000       0.000    0.0002    6.190  837.251    6.111  313.373    1.652
  11040.00 0.135     659.855       6.570    1540.000       0.000    0.0002    6.014  785.010    6.740  314.136    1.845
  11100.00 0.137     652.527       5.801    1940.000       0.000    0.0002    5.716  792.634    5.652  313.243    1.738
  11160.00 0.143     652.821      14.051    1580.000       0.000    0.0002    5.279  573.097    4.927  313.250    1.453
  11220.00 0.144     657.288       5.254    1580.000       0.000    0.0002    4.897  567.493    5.651  313.722    1.294
  11280.00 0.146     656.260       5.442    1500.000       0.000    0.0002    4.763  636.789    5.354  312.067    1.478
  11340.00 0.145     652.323      10.000    1500.000       0.000    0.0002    4.847  608.804    5.023  310.503    1.305
  11400.00 0.146     660.134       5.872    1500.000       0.000    0.0002    5.114  503.642    4.794  311.531    1.286
  11460.00 0.144     665.482       6.058    1460.000       0.000    0.0002    5.289  406.891    4.906  313.375    1.250
  11520.00 0.151     669.499      12.504    1500.000       0.000    0.0002    5.325  437.202    5.246  313.964    1.083
  11580.00 0.154     665.253       2.278    1460.000       0.000    0.0002    5.324  461.658    5.399  314.417    1.321
  11640.00 0.152     668.846       2.596    1420.000       0.000    0.0002    5.325  479.565    5.413  316.814    1.343
  11700.00 0.148     670.921      10.230    1420.000       0.000    0.0002    5.283  482.421    5.633  319.165    1.458
  11760.00 0.147     680.133       2.658    1580.000       0.000    0.0002    5.175  527.968    5.309  318.696    1.510
  11820.00 0.149     676.984       5.213    1460.000       0.000    0.0002    5.034  595.070    6.413  317.728    1.384
  11880.00 0.148     666.722       1.779    1460.000       0.000    0.0002    4.877  648.134    6.341  318.859    1.314
  11940.00 0.146     672.241       9.632    1460.000       0.000    0.0002    4.829  783.986    5.699  319.702    1.485
  12000.00 0.146     663.940       3.172    1460.000       0.000    0.0002    4.839  803.982    6.222  319.341    1.782
  12060.00 0.145     649.293       9.428    1540.000       0.000    0.0002    4.937  834.763    6.483  320.508    1.609
  12120.00 0.145     646.351       6.216    1540.000       0.000    0.0002    5.124  858.143    5.208  322.940    1.671
  12180.00 0.146     647.002       5.226    1580.000       0.000    0.0002    5.235  868.397    5.258  326.081    1.764
  12240.00 0.149     646.340      11.438    1540.000       0.000    0.0002    5.366  814.698    5.926  328.780    1.669
  12300.00 0.144     659.932       7.593    1540.000       0.000    0.0002    5.364  657.197    5.748  330.924    1.296
  12360.00 0.147     658.209       9.154    1500.000       0.000    0.0002    5.464  560.141    6.065  332.362    1.415
  12420.00 0.154     668.903       5.183    1580.000       0.000    0.0002    5.687  606.301    6.703  334.816    1.439
  12480.00 0.154     657.965       8.680    1660.000       0.000    0.0002    6.073  792.828    6.377  339.264    1.508
  12540.00 0.157     649.736       6.656    1460.000       0.000    0.0002    6.573  822.882    7.724  343.807    1.600
  12600.00 0.160     652.195       6.799    1500.000       0.000    0.0002    7.032  936.583    7.479  347.881    1.965
  12660.00 0.158     649.444       6.481    1580.000       0.000    0.0002    7.418  981.558    6.016  350.297    1.957
  12720.00 0.160     656.147       4.098    1940.000       0.000    0.0002    7.737  797.264    6.093  351.341    1.813
  12780.00 0.160     663.364       4.985    1580.000       0.000    0.0002    7.984  801.737    5.606  355.158    1.568
  12840.00 0.156     662.135       8.854    1540.000       0.000    0.0002    8.084  703.528    6.582  359.617    1.720
  12900.00 0.156     668.000      15.688    1540.000       0.000    0.0002    8.143  762.374    6.706  360.738    1.962
  12960.00 0.157     672.547       6.988    1500.000       0.000    0.0002    8.132  780.162    5.770  359.850    1.491
  13020.00 0.153     673.270      12.440    1580.000       0.000    0.0002    8.133  629.850    5.745  361.145    1.388
  13080.00 0.160     677.717       8.158    1420.000       0.000    0.0002    8.107  536.597    5.253  363.647    1.223
  13140.00 0.162     689.744       8.929    1540.000       0.000    0.0002    8.123  546.696    5.066  365.559    1.328
  13200.00 0.163     696.228       5.749    1500.000       0.000    0.0002    8.098  515.607    5.773  367.341    1.223
  13260.00 0.163     688.006       3.328    1500.000       0.000    0.0002    8.182  583.931    6.295  369.568    1.372
  13320.00 0.162     697.470       7.560    1460.000       0.000    0.0002    8.328  754.749    5.828  371.741    1.391
  13380.00 0.157     696.211       5.000    1460.000       0.000    0.0002    8.334  823.436    6.126  373.278    1.271
  13440.00 0.160     689.113       3.089    1540.000       0.000    0.0002    8.333  846.366    6.487  375.457    1.442
  13500.00 0.153     704.904      10.510    1540.000       0.000    0.0002    8.252  940.145    6.450  378.645    1.676
  13560.00 0.154     704.374       5.357    1460.000       0.000    0.0002    8.075  991.467    7.201  379.921    2.129
  13620.00 0.152     701.154       7.051    1540.000       0.000    0.0002    7.667  912.869    5.891  376.672    1.664
  13680.00 0.151     702.649      13.247    1940.000       0.000    0.0002    7.109  711.735    6.268  373.244    1.807
  13740.00 0.153     692.919       8.134    1660.000       0.000    0.0002    6.529  804.868    5.517  371.145    1.661
  13800.00 0.152     684.695      10.386    1540.000       0.000    0.0002    5.986  722.190    5.554  366.711    1.487
  13860.00 0.147     682.222       7.197    1540.000       0.000    0.0002    5.662  686.658    5.098  362.427    1.559
  13920.00 0.151     684.879       4.847    1460.000       0.000    0.0002    5.358  537.683    5.619  359.884    1.592
  13980.00 0.155     683.433      10.488    1460.000       0.000    0.0002    5.196  631.233    6.071  358.889    1.636
  14040.00 0.151     677.032       5.742    1420.000       0.000    0.0002    5.041  577.937    5.561  356.304    1.366
  14100.00 0.148     673.025      10.149    1500.000       0.000    0.0002    4.966  492.340    5.881  353.245    1.185
  14160.00 0.149     671.503       4.118    1460.000       0.000    0.0002    5.039  567.330    6.438  353.109    1.473
  14220.00 0.148     671.974      10.921    1500.000       0.000    0.0002    5.237  696.598    7.247  354.141    1.416
  14280.00 0.146     671.208       6.342    1380.000       0.000    0.0002    5.505  728.909    6.314  355.059    1.500
  14340.00 0.148     675.578       8.581    1540.000       0.000    0.0002    5.780  870.845    7.719  357.114    1.708
  14400.00 0.153     677.088      12.096    1500.000       0.000    0.0002    6.010 1099.909    7.307  359.671    1.945
  14460.00 0.148     671.974       4.803    1940.000       0.000    0.0002    6.203 1187.465    5.994  360.986    1.981
  14520.00 0.151     678.023       7.650    1940.000       0.000    0.0002    6.303 1123.895    5.984  362.264    1.838
  14580.00 0.157     675.614       5.319    1940.000       0.000    0.0002    6.236  789.554    5.773  364.352    1.374
  14640.00 0.155     680.063       6.950    1380.000       0.000    0.0002    6.100  571.672    5.876  366.923    1.374
  14700.00 0.154     684.913      10.396    1460.000       0.000    0.0002    6.057  566.563    5.344  367.821    1.410
  14760.00 0.149     686.492       6.361    1500.000       0.000    0.0002    6.057  707.850    5.761  367.427    1.338
  14820.00 0.151     692.091      11.994    1540.000       0.000    0.0002    6.043  771.059    6.119  366.847    1.577
  14880.00 0.148     682.932       8.040    1460.000       0.000    0.0002    6.024  677.832    5.427  366.332    1.488
  14940.00 0.149     676.890       8.511    1540.000       0.000    0.0002    5.994  465.197    6.010  368.131    1.373
  15000.00 0.150     681.073      11.610    1500.000       0.000    0.0002    6.118  550.545    6.033  372.363    1.615
  15060.00 0.147     688.079       7.848    1580.000       0.000    0.0002    6.238  594.236    6.068  374.482    1.872
  15120.00 0.146     688.027       9.967    1620.000       0.000    0.0002    6.332  674.607    6.293  374.469    2.217
  15180.00 0.149     687.954       7.758    1940.000       0.000    0.0002    6.260  707.781    6.735  373.793    1.777
  15240.00 0.142     688.660      11.959    1500.000       0.000    0.0002    6.011  850.707    5.844  372.997    1.763
  15300.00 0.142     692.828       4.862    1500.000       0.000    0.0002    5.701  828.267    6.090  370.652    1.414
  15360.00 0.139     683.368       5.754    1580.000       0.000    0.0002    5.339  659.162    6.196  369.094    1.570
  15420.00 0.141     685.354      13.851    1500.000       0.000    0.0002    5.045  609.333    6.946  369.517    1.605
  15480.00 0.140     694.346       7.818    1500.000       0.000    0.0002    4.785  466.513    6.204  366.987    1.498
  15540.00 0.139     695.845      12.817    1460.000       0.000    0.0002    4.661  513.716    6.173  362.272    1.429
  15600.00 0.137     695.152      12.906    1420.000       0.000    0.0002    4.564  559.661    6.276  359.687    1.492
  15660.00 0.138     698.513       7.221    1460.000       0.000    0.0002    4.450  598.465    6.049  358.494    1.400
  15720.00 0.138     695.626      12.205    1420.000       0.000    0.0002    4.270  627.439    6.684  356.468    1.365
  15780.00 0.139     692.855       9.002    1580.000       0.000    0.0002    3.983  569.677    6.012  354.219    1.389
  15840.00 0.138     687.491       6.396    1460.000       0.000    0.0002    3.780  511.608    6.238  353.790    1.339
  15900.00 0.140     692.125       8.188    1500.000       0.000    0.0002    3.679  493.187    6.253  354.034    1.461
  15960.00 0.132     675.601      10.758    1500.000       0.000    0.0002    3.770  558.757    6.877  353.591    1.628
  16020.00 0.133     672.744      14.401    1500.000       0.000    0.0002    3.917  563.480    6.041  353.680    1.716
  16080.00 0.129     669.887       2.792    1540.000       0.000    0.0002    4.083  446.300    5.533  354.444    1.415
  16140.00 0.130     685.966       4.353    1500.000       0.000    0.0002    4.283  520.842    6.427  355.256    1.379
  16200.00 0.125     690.275       7.961    1500.000       0.000    0.0002    4.579  605.552    6.969  357.091    1.273
  16260.00 0.127     694.012       7.025    1540.000       0.000    0.0002    5.007  623.281    5.347  360.442    1.301
  16320.00 0.126     686.408      10.680    1500.000       0.000    0.0002    5.529  624.856    5.652  364.497    1.637
  16380.00 0.123     680.398       4.343    1500.000       0.000    0.0002    6.044  461.569    5.687  367.901    1.316
  16440.00 0.123     685.527      14.036    1500.000       0.000    0.0002    6.478  455.072    5.656  372.274    1.271
  16500.00 0.132     692.237       6.913    1500.000       0.000    0.0002    6.881  472.121    5.599  378.391    1.370
  16560.00 0.134     692.860       5.574    1460.000       0.000    0.0002    7.169  605.481    5.372  383.578    1.418
  16620.00 0.133     705.064       4.917    1540.000       0.000    0.0002    7.490  717.482    6.575  388.903    1.729
  16680.00 0.135     707.609      15.652    1460.000       0.000    0.0002    7.679  730.764    6.827  395.104    1.955
  16740.00 0.140     698.957       9.391    1420.000       0.000    0.0002    7.810  827.309    6.648  399.516    1.968
  16800.00 0.141     718.750       6.319    1700.000       0.000    0.0002    7.780  772.069    8.444  402.190    1.875
  16860.00 0.142     709.172      17.241    1500.000       0.000    0.0002    7.560  853.942    6.992  405.100    1.774
  16920.00 0.141     696.960      10.950    1540.000       0.000    0.0002    7.294  644.654    7.223  407.865    1.630
  16980.00 0.140     690.699       9.825    1500.000       0.000    0.0002    7.131  632.727    7.031  409.398    1.558
  17040.00 0.136     689.712       6.367    1580.000       0.000    0.0002    7.157  797.877    7.650  408.442    1.799
  17100.00 0.140     668.571       8.293    1540.000       0.000    0.0002    7.084  687.839    5.977  405.799    1.904
  17160.00 0.147     678.007      12.093    1940.000       0.000    0.0002    6.806  645.375    5.717  404.748    1.712
  17220.00 0.147     679.235       8.719    1660.000       0.000    0.0002    6.330  633.235    7.332  405.081    1.545
  17280.00 0.152     678.812       6.067    1540.000       0.000    0.0002    5.944  677.020    6.210  403.070    1.560
  17340.00 0.154     668.967       8.490    1540.000       0.000    0.0002    5.776  627.375    6.263  399.485    1.499
  17400.00 0.152     667.885       6.699    1500.000       0.000    0.0002    5.698  650.508    6.113  396.799    1.566
  17460.00 0.155     682.306      10.869    1540.000       0.000    0.0002    5.572  712.872    5.542  393.816    1.627
  17520.00 0.155     678.073      10.300    1500.000       0.000    0.0002    5.389  586.646    4.979  391.702    1.362
  17580.00 0.152     681.479       9.968    1580.000       0.000    0.0002    5.260  490.014    6.303  391.009    1.465
  17640.00 0.151     681.519       8.465    1540.000       0.000    0.0002    5.206  459.635    5.196  391.128    1.108
  17700.00 0.155     696.467       6.309    1540.000       0.000    0.0002    5.294  344.100    5.358  391.399    1.384
  17760.00 0.156     705.822       6.823    1580.000       0.000    0.0002    5.502  492.302    6.537  392.702    1.468
  17820.00 0.150     702.545       8.450    1540.000       0.000    0.0002    5.854  548.894    5.891  394.980    1.304
  17880.00 0.144     710.085       3.316    1540.000       0.000    0.0002    6.297  598.291    6.150  397.712    1.505
  17940.00 0.148     722.405      13.641    1500.000       0.000    0.0002    6.583  626.004    6.022  401.097    1.399
  18000.00 0.147     724.636       6.722    1540.000       0.000    0.0002    6.767  550.100    6.120  405.551    1.432
  18060.00 0.144     732.136      11.390    1460.000       0.000    0.0002    6.720  542.296    7.160  408.255    1.539
  18120.00 0.143     742.385      12.572    1460.000       0.000    0.0002    6.427  587.289    7.806  407.338    1.695
  18180.00 0.140     727.387       7.073    1500.000       0.000    0.0002    5.994  739.654    7.839  403.350    1.869
  18240.00 0.146     737.062      12.421    1620.000       0.000    0.0002    5.388  713.133    5.232  399.521    1.455
  18300.00 0.142     719.379      10.345    1580.000       0.000    0.0002    4.768  471.980    5.533  398.713    1.151
  18360.00 0.145     718.986       8.547    1620.000       0.000    0.0002    4.410  351.255    4.723  398.582    1.113
  18420.00 0.138     708.000       6.478    1500.000       0.000    0.0002    4.204  333.096    5.093  395.871    1.372
  18480.00 0.140     692.251       6.911    1500.000       0.000    0.0002    4.034  320.400    5.645  392.751    1.280
  18540.00 0.137     689.751       4.698    1380.000       0.000    0.0002    4.017  367.462    5.405  390.794    1.330
  18600.00 0.139     682.877       6.912    1420.000       0.000    0.0002    4.134  425.744    6.015  390.007    1.355
  18660.00 0.142     681.618      13.563    1500.000       0.000    0.0002    4.381  525.448    7.045  390.060    1.541
  18720.00 0.140     682.098       6.608    1540.000       0.000    0.0002    4.740  589.060    5.981  390.320    1.341
  18780.00 0.143     683.891       3.242    1460.000       0.000    0.0002    5.112  540.893    5.967  391.519    1.347
  18840.00 0.151     687.419       5.129    1540.000       0.000    0.0002    5.464  469.244    5.533  393.893    1.472
  18900.00 0.149     690.033       9.279    1420.000       0.000    0.0002    5.724  406.306    5.875  396.237    1.278
  18960.00 0.147     697.010       2.957    1460.000       0.000    0.0002    6.070  534.781    5.814  401.338    1.234
  19020.00 0.146     707.772       8.878    1500.000       0.000    0.0002    6.632  642.801    6.947  409.199    1.671
  19080.00 0.151     700.194      13.506    1460.000       0.000    0.0002    7.366  771.514    7.129  416.331    1.725
  19140.00 0.148     707.657       6.601    1500.000       0.000    0.0002    8.063  768.556    8.187  422.376    1.705
  19200.00 0.153     719.554       7.962    1540.000       0.000    0.0002    8.628  900.969    7.116  430.931    2.201
  19260.00 0.154     715.365       4.254    1940.000       0.000    0.0002    8.836  809.043    7.077  436.942    2.057
  19320.00 0.160     720.428       8.196    1940.000       0.000    0.0002    8.553  734.138    6.156  439.362    1.789
  19380.00 0.165     723.811       6.056    1540.000       0.000    0.0002    7.840  621.381    6.648  438.211    1.474
  19440.00 0.168     726.453       6.802    1580.000       0.000    0.0002    6.838  476.089    5.892  435.523    1.487
  19500.00 0.171     706.810      10.272    1500.000       0.000    0.0002    6.140  426.461    5.670  433.067    1.250
  19560.00 0.168     703.547       9.419    1500.000       0.000    0.0002    5.671  387.414    5.866  428.465    1.242
  19620.00 0.165     696.154       5.710    1540.000       0.000    0.0002    5.588  424.036    6.117  424.483    1.461
  19680.00 0.163     701.317       4.072    1580.000       0.000    0.0002    5.845  644.951    7.291  424.935    1.573
  19740.00 0.158     693.960       6.718    1500.000       0.000    0.0002    6.320  868.076    8.003  430.287    1.659
  19800.00 0.159     707.446       5.446    1540.000       0.000    0.0002    6.985 1044.927    9.876  439.763    2.268
  19860.00 0.155     696.220       4.031    1500.000       0.000    0.0002    7.789 1454.080    9.213  448.689    2.532
  19920.00 0.163     706.417       3.328    1940.000       0.000    0.0002    8.442 1401.046    8.947  452.548    2.797
  19980.00 0.160     705.175       3.866    1940.000       0.000    0.0002    8.746 1215.860    6.305  458.040    1.795
  20040.00 0.164     711.548       5.952    1940.000       0.000    0.0002    8.835  693.750    6.194  470.006    1.649
  20100.00 0.168     714.614       3.552    1940.000       0.000    0.0002    8.669  656.721    6.563  474.978    1.729
  20160.00 0.167     713.353      10.845    1660.000       0.000    0.0002    8.289  702.572    5.925  470.641    1.743
  20220.00 0.164     719.881      11.577    1580.000       0.000    0.0002    7.753  754.323    5.868  466.723    2.021
  20280.00 0.166     719.971       8.689    1580.000       0.000    0.0002    7.393  611.399    6.099  462.861    1.642
  20340.00 0.166     723.270       7.216    1620.000       0.000    0.0002    7.228  521.041    6.151  459.871    1.319
  20400.00 0.168     721.105       4.186    1540.000       0.000    0.0002    7.313  594.909    6.236  460.183    1.475
  20460.00 0.164     708.000      12.269    1580.000       0.000    0.0002    7.510  576.663    6.634  460.609    1.690
  20520.00 0.165     702.370       2.874    1580.000       0.000    0.0002    7.737  631.451    7.112  460.863    1.684
  20580.00 0.172     709.957       7.624    1620.000       0.000    0.0002    7.817  765.346    7.454  464.035    1.586
  20640.00 0.168     722.467       3.222    1540.000       0.000    0.0002    7.783  760.359    7.241  466.937    1.648
  20700.00 0.173     733.296      10.169    1500.000       0.000    0.0002    7.552  740.511    7.990  467.272    1.958
  20760.00 0.170     735.466       8.034    1500.000       0.000    0.0002    7.353  694.845    6.316  464.975    1.838
  20820.00 0.167     725.226       8.555    1940.000       0.000    0.0002    7.318  639.679    5.680  462.101    2.154
  20880.00 0.166     718.910       2.798    1940.000       0.000    0.0002    7.275  654.579    5.912  460.221    1.689
  20940.00 0.161     726.082      11.074    1620.000       0.000    0.0002    7.355  650.176    5.564  459.005    1.377
  21000.00 0.162     729.502       8.115    1500.000       0.000    0.0002    7.248  642.430    5.945  455.258    1.484
  21060.00 0.158     726.893       8.346    1580.000       0.000    0.0002    7.067  529.460    5.070  450.584    1.243
  21120.00 0.162     740.000       9.594    1540.000       0.000    0.0002    6.734  426.136    5.370  447.568    1.368
  21180.00 0.164     743.463      11.761    1500.000       0.000    0.0002    6.369  494.724    6.310  447.079    1.455
  21240.00 0.166     747.482       8.189    1540.000       0.000    0.0002    6.077  528.950    6.266  447.224    1.432
  21300.00 0.161     742.545       5.667    1540.000       0.000    0.0002    6.007  515.535    6.180  446.128    1.333
  21360.00 0.159     748.554       8.831    1460.000       0.000    0.0002    6.036  591.098    5.678  444.334    1.391
  21420.00 0.155     740.063       5.584    1580.000       0.000    0.0002    6.066  644.007    6.420  442.577    1.676
  21480.00 0.151     740.968       5.323    1580.000       0.000    0.0002    6.050  610.823    6.217  443.484    1.711
  21540.00 0.147     748.785       8.186    1580.000       0.000    0.0002    6.030  708.805    6.213  446.388    1.573
  21600.00 0.143     735.145      15.556    1500.000       0.000    0.0002    6.057  682.819    5.676  447.469    1.488
  21660.00 0.144     729.085       4.576    1580.000       0.000    0.0002    6.041  518.730    6.826  447.580    1.425
  21720.00 0.147     728.686       9.584    1500.000       0.000    0.0002    6.111  597.130    6.585  448.276    1.621
  21780.00 0.145     731.959       9.831    1460.000       0.000    0.0002    6.131  598.077    7.267  447.316    1.483
  21840.00 0.144     725.510       6.429    1540.000       0.000    0.0002    6.202  639.792    6.398  446.263    1.562
  21900.00 0.141     729.671       5.754    1500.000       0.000    0.0002    6.143  817.933    7.742  445.925    1.572
  21960.00 0.144     724.068       8.136    1500.000       0.000    0.0002    5.944  785.052    6.560  445.994    1.637
  22020.00 0.148     722.772       4.356    1580.000       0.000    0.0002    5.702  836.707    6.898  444.812    1.742
  22080.00 0.147     724.040       3.079    1500.000       0.000    0.0002    5.400  731.100    5.912  441.977    1.583
  22140.00 0.148     730.000       8.026    1580.000       0.000    0.0002    5.067  640.297    5.947  439.561    1.470
  22200.00 0.149     721.538       4.648    1540.000       0.000    0.0002    4.870  617.075    5.982  437.317    1.432
  22260.00 0.152     722.866       5.765    1540.000       0.000    0.0002    4.693  618.945    5.474  434.451    1.276
  22320.00 0.151     725.525      10.792    1540.000       0.000    0.0002    4.638  629.921    5.657  430.728    1.473
  22380.00 0.152     723.654       5.962    1500.000       0.000    0.0002    4.674  545.493    6.016  427.209    1.288
  22440.00 0.154     721.113       9.094    1460.000       0.000    0.0002    4.711  480.135    5.517  424.589    1.298
  22500.00 0.151     717.935       8.452    1420.000       0.000    0.0002    4.726  516.833    7.008  423.468    1.510
  22560.00 0.154     713.968       8.794    1460.000       0.000    0.0002    4.667  484.931    6.879  423.563    1.477
  22620.00 0.153     721.952      13.824    1500.000       0.000    0.0002    4.555  494.223    5.726  424.263    1.449
  22680.00 0.152     724.077       7.287    1460.000       0.000    0.0002    4.389  468.545    6.025  422.888    1.287
  22740.00 0.147     723.974       6.722    1460.000       0.000    0.0002    4.309  339.801    4.839  420.244    1.157
  22800.00 0.143     723.316       9.778    1460.000       0.000    0.0002    4.197  247.593    4.861  418.388    1.047
  22860.00 0.146     724.467      11.467    1500.000       0.000    0.0002    4.106  268.639    4.841  418.044    1.074
  22920.00 0.145     719.764       9.309    1580.000       0.000    0.0002    4.101  367.314    4.621  417.644    1.098
  22980.00 0.145     721.347       8.148    1420.000       0.000    0.0002    4.142  413.408    5.260  416.654    1.180
  23040.00 0.142     715.601       2.234    1380.000       0.000    0.0002    4.228  430.350    4.571  416.394    1.349
  23100.00 0.144     717.657      11.205    1540.000       0.000    0.0002    4.336  488.789    5.406  416.581    1.603
  23160.00 0.149     707.660       7.430    1540.000       0.000    0.0002    4.463  456.622    5.575  416.946    1.425
  23220.00 0.150     708.613       5.514    1500.000       0.000    0.0002    4.713  502.463    5.785  418.278    1.446
  23280.00 0.158     707.396       7.304    1500.000       0.000    0.0002    5.044  516.156    5.617  419.643    1.605
  23340.00 0.159     711.138      13.415    1420.000       0.000    0.0002    5.386  473.595    5.137  421.255    1.489
  23400.00 0.162     708.278      11.511    1500.000       0.000    0.0002    5.657  381.046    5.548  424.509    1.325
  23460.00 0.163     714.850       7.066    1540.000       0.000    0.0002    6.049  444.576    6.927  429.326    1.387
  23520.00 0.163     713.253       3.898    1500.000       0.000    0.0002    6.623  533.317    7.784  435.167    1.478
  23580.00 0.156     718.284       4.805    1540.000       0.000    0.0002    7.354  645.682    7.531  442.332    1.686
  23640.00 0.159     720.399      10.445    1460.000       0.000    0.0002    8.139  694.801    7.437  450.666    1.755
  23700.00 0.160     726.137       6.168    1540.000       0.000    0.0002    8.901  853.176    7.129  458.597    1.922
  23760.00 0.161     733.162       6.989    1580.000       0.000    0.0002    9.548  855.176    6.948  466.070    1.817
  23820.00 0.157     736.075       7.913    1940.000       0.000    0.0002    9.918  789.353    7.790  473.990    1.971
  23880.00 0.166     749.086       4.248    1700.000       0.000    0.0002    9.951  778.077    8.382  481.592    1.773
  23940.00 0.164     758.328      11.761    1620.000       0.000    0.0002    9.858  777.940    7.293  486.121    2.046
  24000.00 0.159     754.154       9.292    1940.000       0.000    0.0002    9.866  726.625    6.952  489.688    1.823
  24060.00 0.160     751.847       5.588    1660.000       0.000    0.0002   10.085  726.806    8.015  496.068    1.937
  24120.00 0.162     749.985       2.045    1540.000       0.000    0.0002   10.405  877.395    7.667  505.347    2.057
  24180.00 0.170     749.612      11.568    1580.000       0.000    0.0002   10.500 1036.557    8.048  510.657    2.433
  24240.00 0.173     754.350      17.062    1940.000       0.000    0.0002   10.378  937.986    7.237  512.503    2.169
  24300.00 0.178     763.462       5.467    1940.000       0.000    0.0002   10.206  811.927    8.169  519.640    1.973
  24360.00 0.175     766.611       3.598    1940.000       0.000    0.0002    9.665  852.052    7.770  524.657    1.803
  24420.00 0.173     764.034       5.219    1580.000       0.000    0.0002    8.757  830.270    8.555  521.536    2.052
  24480.00 0.170     758.218       7.500    1940.000       0.000    0.0002    7.670  745.745    7.009  511.626    1.861
  24540.00 0.167     748.492      11.274    1700.000       0.000    0.0002    6.678  628.999    6.212  502.962    1.495
  24600.00 0.166     740.941       9.412    1660.000       0.000    0.0002    5.944  670.255    6.120  497.717    1.870
  24660.00 0.167     740.409       3.299    1540.000       0.000    0.0002    5.554  680.466    6.240  489.277    1.447
  24720.00 0.158     726.213       7.295    1500.000       0.000    0.0002    5.405  795.359    4.403  483.563    1.320
  24780.00 0.164     728.333       6.071    1540.000       0.000    0.0002    5.349  740.540    4.236  481.398    1.271
  24840.00 0.167     732.865       6.637    1540.000       0.000    0.0002    5.399  723.749    5.123  478.599    1.284
  24900.00 0.156     725.398      15.663    1620.000       0.000    0.0002    5.593  650.199    5.193  477.428    1.715
  24960.00 0.159     728.862       3.108    1540.000       0.000    0.0002    5.810  519.559    5.234  479.926    1.379
  25020.00 0.163     733.353       3.952    1660.000       0.000    0.0002    6.110  414.877    5.690  482.803    1.573
  25080.00 0.164     739.168       5.825    1540.000       0.000    0.0002    6.455  352.952    6.213  485.073    1.434
  25140.00 0.171     750.415       8.584    1620.000       0.000    0.0002    6.903  405.519    6.351  488.958    1.563
  25200.00 0.172     754.355       9.021    1500.000       0.000    0.0002    7.171  464.399    6.112  492.239    1.525
  25260.00 0.169     755.109       5.876    1580.000       0.000    0.0002    7.384  409.937    6.558  494.553    1.514
  25320.00 0.175     760.531      10.713    1500.000       0.000    0.0002    7.404  439.497    6.916  498.764    1.694
  25380.00 0.171     756.652      10.043    1540.000       0.000    0.0002    7.330  509.745    6.765  503.169    1.741
  25440.00 0.174     754.081       7.377    1540.000       0.000    0.0002    7.313  496.153    6.563  503.628    1.508
  25500.00 0.175     749.930       5.690    1540.000       0.000    0.0002    7.401  558.595    6.051  503.877    1.590
  25560.00 0.170     746.418       4.642    1580.000       0.000    0.0002    7.518  596.876    7.322  506.479    1.665
  25620.00 0.170     749.094       9.727    1620.000       0.000    0.0002    7.406  710.101    6.452  507.125    1.692
  25680.00 0.170     756.863       4.173    1540.000       0.000    0.0002    7.301  563.392    5.672  505.738    1.480
  25740.00 0.172     756.216       8.307    1580.000       0.000    0.0002    7.084  543.051    5.919  505.443    1.429
  25800.00 0.178     750.604       7.555    1580.000       0.000    0.0002    6.708  425.514    5.573  505.953    1.418
  25860.00 0.172     750.811       8.137    1540.000       0.000    0.0002    6.416  443.480    6.292  504.533    1.505
  25920.00 0.170     755.920      14.569    1540.000       0.000    0.0002    6.260  574.986    7.742  503.126    1.854
  25980.00 0.166     751.101       3.965    1540.000       0.000    0.0002    6.444  907.573    9.152  504.983    1.779
  26040.00 0.160     744.519       5.130    1540.000       0.000    0.0002    6.983  963.965    9.094  509.044    2.043
  26100.00 0.160     734.443       4.916    1940.000       0.000    0.0002    7.577  917.817    8.575  513.681    2.278
  26160.00 0.154     753.671       8.513    1500.000       0.000    0.0002    8.057  907.552    7.508  517.273    2.928
  26220.00 0.156     758.938       5.125    1940.000       0.000    0.0002    8.440  724.931    6.372  520.016    1.746
  26280.00 0.160     752.298      12.207    1940.000       0.000    0.0002    8.687  589.474    6.774  529.126    1.491
  26340.00 0.162     758.160       8.477    1620.000       0.000    0.0002    8.960  616.777    6.555  539.305    1.566
  26400.00 0.161     750.699       7.173    1540.000       0.000    0.0002    9.239  557.007    6.845  540.379    1.795
  26460.00 0.161     760.151       9.380    1540.000       0.000    0.0002    9.302  574.191    6.915  538.037    1.867
  26520.00 0.165     781.302      10.888    1660.000       0.000    0.0002    9.195  660.019    7.100  538.489    1.905
  26580.00 0.168     758.984      10.450    1500.000       0.000    0.0002    8.835  612.124    6.659  538.075    1.513
  26640.00 0.163     763.268       6.057    1540.000       0.000    0.0002    8.417  519.094    6.609  536.485    1.536
  26700.00 0.173     760.480       5.557    1580.000       0.000    0.0002    8.163  472.793    5.385  535.249    1.397
  26760.00 0.174     760.422       9.902    1500.000       0.000    0.0002    8.150  440.287    6.436  536.135    1.650
  26820.00 0.168     764.522      13.913    1580.000       0.000    0.0002    8.541  590.280    6.849  541.887    1.810
  26880.00 0.165     772.533       9.481    1580.000       0.000    0.0002    9.146  708.994    7.325  549.437    1.757
  26940.00 0.168     768.140       5.756    1540.000       0.000    0.0002    9.919  974.779    8.783  556.902    2.154
  27000.00 0.167     773.450       2.222    1540.000       0.000    0.0002   10.522 1236.552    9.959  565.551    2.472
  27060.00 0.171     769.687      10.627    1940.000       0.000    0.0002   10.714 1509.650    9.652  570.372    2.792
  27120.00 0.166     755.516       7.935    1940.000       0.000    0.0002   10.421 1485.929   10.993  567.643    2.863
  27180.00 0.158     754.730       9.183    1940.000       0.000    0.0002    9.848 1548.811    7.909  563.732    2.429
  27240.00 0.154     748.038       2.975    1940.000       0.000    0.0002    8.791  972.974    6.269  562.057    1.666
  27300.00 0.155     749.605       6.730    1660.000       0.000    0.0002    7.681  543.419    6.222  561.001    1.463
  27360.00 0.152     763.253       4.928    1540.000       0.000    0.0002    6.828  496.889    6.143  550.178    1.410
  27420.00 0.151     761.912       4.506    1460.000       0.000    0.0002    6.071  533.534    5.973  531.733    1.266
  27480.00 0.148     755.207      10.215    1620.000       0.000    0.0002    5.652  548.376    5.389  522.107    1.472
  27540.00 0.150     756.000       4.683    1580.000       0.000    0.0002    5.340  562.792    5.068  515.585    1.335
  27600.00 0.144     756.379       8.494    1500.000       0.000    0.0002    5.134  654.887    5.449  507.031    1.419
  27660.00 0.139     745.775       6.303    1660.000       0.000    0.0002    5.060  750.826    6.592  502.059    1.947
  27720.00 0.144     754.830       5.782    1580.000       0.000    0.0002    5.095  777.970    8.024  500.873    2.042
  27780.00 0.140     751.359       5.366    1620.000       0.000    0.0002    5.095  720.260    5.907  498.991    1.691
  27840.00 0.141     741.111      10.590    1740.000       0.000    0.0002    5.110  509.971    6.820  495.949    2.009
  27900.00 0.140     742.792       8.866    1540.000       0.000    0.0002    5.184  532.593    7.614  495.545    1.681
  27960.00 0.142     748.330       9.019    1540.000       0.000    0.0002    5.251  614.334    7.247  496.493    1.771
  28020.00 0.141     740.969       9.723    1580.000       0.000    0.0002    5.411  570.541    6.345  494.865    1.932
  28080.00 0.139     741.474       6.702    1940.000       0.000    0.0002    5.506  523.274    6.385  492.506    1.770
  28140.00 0.142     749.019       5.439    1580.000       0.000    0.0002    5.454  546.263    7.289  493.401    1.582
  28200.00 0.145     758.084       7.462    1580.000       0.000    0.0002    5.479  559.418    6.402  496.760    1.271
  28260.00 0.146     740.940      10.940    1540.000       0.000    0.0002    5.847  628.230    6.068  499.883    1.486
  28320.00 0.139     722.737      12.632    1540.000       0.000    0.0002    6.400  690.286    7.837  502.182    1.772
  28380.00 0.136     714.812      10.268    1620.000       0.000    0.0002    7.148  821.601    8.240  507.492    1.851
  28440.00 0.141     715.903      10.139    1940.000       0.000    0.0002    7.877  995.902    9.871  514.941    2.352
  28500.00 0.142     710.828      11.966    1940.000       0.000    0.0002    8.255 1127.469    9.095  519.064    2.159
  28560.00 0.149     710.378       6.929    1940.000       0.000    0.0002    8.321 1184.571    9.424  520.602    2.187
  28620.00 0.150     725.383       6.819    1940.000       0.000    0.0002    8.041 1107.299    9.518  521.285    2.243
  28680.00 0.152     737.175       8.250    1940.000       0.000    0.0002    7.613 1266.005    9.000  522.087    2.932
  28740.00 0.154     733.724       6.086    1940.000       0.000    0.0002    7.040 1087.312    6.410  521.100    2.242
  28800.00 0.150     745.798      13.485    1940.000       0.000    0.0002    6.669  793.295    7.099  524.194    1.939
