#  time      cc     z_cbase    z_ctop_avg  z_ctop_max      zi         we   <<ql>>  <<ql>>_max   w_max   tke     ql_max
     60.00 0.000       0.000       0.000       0.000       0.000    0.0002    0.000    0.000    0.181  616.601    0.000
    120.00 0.000       0.000       0.000       0.000       0.000    0.0002    0.000    0.000    0.297  417.082    0.000
    180.00 0.000       0.000       0.000       0.000       0.000    0.0002    0.000    0.000    0.323  300.142    0.000
    240.00 0.000       0.000       0.000       0.000       0.000    0.0002    0.000    0.000    0.323  225.804    0.000
    300.00 0.000       0.000       0.000       0.000       0.000    0.0002    0.000    0.000    0.238  176.576    0.000
    360.00 0.000       0.000       0.000       0.000       0.000    0.0002    0.000    0.000    0.291  143.414    0.000
    420.00 0.000       0.000       0.000       0.000       0.000    0.0002    0.000    0.000    0.330  121.150    0.000
    480.00 0.000       0.000       0.000       0.000       0.000    0.0002    0.000    0.000    0.338  105.744    0.000
    540.00 0.000       0.000       0.000       0.000       0.000    0.0002    0.000    0.000    0.342   93.933    0.000
    600.00 0.000       0.000       0.000       0.000       0.000    0.0002    0.000    0.000    0.401   84.656    0.000
    660.00 0.000       0.000       0.000       0.000       0.000    0.0002    0.000    0.000    0.427   78.091    0.000
    720.00 0.000       0.000       0.000       0.000       0.000    0.0002    0.000    0.000    0.471   73.792    0.000
    780.00 0.000       0.000       0.000       0.000       0.000    0.0002    0.000    0.000    0.517   70.998    0.000
    840.00 0.000       0.000       0.000       0.000       0.000    0.0002    0.000    0.000    0.548   69.221    0.000
    900.00 0.000       0.000       0.000       0.000       0.000    0.0002    0.000    0.000    0.655   68.032    0.000
    960.00 0.000       0.000       0.000       0.000       0.000    0.0002    0.000    0.000    0.736   67.444    0.000
   1020.00 0.000       0.000       0.000       0.000       0.000    0.0002    0.000    0.000    0.766   67.935    0.000
   1080.00 0.000       0.000       0.000       0.000       0.000    0.0002    0.000    0.000    0.798   69.546    0.000
   1140.00 0.000       0.000       0.000       0.000       0.000    0.0002    0.000    0.000    0.876   71.895    0.000
   1200.00 0.000       0.000       0.000       0.000       0.000    0.0002    0.000    0.000    0.930   74.944    0.000
   1260.00 0.001     572.000       0.000     580.000       0.000    0.0002    0.000    1.170    0.949   78.898    0.026
   1320.00 0.003     570.769       0.000     580.000       0.000    0.0002    0.005    4.554    0.986   83.884    0.099
   1380.00 0.008     564.516       0.000     580.000       0.000    0.0002    0.019   10.720    1.141   90.103    0.153
   1440.00 0.016     564.848       8.182     660.000       0.000    0.0002    0.047   14.305    1.253   97.684    0.198
   1500.00 0.028     563.509       9.474     660.000       0.000    0.0002    0.106   26.741    1.368  106.525    0.305
   1560.00 0.041     568.333       3.929     660.000       0.000    0.0002    0.216   42.813    1.563  116.565    0.404
   1620.00 0.056     569.091       7.532     660.000       0.000    0.0002    0.389   57.646    1.916  127.851    0.445
   1680.00 0.073     568.993       0.000     700.000       0.000    0.0002    0.650   84.835    2.254  140.324    0.588
   1740.00 0.093     566.526       4.579     740.000       0.000    0.0002    1.032  112.874    2.551  153.839    0.698
   1800.00 0.113     567.905       5.356     780.000       0.000    0.0002    1.552  139.072    3.003  168.238    0.804
   1860.00 0.126     569.246       7.853     780.000       0.000    0.0002    2.205  211.952    3.344  183.231    1.040
   1920.00 0.142     570.706       6.127     860.000       0.000    0.0002    2.999  270.111    4.401  198.516    1.131
   1980.00 0.155     573.428      12.607     900.000       0.000    0.0002    3.883  345.709    4.925  213.605    1.196
   2040.00 0.169     574.038       4.370    1300.000       0.000    0.0002    4.823  403.921    4.532  227.974    1.226
   2100.00 0.177     578.457       7.961    1300.000       0.000    0.0002    5.775  403.445    5.293  241.060    1.307
   2160.00 0.185     584.074       4.921    1300.000       0.000    0.0002    6.582  457.438    4.742  252.169    1.111
   2220.00 0.196     588.458       9.179    1300.000       0.000    0.0002    7.219  453.461    5.022  261.401    1.490
   2280.00 0.201     594.109       5.503    1300.000       0.000    0.0002    7.685  490.593    5.514  268.226    1.642
   2340.00 0.203     597.810       8.183    1420.000       0.000    0.0002    7.841  492.951    5.233  271.966    1.311
   2400.00 0.208     602.400       5.718    1420.000       0.000    0.0002    7.812  566.037    4.228  273.090    1.217
   2460.00 0.211     604.334       4.450    1420.000       0.000    0.0002    7.516  543.683    4.331  271.510    1.265
   2520.00 0.207     616.274       7.099    1420.000       0.000    0.0002    7.012  373.434    4.122  267.968    1.143
   2580.00 0.199     622.693       5.655    1380.000       0.000    0.0002    6.424  352.136    4.241  262.481    0.997
   2640.00 0.192     627.217       9.072    1420.000       0.000    0.0002    5.802  316.737    3.839  255.253    1.044
   2700.00 0.182     628.710       5.430    1460.000       0.000    0.0002    5.215  276.187    3.715  247.124    1.067
   2760.00 0.170     630.659       9.083    1540.000       0.000    0.0002    4.738  286.046    4.516  239.020    1.160
   2820.00 0.159     631.429       6.943    1460.000       0.000    0.0002    4.319  314.537    4.086  231.040    1.170
   2880.00 0.153     637.792       8.000    1300.000       0.000    0.0002    3.937  316.120    4.234  223.009    0.963
   2940.00 0.144     640.237       6.701    1300.000       0.000    0.0002    3.595  302.708    3.911  215.427    1.089
   3000.00 0.134     631.636       4.727    1300.000       0.000    0.0002    3.317  303.042    3.855  208.781    0.979
   3060.00 0.131     637.121       8.112    1300.000       0.000    0.0002    3.119  333.446    4.156  203.096    1.131
   3120.00 0.126     642.824      11.721    1300.000       0.000    0.0002    2.928  403.639    4.354  198.086    1.106
   3180.00 0.124     641.496       9.055    1300.000       0.000    0.0002    2.786  461.958    4.102  193.614    1.094
   3240.00 0.118     635.155       2.733    1300.000       0.000    0.0002    2.657  501.498    4.005  189.686    0.953
   3300.00 0.115     640.299       8.955    1300.000       0.000    0.0002    2.492  522.443    3.688  186.355    0.912
   3360.00 0.115     639.618      11.125    1380.000       0.000    0.0002    2.344  479.802    3.579  183.574    0.984
   3420.00 0.110     639.823       4.558    1420.000       0.000    0.0002    2.200  484.525    4.101  180.860    0.969
   3480.00 0.112     638.824       7.364    1300.000       0.000    0.0002    2.048  499.114    4.023  177.983    0.941
   3540.00 0.106     635.413       4.633    1300.000       0.000    0.0002    1.878  457.219    4.066  175.122    0.912
   3600.00 0.105     633.427       9.138    1340.000       0.000    0.0002    1.712  482.778    3.886  172.993    0.974
   3660.00 0.100     629.343       7.835    1500.000       0.000    0.0002    1.546  426.015    2.819  171.677    0.969
   3720.00 0.096     628.528       8.376    1380.000       0.000    0.0002    1.446  340.690    2.614  170.691    0.895
   3780.00 0.092     624.444       6.349    1300.000       0.000    0.0002    1.394  325.738    2.916  169.606    0.831
   3840.00 0.095     622.062       6.804    1300.000       0.000    0.0002    1.390  370.547    3.507  168.436    0.958
   3900.00 0.097     618.182       6.768    1300.000       0.000    0.0002    1.447  388.063    3.288  167.680    0.882
   3960.00 0.099     619.901       6.040    1180.000       0.000    0.0002    1.541  371.649    3.058  167.434    0.790
   4020.00 0.096     617.354       9.975    1300.000       0.000    0.0002    1.651  316.073    3.358  167.660    0.861
   4080.00 0.100     619.902      12.780    1340.000       0.000    0.0002    1.759  338.770    3.690  168.421    0.998
   4140.00 0.101     615.738       5.278    1300.000       0.000    0.0002    1.885  398.457    4.048  169.585    0.973
   4200.00 0.100     613.545       7.775    1380.000       0.000    0.0002    1.998  453.581    3.878  170.951    0.930
   4260.00 0.104     617.929       4.188    1300.000       0.000    0.0002    2.075  480.902    3.252  172.473    0.992
   4320.00 0.103     614.774       7.886    1380.000       0.000    0.0002    2.147  477.964    3.090  174.068    0.972
   4380.00 0.108     615.395       7.314    1300.000       0.000    0.0002    2.179  429.978    3.126  175.647    0.885
   4440.00 0.107     617.358       7.153    1420.000       0.000    0.0002    2.206  334.210    3.235  177.241    0.909
   4500.00 0.107     614.624       6.014    1300.000       0.000    0.0002    2.227  236.557    3.928  178.943    1.110
   4560.00 0.106     612.610      11.270    1380.000       0.000    0.0002    2.255  277.113    4.147  180.610    1.051
   4620.00 0.113     614.039       9.114    1380.000       0.000    0.0002    2.339  294.933    3.762  182.372    0.935
   4680.00 0.115     609.006       5.243    1420.000       0.000    0.0002    2.468  373.596    4.215  184.429    0.991
   4740.00 0.113     608.547       6.638    1460.000       0.000    0.0002    2.585  435.863    4.910  186.716    1.238
   4800.00 0.113     613.276       8.103    1300.000       0.000    0.0002    2.710  456.225    4.973  189.172    1.051
   4860.00 0.113     609.957       6.537    1300.000       0.000    0.0002    2.881  509.510    3.829  191.826    1.212
   4920.00 0.116     611.158       8.337    1300.000       0.000    0.0002    3.131  471.119    3.852  194.694    1.404
   4980.00 0.120     610.913      10.142    1300.000       0.000    0.0002    3.440  511.438    4.086  197.890    1.414
   5040.00 0.120     611.202       3.870    1380.000       0.000    0.0002    3.766  545.455    3.963  200.975    1.474
   5100.00 0.123     604.891       7.833    1420.000       0.000    0.0002    4.117  475.254    3.868  204.226    1.059
   5160.00 0.127     610.940       1.267    1300.000       0.000    0.0002    4.488  498.882    3.770  207.891    1.061
   5220.00 0.132     617.638      11.734    1300.000       0.000    0.0002    4.762  499.158    4.127  211.646    1.181
   5280.00 0.136     621.077       8.151    1340.000       0.000    0.0002    4.959  482.812    4.307  215.203    1.166
   5340.00 0.137     625.143       8.250    1460.000       0.000    0.0002    5.118  577.607    4.365  218.724    1.224
   5400.00 0.141     632.180       5.779    1380.000       0.000    0.0002    5.135  652.247    5.141  221.668    1.279
   5460.00 0.140     629.913       8.901    1500.000       0.000    0.0002    5.107  696.271    5.003  223.766    1.360
   5520.00 0.142     626.483       4.276    1420.000       0.000    0.0002    5.119  669.796    4.149  225.159    1.392
   5580.00 0.142     631.134      11.478    1460.000       0.000    0.0002    5.137  625.715    4.590  226.516    1.363
   5640.00 0.142     627.780       9.845    1420.000       0.000    0.0002    5.148  622.273    5.436  228.505    1.314
   5700.00 0.138     621.693       6.631    1380.000       0.000    0.0002    5.169  561.429    5.122  230.750    1.262
   5760.00 0.136     627.370       4.937    1380.000       0.000    0.0002    5.288  617.102    4.849  232.659    1.215
   5820.00 0.133     616.324       8.162    1420.000       0.000    0.0002    5.430  627.918    4.212  234.284    1.383
   5880.00 0.132     624.214       6.876    1460.000       0.000    0.0002    5.703  654.308    4.805  236.912    1.499
   5940.00 0.130     630.998       6.064    1460.000       0.000    0.0002    6.008  625.246    5.109  240.259    1.724
   6000.00 0.127     629.711       3.815    1460.000       0.000    0.0002    6.294  728.751    5.303  244.034    1.616
   6060.00 0.127     635.249       5.900    1460.000       0.000    0.0002    6.498  764.068    5.327  248.015    1.585
   6120.00 0.130     640.264       5.198    1380.000       0.000    0.0002    6.609  751.325    5.139  251.011    1.496
   6180.00 0.134     636.892      12.102    1500.000       0.000    0.0002    6.614  678.863    5.885  252.598    1.785
   6240.00 0.139     644.211       4.281    1420.000       0.000    0.0002    6.486  663.433    6.095  254.473    1.361
   6300.00 0.138     648.673      12.460    1420.000       0.000    0.0002    6.383  769.431    6.002  255.897    1.732
   6360.00 0.142     647.148       4.330    1380.000       0.000    0.0002    6.196  742.437    4.597  255.141    1.512
   6420.00 0.142     652.000       8.276    1380.000       0.000    0.0002    5.957  760.862    4.796  254.095    1.185
   6480.00 0.143     652.504       4.566    1460.000       0.000    0.0002    5.663  762.317    5.071  253.483    1.285
   6540.00 0.143     652.287      10.102    1500.000       0.000    0.0002    5.394  675.619    5.251  252.509    1.241
   6600.00 0.139     653.239       7.324    1500.000       0.000    0.0002    5.146  719.974    5.909  252.070    1.394
   6660.00 0.140     644.014       6.353    1500.000       0.000    0.0002    5.023  742.337    5.687  252.771    1.361
   6720.00 0.136     649.568       4.532    1500.000       0.000    0.0002    5.093  782.791    5.804  254.074    1.335
   6780.00 0.135     643.291      10.416    1420.000       0.000    0.0002    5.292  764.276    6.958  255.116    1.551
   6840.00 0.131     643.643       8.178    1540.000       0.000    0.0002    5.498  873.681    7.671  255.923    1.843
   6900.00 0.130     641.124       4.944    1580.000       0.000    0.0002    5.527  990.010    5.662  255.810    1.799
   6960.00 0.135     640.144       5.812    1420.000       0.000    0.0002    5.403  905.128    6.485  254.672    1.986
   7020.00 0.134     637.404       5.667    1420.000       0.000    0.0002    5.166  703.296    5.780  254.467    2.049
   7080.00 0.136     637.245       3.327    1540.000       0.000    0.0002    4.931  603.042    4.970  254.135    1.407
   7140.00 0.143     643.151       8.904    1500.000       0.000    0.0002    4.679  623.193    5.162  252.680    1.437
   7200.00 0.144     644.203       9.831    1540.000       0.000    0.0002    4.442  524.260    4.491  250.571    1.262
   7260.00 0.146     647.733       5.367    1460.000       0.000    0.0002    4.342  476.803    4.809  249.683    1.341
   7320.00 0.138     652.766       5.816    1420.000       0.000    0.0002    4.372  525.110    4.214  250.739    1.394
   7380.00 0.137     656.857       7.857    1420.000       0.000    0.0002    4.500  557.918    4.554  252.010    1.248
   7440.00 0.134     656.211       8.743    1420.000       0.000    0.0002    4.768  519.428    4.797  252.845    1.351
   7500.00 0.135     653.768       3.370    1340.000       0.000    0.0002    5.028  446.554    5.160  253.482    1.580
   7560.00 0.139     654.728       7.979    1420.000       0.000    0.0002    5.250  521.681    5.150  255.019    1.505
   7620.00 0.132     653.863       5.434    1420.000       0.000    0.0002    5.403  459.465    4.893  256.668    1.381
   7680.00 0.134     654.900      14.171    1500.000       0.000    0.0002    5.441  491.572    4.388  257.742    1.186
   7740.00 0.135     651.159       3.370    1420.000       0.000    0.0002    5.372  575.166    4.465  259.705    1.409
   7800.00 0.141     648.601      12.159    1420.000       0.000    0.0002    5.233  575.312    5.173  260.745    1.535
   7860.00 0.142     649.091      13.894    1420.000       0.000    0.0002    5.079  583.780    5.166  260.248    1.434
   7920.00 0.144     650.644       8.983    1420.000       0.000    0.0002    4.899  546.235    4.309  259.832    1.348
   7980.00 0.145     653.255      10.489    1420.000       0.000    0.0002    4.593  488.740    3.837  259.281    1.224
   8040.00 0.146     648.982       5.275    1460.000       0.000    0.0002    4.304  517.145    3.955  258.512    1.039
   8100.00 0.147     653.953       5.449    1460.000       0.000    0.0002    4.023  533.296    4.567  257.330    1.164
   8160.00 0.150     645.710       7.961    1500.000       0.000    0.0002    3.816  524.456    4.785  255.515    1.215
   8220.00 0.145     653.479       8.672    1460.000       0.000    0.0002    3.664  492.050    4.460  254.438    1.186
   8280.00 0.144     649.048       8.367    1380.000       0.000    0.0002    3.590  480.423    5.523  253.893    1.482
   8340.00 0.142     644.467      10.378    1460.000       0.000    0.0002    3.552  470.925    4.843  253.475    1.245
   8400.00 0.142     642.887       4.227    1340.000       0.000    0.0002    3.562  409.157    4.393  253.182    1.081
   8460.00 0.146     647.559       8.194    1420.000       0.000    0.0002    3.546  399.310    4.187  252.957    1.048
   8520.00 0.149     646.798      12.053    1380.000       0.000    0.0002    3.572  383.445    4.114  252.928    1.174
   8580.00 0.147     646.711       6.080    1420.000       0.000    0.0002    3.632  378.517    4.073  252.783    1.211
   8640.00 0.143     640.239       3.385    1540.000       0.000    0.0002    3.705  384.429    4.107  253.328    1.225
   8700.00 0.146     645.400       4.733    1500.000       0.000    0.0002    3.803  443.321    4.262  254.647    1.352
   8760.00 0.145     646.869       8.350    1500.000       0.000    0.0002    3.948  482.179    3.817  255.982    1.206
   8820.00 0.137     642.238       5.293    1380.000       0.000    0.0002    4.077  506.717    4.806  257.629    1.226
   8880.00 0.138     642.624       4.894    1420.000       0.000    0.0002    4.154  514.185    5.207  259.843    1.459
   8940.00 0.140     638.080      11.483    1500.000       0.000    0.0002    4.265  483.125    5.021  261.691    1.366
   9000.00 0.139     642.606       6.232    1420.000       0.000    0.0002    4.375  527.812    5.063  263.368    1.223
   9060.00 0.136     641.290      11.290    1540.000       0.000    0.0002    4.521  533.655    5.215  265.725    1.297
   9120.00 0.139     641.965       3.684    1420.000       0.000    0.0002    4.712  476.595    4.690  268.028    1.437
   9180.00 0.135     648.788       9.331    1460.000       0.000    0.0002    4.826  457.334    4.680  269.712    1.421
   9240.00 0.135     650.469       9.892    1420.000       0.000    0.0002    4.872  492.391    4.836  271.109    1.218
   9300.00 0.137     653.298       7.380    1580.000       0.000    0.0002    4.946  563.975    5.513  272.627    1.256
   9360.00 0.136     652.258      14.767    1420.000       0.000    0.0002    4.995  653.143    4.841  273.771    1.126
   9420.00 0.135     641.877       9.603    1420.000       0.000    0.0002    5.029  651.888    4.526  274.869    1.121
   9480.00 0.135     646.018       4.973    1420.000       0.000    0.0002    5.039  571.091    4.662  276.288    1.215
   9540.00 0.139     645.423      11.514    1460.000       0.000    0.0002    5.076  621.898    5.078  278.236    1.270
   9600.00 0.144     656.604      10.696    1460.000       0.000    0.0002    5.172  656.834    4.929  279.871    1.156
   9660.00 0.142     648.454       6.804    1380.000       0.000    0.0002    5.357  594.653    4.700  281.305    1.259
   9720.00 0.142     645.267       7.711    1460.000       0.000    0.0002    5.552  451.235    5.248  282.968    1.208
   9780.00 0.147     650.631       5.449    1500.000       0.000    0.0002    5.802  495.636    5.433  285.259    1.307
   9840.00 0.154     659.113      10.586    1460.000       0.000    0.0002    5.977  630.410    5.049  287.483    1.223
   9900.00 0.156     663.744       5.460    1500.000       0.000    0.0002    6.246  744.547    5.430  290.437    1.501
   9960.00 0.155     655.339       6.362    1460.000       0.000    0.0002    6.538  784.762    4.935  294.729    1.299
  10020.00 0.149     649.198      16.007    1420.000       0.000    0.0002    6.852  831.187    5.765  300.145    1.543
  10080.00 0.149     657.833      11.166    1500.000       0.000    0.0002    7.176  797.310    5.761  304.732    1.777
  10140.00 0.151     656.052       4.175    1500.000       0.000    0.0002    7.387  707.496    7.194  308.164    1.813
  10200.00 0.152     652.271       4.316    1580.000       0.000    0.0002    7.588  724.165    6.775  312.116    1.606
  10260.00 0.157     655.528       4.130    1580.000       0.000    0.0002    7.819  565.909    6.121  317.202    1.346
  10320.00 0.158     655.920      13.076    1540.000       0.000    0.0002    8.153  612.283    5.065  323.145    1.362
  10380.00 0.157     660.933       8.336    1460.000       0.000    0.0002    8.688  687.888    5.704  329.375    1.595
  10440.00 0.158     664.396      11.796    1460.000       0.000    0.0002    9.419  791.852    6.504  337.238    1.793
  10500.00 0.152     667.267       7.138    1500.000       0.000    0.0002    9.998  843.909    5.996  344.509    1.930
  10560.00 0.141     669.412      13.772    1540.000       0.000    0.0002   10.383  871.521    7.298  352.201    1.672
  10620.00 0.139     679.262       9.912    1540.000       0.000    0.0002   10.837  949.493    7.371  363.562    1.648
  10680.00 0.138     674.088       9.310    1580.000       0.000    0.0002   11.424 1328.874    8.211  377.454    2.129
  10740.00 0.145     674.459       6.858    1500.000       0.000    0.0002   12.012 1591.094    9.782  388.480    2.653
  10800.00 0.135     670.975       4.729    1940.000       0.000    0.0002   12.373 1831.981    8.391  390.676    2.638
  10860.00 0.143     669.162       6.256    1940.000       0.000    0.0002   12.123 1571.774    8.286  391.840    2.305
  10920.00 0.148     677.228       6.898    1940.000       0.000    0.0002   11.188 1202.605    7.636  396.790    2.075
  10980.00 0.151     684.903       6.516    1700.000       0.000    0.0002    9.695  716.248    5.460  396.696    1.435
  11040.00 0.147     682.429       4.626    1620.000       0.000    0.0002    8.412  719.927    4.921  387.090    1.188
  11100.00 0.149     679.051       5.957    1540.000       0.000    0.0002    7.291  694.853    4.716  371.910    1.236
  11160.00 0.151     684.959       6.126    1500.000       0.000    0.0002    6.264  609.682    4.545  359.830    1.109
  11220.00 0.149     675.435       9.195    1460.000       0.000    0.0002    5.542  524.002    4.834  351.315    1.038
  11280.00 0.146     660.201       4.698    1500.000       0.000    0.0002    5.230  521.637    4.750  343.181    1.214
  11340.00 0.144     666.091      11.810    1500.000       0.000    0.0002    5.261  599.314    5.165  337.926    1.373
  11400.00 0.144     668.353       5.942    1500.000       0.000    0.0002    5.468  724.695    5.761  337.086    1.489
  11460.00 0.142     667.586       7.379    1460.000       0.000    0.0002    5.879  820.892    5.836  337.403    1.522
  11520.00 0.138     667.292       8.283    1500.000       0.000    0.0002    6.300  769.269    6.289  337.088    1.567
  11580.00 0.143     677.611       7.816    1620.000       0.000    0.0002    6.621  802.541    6.567  339.317    1.554
  11640.00 0.143     672.534      10.890    1580.000       0.000    0.0002    6.811  931.964    5.748  344.408    1.639
  11700.00 0.143     674.403       6.587    1500.000       0.000    0.0002    6.806  846.146    5.106  347.293    1.481
  11760.00 0.141     678.270       8.166    1500.000       0.000    0.0002    6.614  724.167    5.895  346.999    1.576
  11820.00 0.144     682.441       6.203    1540.000       0.000    0.0002    6.199  516.555    5.786  344.357    1.769
  11880.00 0.145     690.034       7.475    1460.000       0.000    0.0002    5.640  497.338    5.022  339.625    1.606
  11940.00 0.147     702.196      16.173    1500.000       0.000    0.0002    5.006  493.822    4.903  335.538    1.153
  12000.00 0.145     691.987       6.330    1500.000       0.000    0.0002    4.495  403.524    5.585  333.706    1.235
  12060.00 0.142     683.328       3.053    1500.000       0.000    0.0002    4.299  420.366    5.307  333.068    1.648
  12120.00 0.139     662.601       5.272    1540.000       0.000    0.0002    4.297  401.442    4.923  330.988    1.804
  12180.00 0.142     660.755       8.954    1540.000       0.000    0.0002    4.332  408.580    5.052  328.725    1.187
  12240.00 0.138     658.867      11.080    1540.000       0.000    0.0002    4.412  402.269    5.066  328.165    1.160
  12300.00 0.140     647.200       5.496    1460.000       0.000    0.0002    4.563  447.883    4.791  327.533    1.100
  12360.00 0.139     661.471       5.849    1460.000       0.000    0.0002    4.718  430.104    5.340  327.600    1.468
  12420.00 0.142     664.888       8.124    1460.000       0.000    0.0002    4.881  515.849    6.205  329.573    1.532
  12480.00 0.142     664.330       7.148    1460.000       0.000    0.0002    5.002  627.854    5.946  330.300    1.367
  12540.00 0.145     661.014       3.784    1420.000       0.000    0.0002    5.080  646.445    5.635  329.542    1.406
  12600.00 0.144     659.592       7.075    1460.000       0.000    0.0002    5.067  588.037    4.755  330.106    1.355
  12660.00 0.140     663.002       3.979    1460.000       0.000    0.0002    4.940  530.191    4.628  330.954    1.533
  12720.00 0.141     675.139      11.840    1500.000       0.000    0.0002    4.675  566.457    4.825  329.727    1.139
  12780.00 0.135     671.841       5.812    1460.000       0.000    0.0002    4.407  559.651    4.846  327.222    1.168
  12840.00 0.132     675.720       2.657    1460.000       0.000    0.0002    4.191  498.982    4.389  325.631    1.032
  12900.00 0.132     672.620       5.387    1500.000       0.000    0.0002    4.139  465.325    4.347  325.205    1.021
  12960.00 0.128     671.103       8.707    1500.000       0.000    0.0002    4.193  473.322    4.304  324.133    1.071
  13020.00 0.128     678.895      12.152    1380.000       0.000    0.0002    4.239  448.018    4.437  322.640    1.173
  13080.00 0.130     679.850      12.331    1580.000       0.000    0.0002    4.296  349.994    4.696  322.417    1.099
  13140.00 0.123     672.829       6.932    1540.000       0.000    0.0002    4.285  409.761    5.384  323.467    1.238
  13200.00 0.124     669.407       7.391    1380.000       0.000    0.0002    4.284  503.933    5.729  324.710    1.305
  13260.00 0.123     673.624      10.653    1500.000       0.000    0.0002    4.316  523.032    5.284  325.445    1.316
  13320.00 0.125     665.636       2.896    1380.000       0.000    0.0002    4.354  569.648    5.939  325.888    1.338
  13380.00 0.129     670.626       8.387    1500.000       0.000    0.0002    4.395  591.709    6.567  326.693    1.630
  13440.00 0.132     671.926       8.926    1420.000       0.000    0.0002    4.371  558.903    5.622  327.515    1.537
  13500.00 0.133     674.066       4.176    1460.000       0.000    0.0002    4.426  522.159    5.518  329.294    1.387
  13560.00 0.130     659.248       6.992    1460.000       0.000    0.0002    4.581  648.256    6.137  331.554    1.553
  13620.00 0.130     659.173       8.759    1460.000       0.000    0.0002    4.728  719.649    5.689  331.707    1.516
  13680.00 0.125     661.953       9.570    1460.000       0.000    0.0002    4.807  705.053    5.688  331.449    1.352
  13740.00 0.128     661.989       9.981    1500.000       0.000    0.0002    4.808  745.425    5.937  332.801    1.297
  13800.00 0.130     657.824      13.433    1540.000       0.000    0.0002    4.794  796.179    5.892  334.623    1.374
  13860.00 0.128     674.149      11.969    1540.000       0.000    0.0002    4.800  831.588    6.662  336.752    1.503
  13920.00 0.128     673.282      10.802    1500.000       0.000    0.0002    4.931  716.302    6.305  339.586    1.781
  13980.00 0.127     667.245      12.370    1660.000       0.000    0.0002    5.161  745.614    6.232  341.639    1.565
  14040.00 0.123     671.168       1.149    1540.000       0.000    0.0002    5.410  660.229    5.983  341.969    1.752
  14100.00 0.123     683.842       7.604    1580.000       0.000    0.0002    5.521  901.890    6.720  342.940    1.694
  14160.00 0.125     680.469       9.766    1500.000       0.000    0.0002    5.631 1087.288    6.013  346.371    1.657
  14220.00 0.128     671.886       9.600    1500.000       0.000    0.0002    5.759 1203.557    7.281  351.814    1.975
  14280.00 0.128     673.817       9.924    1940.000       0.000    0.0002    5.954 1275.493    7.936  355.751    2.396
  14340.00 0.124     675.810       7.866    1940.000       0.000    0.0002    5.863 1414.689    7.634  353.939    2.717
  14400.00 0.131     674.505       7.178    1940.000       0.000    0.0002    5.402 1405.404    6.162  350.079    2.451
  14460.00 0.129     675.560       9.222    1940.000       0.000    0.0002    4.791  975.203    4.412  351.121    1.632
  14520.00 0.130     671.902       4.708    1940.000       0.000    0.0002    4.343  655.985    4.528  353.117    1.287
  14580.00 0.131     674.870       6.617    1420.000       0.000    0.0002    3.926  406.381    5.359  348.036    1.181
  14640.00 0.135     670.739       2.595    1580.000       0.000    0.0002    3.853  375.198    5.366  342.271    1.054
  14700.00 0.134     664.388       6.033    1460.000       0.000    0.0002    3.946  338.548    4.405  339.051    0.992
  14760.00 0.137     667.487      11.337    1460.000       0.000    0.0002    3.999  334.811    4.436  337.796    1.079
  14820.00 0.139     669.085       4.366    1380.000       0.000    0.0002    3.937  325.642    5.090  337.259    1.130
  14880.00 0.141     679.064       9.671    1500.000       0.000    0.0002    3.825  300.495    4.630  336.953    1.056
  14940.00 0.141     677.439      10.173    1500.000       0.000    0.0002    3.739  349.358    4.406  336.902    1.146
  15000.00 0.136     688.725       8.115    1580.000       0.000    0.0002    3.696  341.845    4.599  336.967    1.371
  15060.00 0.135     682.134       6.799    1500.000       0.000    0.0002    3.619  407.208    5.299  336.914    1.508
  15120.00 0.138     662.822       9.383    1420.000       0.000    0.0002    3.552  424.392    5.295  335.607    1.272
  15180.00 0.139     659.088       7.895    1500.000       0.000    0.0002    3.525  421.101    4.702  334.273    1.253
  15240.00 0.141     656.753      10.812    1420.000       0.000    0.0002    3.521  379.107    5.047  333.608    1.191
  15300.00 0.142     654.648       5.832    1460.000       0.000    0.0002    3.552  339.370    5.218  333.242    1.232
  15360.00 0.147     658.541       9.420    1500.000       0.000    0.0002    3.562  346.348    4.587  333.482    1.044
  15420.00 0.147     666.722       6.090    1500.000       0.000    0.0002    3.613  312.837    4.958  334.637    1.121
  15480.00 0.149     663.535       9.198    1340.000       0.000    0.0002    3.726  360.841    5.247  335.278    1.120
  15540.00 0.153     658.408       5.764    1420.000       0.000    0.0002    3.877  457.831    5.693  335.870    1.212
  15600.00 0.157     663.173       9.393    1380.000       0.000    0.0002    4.008  449.192    4.362  337.851    1.064
  15660.00 0.158     671.420      10.710    1420.000       0.000    0.0002    4.190  331.960    4.466  340.488    1.170
  15720.00 0.161     676.267       4.006    1460.000       0.000    0.0002    4.456  393.009    4.742  342.293    1.123
  15780.00 0.162     673.916       8.343    1380.000       0.000    0.0002    4.697  390.476    4.837  343.942    1.181
  15840.00 0.166     680.236      10.501    1420.000       0.000    0.0002    4.993  434.714    5.768  347.229    1.298
  15900.00 0.161     683.672       8.164    1540.000       0.000    0.0002    5.338  450.863    5.847  350.808    1.477
  15960.00 0.162     679.910       5.581    1460.000       0.000    0.0002    5.694  595.098    7.039  353.718    1.565
  16020.00 0.160     679.726       4.992    1460.000       0.000    0.0002    6.018  724.197    6.220  358.893    1.474
  16080.00 0.158     682.009      10.572    1420.000       0.000    0.0002    6.395  737.456    6.653  365.576    2.038
  16140.00 0.162     690.166       5.882    1460.000       0.000    0.0002    6.753  843.154    6.311  371.230    1.795
  16200.00 0.154     689.114       9.082    1460.000       0.000    0.0002    7.184  968.086    6.416  376.954    2.112
  16260.00 0.151     692.827       4.394    1540.000       0.000    0.0002    7.718  894.990    7.085  386.090    2.092
  16320.00 0.149     689.754      13.103    1460.000       0.000    0.0002    8.316  973.589    7.682  397.237    2.063
  16380.00 0.150     701.173       9.642    1940.000       0.000    0.0002    8.960  989.802    6.433  405.337    2.027
  16440.00 0.151     712.512      10.665    1940.000       0.000    0.0002    9.420 1013.601    7.286  412.041    1.994
  16500.00 0.140     713.543       5.689    1540.000       0.000    0.0002    9.861  964.021    7.502  421.256    1.853
  16560.00 0.141     724.514       6.563    1540.000       0.000    0.0002   10.047  907.747    6.862  427.300    1.833
  16620.00 0.140     723.874      10.785    1940.000       0.000    0.0002    9.970  753.318    6.199  432.525    1.632
  16680.00 0.140     723.386      12.042    1500.000       0.000    0.0002    9.966  691.405    7.580  438.394    1.929
  16740.00 0.142     740.686      11.286    1580.000       0.000    0.0002   10.115  797.170    7.548  443.698    1.783
  16800.00 0.143     729.315      15.034    1540.000       0.000    0.0002   10.348  885.649    9.060  447.639    1.942
  16860.00 0.143     732.479       7.863    1540.000       0.000    0.0002   10.425  994.738    7.879  450.840    2.053
  16920.00 0.150     739.153      10.651    1620.000       0.000    0.0002   10.367 1084.351    7.810  452.129    1.962
  16980.00 0.146     716.913       4.295    1940.000       0.000    0.0002   10.088  931.026    7.156  450.998    1.904
  17040.00 0.147     708.742       5.861    1620.000       0.000    0.0002    9.590  724.481    7.112  451.747    1.959
  17100.00 0.149     713.399      11.888    1700.000       0.000    0.0002    8.807  773.894    8.583  454.323    1.852
  17160.00 0.146     707.947       4.073    1540.000       0.000    0.0002    7.905  776.762    6.876  450.521    1.851
  17220.00 0.146     699.732       7.517    1500.000       0.000    0.0002    7.299  841.969    6.583  439.982    1.772
  17280.00 0.143     689.370       5.622    1540.000       0.000    0.0002    6.799  790.892    5.392  431.446    1.723
  17340.00 0.148     692.541       7.888    1580.000       0.000    0.0002    6.383  725.265    5.503  426.342    1.515
  17400.00 0.150     687.798      14.715    1500.000       0.000    0.0002    6.027  600.938    6.272  423.841    1.359
  17460.00 0.147     685.316       4.585    1540.000       0.000    0.0002    5.982  511.325    6.444  423.622    1.375
  17520.00 0.150     692.431       7.471    1460.000       0.000    0.0002    6.261  628.540    6.950  423.451    1.607
  17580.00 0.151     691.664       5.493    1500.000       0.000    0.0002    6.717  769.611    7.075  421.626    1.595
  17640.00 0.152     693.974       5.064    1500.000       0.000    0.0002    7.235  848.211    6.182  422.334    1.482
  17700.00 0.155     692.986       3.381    1540.000       0.000    0.0002    7.583  763.279    6.644  425.840    1.657
  17760.00 0.161     702.303      11.455    1500.000       0.000    0.0002    7.619  647.233    7.597  427.752    1.583
  17820.00 0.163     696.577       9.550    1500.000       0.000    0.0002    7.505  588.016    6.145  426.984    1.422
  17880.00 0.164     694.993       9.478    1620.000       0.000    0.0002    7.258  532.858    6.340  425.724    1.433
  17940.00 0.162     708.000       4.331    1540.000       0.000    0.0002    7.069  584.216    6.297  426.582    1.591
  18000.00 0.164     705.365       9.359    1500.000       0.000    0.0002    7.075  561.136    6.545  428.172    1.489
  18060.00 0.156     707.524      12.320    1500.000       0.000    0.0002    7.163  459.294    6.097  427.776    1.264
  18120.00 0.157     721.524      13.033    1500.000       0.000    0.0002    7.267  551.010    6.415  427.482    1.558
  18180.00 0.161     724.266      10.590    1580.000       0.000    0.0002    7.287  681.601    7.027  429.640    1.720
  18240.00 0.156     735.228       5.871    1500.000       0.000    0.0002    7.249  760.856    7.518  432.979    1.552
  18300.00 0.160     730.642       8.593    1500.000       0.000    0.0002    7.074  846.203    8.017  433.648    1.764
  18360.00 0.157     727.721       9.674    1540.000       0.000    0.0002    6.740  931.441    6.974  429.890    1.630
  18420.00 0.155     720.094      18.929    1580.000       0.000    0.0002    6.235  751.184    6.183  426.008    1.719
  18480.00 0.153     713.652       8.517    1540.000       0.000    0.0002    5.724  608.473    7.282  424.287    1.570
  18540.00 0.154     703.943      12.623    1580.000       0.000    0.0002    5.156  600.886    6.689  422.615    1.511
  18600.00 0.147     694.020       8.206    1620.000       0.000    0.0002    4.793  622.953    5.667  420.013    1.514
  18660.00 0.147     683.416       5.373    1500.000       0.000    0.0002    4.660  605.785    5.767  416.635    1.700
  18720.00 0.150     687.662       6.006    1540.000       0.000    0.0002    4.689  678.001    6.886  415.303    1.570
  18780.00 0.147     691.814       7.820    1540.000       0.000    0.0002    4.838  740.207    7.257  417.115    1.809
  18840.00 0.147     688.344       5.464    1500.000       0.000    0.0002    5.019  811.846    8.786  418.897    1.908
  18900.00 0.149     682.157       6.928    1620.000       0.000    0.0002    5.026  905.093    6.854  417.571    1.964
  18960.00 0.146     687.940      17.621    1940.000       0.000    0.0002    4.815  606.952    6.436  414.477    1.679
  19020.00 0.145     678.243       7.601    1620.000       0.000    0.0002    4.650  608.974    5.473  415.067    1.409
  19080.00 0.143     673.652      10.922    1540.000       0.000    0.0002    4.585  473.804    5.300  416.766    1.496
  19140.00 0.143     670.512       8.464    1460.000       0.000    0.0002    4.651  407.390    5.394  415.954    1.406
  19200.00 0.146     679.467       8.200    1460.000       0.000    0.0002    4.773  498.293    5.710  414.328    1.578
  19260.00 0.146     680.768       6.244    1420.000       0.000    0.0002    4.911  460.745    5.134  413.751    1.417
  19320.00 0.144     688.231       4.116    1540.000       0.000    0.0002    5.223  376.978    5.412  416.247    1.275
  19380.00 0.144     684.814       7.864    1420.000       0.000    0.0002    5.640  571.971    5.780  422.042    1.472
  19440.00 0.146     683.344      11.371    1500.000       0.000    0.0002    6.375  815.788    6.933  431.167    1.787
  19500.00 0.145     673.649       5.507    1420.000       0.000    0.0002    7.308 1056.510    8.174  444.270    2.155
  19560.00 0.146     677.696       9.482    1460.000       0.000    0.0002    8.288 1243.007    9.856  456.913    2.556
  19620.00 0.148     678.050       1.157    1940.000       0.000    0.0002    9.050 1163.790    9.578  462.923    2.597
  19680.00 0.151     687.358       5.284    1940.000       0.000    0.0002    9.439 1172.664    7.951  467.520    1.905
  19740.00 0.151     695.340      11.036    1940.000       0.000    0.0002    9.623 1045.973    7.404  476.823    2.020
  19800.00 0.156     686.688       4.082    1940.000       0.000    0.0002    9.522  852.450    7.520  482.688    1.908
  19860.00 0.162     693.414      15.801    1580.000       0.000    0.0002    9.269  776.676    6.467  481.293    1.691
  19920.00 0.159     695.890      11.319    1940.000       0.000    0.0002    8.917  644.607    7.143  477.472    1.744
  19980.00 0.157     686.791       5.452    1540.000       0.000    0.0002    8.508  673.286    7.085  475.681    1.610
  20040.00 0.156     696.563      13.281    1500.000       0.000    0.0002    8.370  700.966    6.606  473.993    1.579
  20100.00 0.156     701.066       7.461    1580.000       0.000    0.0002    8.221  633.026    6.343  471.817    1.531
  20160.00 0.167     709.635       2.891    1620.000       0.000    0.0002    7.968  625.854    6.779  471.617    1.446
  20220.00 0.169     712.468       9.784    1500.000       0.000    0.0002    7.757  715.530    7.110  470.709    1.637
  20280.00 0.170     715.552       9.727    1500.000       0.000    0.0002    7.792  606.645    6.257  469.999    1.444
  20340.00 0.173     712.429      13.559    1460.000       0.000    0.0002    7.827  581.842    5.782  471.117    1.490
  20400.00 0.175     712.979      20.224    1540.000       0.000    0.0002    7.820  550.512    6.723  473.439    1.573
  20460.00 0.172     715.249      12.546    1500.000       0.000    0.0002    7.916  594.146    5.689  474.173    1.568
  20520.00 0.174     715.630       5.994    1540.000       0.000    0.0002    8.243  624.376    5.415  475.495    1.460
  20580.00 0.173     718.870      12.373    1580.000       0.000    0.0002    8.634  559.661    5.534  479.865    1.391
  20640.00 0.172     713.523      10.284    1580.000       0.000    0.0002    8.999  498.381    5.636  484.630    1.655
  20700.00 0.172     722.323       6.062    1580.000       0.000    0.0002    9.293  712.289    7.324  488.797    1.615
  20760.00 0.167     727.018       5.994    1620.000       0.000    0.0002    9.783  887.361    8.466  497.243    1.873
  20820.00 0.165     723.111      11.941    1500.000       0.000    0.0002   10.579 1195.181    8.261  509.575    2.175
  20880.00 0.170     724.483       8.678    1940.000       0.000    0.0002   11.227 1252.448    9.442  518.341    2.650
  20940.00 0.164     732.987       8.826    1940.000       0.000    0.0002   11.516 1255.919    8.090  519.922    2.286
  21000.00 0.162     740.965       5.158    1940.000       0.000    0.0002   11.386 1242.552    7.730  523.119    2.273
  21060.00 0.160     752.355       7.278    1940.000       0.000    0.0002   11.028 1162.827    6.836  531.442    1.703
  21120.00 0.158     755.926      11.019    1940.000       0.000    0.0002   10.628  778.340    7.494  537.448    1.935
  21180.00 0.158     751.808      10.386    1940.000       0.000    0.0002   10.421  967.415    6.793  537.281    1.992
  21240.00 0.154     746.995       7.091    1580.000       0.000    0.0002   10.184  863.609    6.504  532.296    2.019
  21300.00 0.150     753.247       9.968    1940.000       0.000    0.0002    9.587  747.688    6.659  525.254    2.033
  21360.00 0.153     764.256       5.216    1620.000       0.000    0.0002    8.675  569.765    5.961  521.506    1.465
  21420.00 0.146     772.496       3.183    1620.000       0.000    0.0002    7.769  496.687    6.366  517.503    1.429
  21480.00 0.145     779.595      10.676    1580.000       0.000    0.0002    7.090  630.629    5.983  509.010    1.541
  21540.00 0.140     767.038      10.139    1580.000       0.000    0.0002    6.808  805.842    6.451  500.949    1.740
  21600.00 0.137     746.643       3.679    1660.000       0.000    0.0002    6.813  853.055    6.840  496.871    1.824
  21660.00 0.135     732.958       9.437    1660.000       0.000    0.0002    6.863  967.773    6.911  495.903    1.955
  21720.00 0.133     720.552       4.567    1940.000       0.000    0.0002    6.876 1009.541    7.711  494.441    2.367
  21780.00 0.131     739.551       9.346    1940.000       0.000    0.0002    6.726  791.615    6.611  493.244    1.874
  21840.00 0.134     725.255       8.394    1940.000       0.000    0.0002    6.379  913.541    7.847  491.933    2.115
  21900.00 0.132     738.741       4.889    1740.000       0.000    0.0002    5.924  873.039    6.526  486.759    2.150
  21960.00 0.133     734.926      10.772    1940.000       0.000    0.0002    5.408  695.406    6.400  478.316    2.256
  22020.00 0.133     725.495       4.689    1940.000       0.000    0.0002    4.776  491.053    5.575  469.717    1.658
  22080.00 0.135     726.957       9.710    1620.000       0.000    0.0002    4.210  369.641    4.471  465.579    1.114
  22140.00 0.131     732.924       5.512    1540.000       0.000    0.0002    3.993  488.345    4.553  462.751    1.288
  22200.00 0.127     728.692       4.577    1620.000       0.000    0.0002    4.009  576.841    5.349  458.337    1.312
  22260.00 0.130     738.649      11.670    1580.000       0.000    0.0002    4.226  571.992    5.796  457.653    1.483
  22320.00 0.125     731.703       8.532    1540.000       0.000    0.0002    4.600  709.220    5.885  460.005    1.734
  22380.00 0.132     725.656       9.020    1580.000       0.000    0.0002    5.115  682.139    5.966  461.198    1.980
  22440.00 0.125     725.625      10.977    1580.000       0.000    0.0002    5.578  587.372    6.443  462.934    1.986
  22500.00 0.128     723.435       9.924    1540.000       0.000    0.0002    5.973  592.508    6.944  467.241    1.564
  22560.00 0.129     737.500       7.992    1660.000       0.000    0.0002    6.205  549.448    6.512  471.325    1.922
  22620.00 0.132     730.815      10.667    1660.000       0.000    0.0002    6.429  605.557    5.717  472.640    1.474
  22680.00 0.133     727.156       5.431    1540.000       0.000    0.0002    6.518  508.414    6.011  473.383    1.676
  22740.00 0.139     725.849       8.687    1580.000       0.000    0.0002    6.554  489.390    7.418  475.464    1.595
  22800.00 0.141     732.332       7.461    1700.000       0.000    0.0002    6.502  603.483    8.034  475.307    1.559
  22860.00 0.146     732.977       8.261    1540.000       0.000    0.0002    6.412  613.558    5.648  474.196    1.422
  22920.00 0.146     734.640       9.548    1620.000       0.000    0.0002    6.210  490.646    6.158  474.126    1.549
  22980.00 0.144     732.746      13.661    1660.000       0.000    0.0002    5.949  563.220    5.806  474.940    1.731
  23040.00 0.148     730.658      11.151    1620.000       0.000    0.0002    5.714  534.765    5.417  473.734    1.802
  23100.00 0.146     729.115       6.344    1460.000       0.000    0.0002    5.574  522.811    6.124  472.440    1.672
  23160.00 0.144     722.449       1.122    1540.000       0.000    0.0002    5.537  525.347    6.506  473.962    1.527
  23220.00 0.145     725.815       3.361    1460.000       0.000    0.0002    5.453  508.318    7.389  474.814    1.617
  23280.00 0.145     722.664       5.599    1540.000       0.000    0.0002    5.316  565.958    7.260  473.022    1.752
  23340.00 0.137     713.405       4.920    1540.000       0.000    0.0002    5.189  608.693    6.565  471.311    1.756
  23400.00 0.140     710.174       9.094    1540.000       0.000    0.0002    5.058  637.742    6.492  469.257    1.778
  23460.00 0.135     699.928       6.090    1460.000       0.000    0.0002    4.802  603.926    6.925  466.090    1.859
  23520.00 0.129     699.244       8.091    1500.000       0.000    0.0002    4.640  584.506    6.185  463.825    1.717
  23580.00 0.132     701.187       9.462    1540.000       0.000    0.0002    4.522  538.854    5.065  460.894    1.623
  23640.00 0.133     699.341      14.579    1460.000       0.000    0.0002    4.382  448.670    4.918  458.422    1.173
  23700.00 0.129     711.157      10.664    1620.000       0.000    0.0002    4.297  427.472    5.510  457.651    1.400
  23760.00 0.127     707.969       9.387    1420.000       0.000    0.0002    4.317  373.643    6.902  456.245    1.361
  23820.00 0.128     711.243      10.975    1500.000       0.000    0.0002    4.383  376.062    5.881  454.183    1.129
  23880.00 0.125     711.595       8.327    1500.000       0.000    0.0002    4.473  347.897    5.459  452.198    1.138
  23940.00 0.126     721.783       9.341    1540.000       0.000    0.0002    4.566  453.590    5.368  450.550    1.226
  24000.00 0.136     720.647      15.216    1500.000       0.000    0.0002    4.706  556.995    6.892  451.382    1.431
  24060.00 0.133     712.454       7.875    1460.000       0.000    0.0002    4.987  527.738    6.481  453.693    1.405
  24120.00 0.137     711.083       9.307    1420.000       0.000    0.0002    5.274  583.806    6.810  454.299    1.466
  24180.00 0.139     711.138       9.037    1460.000       0.000    0.0002    5.631  629.721    6.885  454.441    1.668
  24240.00 0.145     714.840       2.091    1540.000       0.000    0.0002    5.748  630.434    7.053  456.139    1.606
  24300.00 0.148     721.351       9.588    1500.000       0.000    0.0002    5.526  690.935    6.917  457.480    1.780
  24360.00 0.143     724.821      12.068    1620.000       0.000    0.0002    5.243  752.813    6.007  455.910    1.854
  24420.00 0.138     713.922       7.845    1580.000       0.000    0.0002    4.760  580.768    6.011  454.678    1.443
  24480.00 0.138     716.678       3.852    1420.000       0.000    0.0002    4.391  413.923    6.120  456.076    1.362
  24540.00 0.136     706.583       6.655    1500.000       0.000    0.0002    4.308  515.935    7.180  456.703    1.480
  24600.00 0.133     700.881       7.119    1500.000       0.000    0.0002    4.457  575.193    7.024  454.789    1.615
  24660.00 0.134     701.239       7.723    1580.000       0.000    0.0002    4.734  529.756    6.207  454.328    1.513
  24720.00 0.132     705.492       6.939    1460.000       0.000    0.0002    4.987  527.119    6.519  456.558    1.882
  24780.00 0.133     704.926       7.463    1580.000       0.000    0.0002    5.230  460.342    5.649  457.780    1.423
  24840.00 0.131     715.316       7.435    1540.000       0.000    0.0002    5.462  424.679    6.180  458.730    1.418
  24900.00 0.133     719.670       8.220    1500.000       0.000    0.0002    5.801  439.412    6.445  462.699    1.452
  24960.00 0.134     710.657       9.124    1620.000       0.000    0.0002    6.419  542.040    6.243  467.890    1.560
  25020.00 0.138     717.234       6.631    1540.000       0.000    0.0002    7.098  627.613    6.593  472.498    1.632
  25080.00 0.142     727.307      11.218    1540.000       0.000    0.0002    7.639  633.696    6.676  478.897    1.562
  25140.00 0.141     718.238       6.287    1460.000       0.000    0.0002    8.108  847.377    7.258  487.653    1.763
  25200.00 0.140     731.399      12.972    1580.000       0.000    0.0002    8.394  995.356    8.947  494.774    2.072
  25260.00 0.143     733.174       7.099    1540.000       0.000    0.0002    8.279 1144.609    8.591  497.357    2.362
  25320.00 0.146     743.490       7.114    1940.000       0.000    0.0002    7.928 1112.203    6.828  497.457    2.006
  25380.00 0.147     738.872       7.330    1940.000       0.000    0.0002    7.582  992.961    7.110  499.370    2.028
  25440.00 0.148     743.762      11.980    1940.000       0.000    0.0002    7.279  832.831    5.517  501.392    1.801
  25500.00 0.151     732.804       8.590    1580.000       0.000    0.0002    6.982  546.349    6.898  502.160    1.845
  25560.00 0.145     727.521      16.796    1660.000       0.000    0.0002    6.852  813.840    7.872  505.821    1.760
  25620.00 0.148     735.651      12.191    1620.000       0.000    0.0002    6.812  943.698    7.911  512.356    1.843
  25680.00 0.150     730.519       5.422    1940.000       0.000    0.0002    7.000 1098.581    8.494  516.368    2.341
  25740.00 0.147     716.040       5.691    1940.000       0.000    0.0002    7.243 1185.348    8.660  512.058    2.730
  25800.00 0.147     721.830       4.859    1940.000       0.000    0.0002    7.150  960.269    7.483  506.605    2.485
  25860.00 0.146     726.511       8.247    1940.000       0.000    0.0002    6.609  702.938    6.912  509.620    1.527
  25920.00 0.147     733.090       9.668    1780.000       0.000    0.0002    6.098  745.644    8.425  514.354    2.031
  25980.00 0.148     732.554      10.181    1940.000       0.000    0.0002    5.526  692.767    7.740  507.439    2.041
  26040.00 0.147     728.212      10.132    1620.000       0.000    0.0002    5.077  579.493    5.623  498.270    1.336
  26100.00 0.146     727.333       0.000    1580.000       0.000    0.0002    4.943  538.492    6.152  495.159    1.522
  26160.00 0.144     723.265       8.741    1620.000       0.000    0.0002    4.863  522.013    6.384  496.014    1.537
  26220.00 0.143     716.821      10.564    1460.000       0.000    0.0002    4.956  560.039    6.802  497.508    1.578
  26280.00 0.139     714.930      10.986    1580.000       0.000    0.0002    5.153  721.191    7.695  497.712    1.886
  26340.00 0.139     713.944       6.021    1580.000       0.000    0.0002    5.492  720.396    7.972  498.103    1.783
  26400.00 0.143     710.290       8.211    1540.000       0.000    0.0002    5.880  742.541    6.069  499.915    1.767
  26460.00 0.147     723.161       9.750    1620.000       0.000    0.0002    6.261  614.810    5.923  503.095    1.442
  26520.00 0.150     727.512      13.593    1620.000       0.000    0.0002    6.754  537.697    6.340  507.821    1.537
  26580.00 0.155     733.438       8.107    1620.000       0.000    0.0002    7.339  691.335    6.592  514.695    1.733
  26640.00 0.159     737.243       9.678    1540.000       0.000    0.0002    8.094  871.872    7.141  523.353    1.862
  26700.00 0.155     730.473       9.117    1580.000       0.000    0.0002    8.935  968.852    7.893  534.567    2.230
  26760.00 0.160     732.794       8.824    1940.000       0.000    0.0002    9.627 1221.154    9.507  545.974    2.642
  26820.00 0.161     744.377       8.693    1940.000       0.000    0.0002    9.799 1553.569   10.021  552.711    3.280
  26880.00 0.168     744.522       6.058    1940.000       0.000    0.0002    9.449 1376.132    8.615  554.956    2.147
  26940.00 0.165     736.800      10.044    1940.000       0.000    0.0002    8.981 1042.667    8.308  557.374    2.121
  27000.00 0.168     740.232       8.145    1940.000       0.000    0.0002    8.338  981.207    7.067  559.061    1.690
  27060.00 0.173     753.709       7.842    1940.000       0.000    0.0002    7.476  660.329    6.798  551.774    1.928
  27120.00 0.176     750.833       9.139    1940.000       0.000    0.0002    6.574  513.623    6.134  537.153    1.592
  27180.00 0.168     751.495      14.543    1580.000       0.000    0.0002    5.722  415.210    5.304  530.338    1.137
  27240.00 0.167     755.601      14.839    1580.000       0.000    0.0002    5.159  406.218    4.865  524.094    1.076
  27300.00 0.160     755.488       9.878    1540.000       0.000    0.0002    4.898  393.981    4.398  513.521    1.227
  27360.00 0.156     751.108       8.892    1620.000       0.000    0.0002    4.999  362.536    5.304  509.351    1.432
  27420.00 0.153     756.115       5.573    1580.000       0.000    0.0002    5.403  503.132    7.087  511.243    1.537
  27480.00 0.149     750.951       8.820    1580.000       0.000    0.0002    5.976  623.408    7.249  513.889    1.682
  27540.00 0.156     753.313      14.719    1580.000       0.000    0.0002    6.738  734.396    8.100  518.029    1.791
  27600.00 0.154     754.245       9.857    1540.000       0.000    0.0002    7.426  730.184    7.097  524.086    1.791
  27660.00 0.154     748.571       6.730    1940.000       0.000    0.0002    7.915  749.050    7.763  529.421    1.763
  27720.00 0.156     761.630       5.392    1940.000       0.000    0.0002    8.206  903.969    7.935  532.989    1.994
  27780.00 0.159     758.462      10.892    1940.000       0.000    0.0002    8.114  860.490    7.405  533.587    2.030
  27840.00 0.164     764.896       8.627    1940.000       0.000    0.0002    7.628  780.715    7.915  530.463    2.007
  27900.00 0.159     763.656       9.985    1940.000       0.000    0.0002    6.891  573.406    5.701  527.559    1.532
  27960.00 0.158     768.475      14.114    1540.000       0.000    0.0002    6.210  387.996    6.211  527.010    1.418
  28020.00 0.159     768.923       9.138    1540.000       0.000    0.0002    5.546  395.499    6.345  521.772    1.319
  28080.00 0.155     767.508      10.126    1660.000       0.000    0.0002    5.011  414.683    4.730  511.198    1.269
  28140.00 0.156     753.292       6.864    1580.000       0.000    0.0002    4.682  403.624    4.276  504.550    1.186
  28200.00 0.155     741.327       9.953    1580.000       0.000    0.0002    4.353  310.176    4.375  502.336    1.001
  28260.00 0.150     741.106      14.537    1580.000       0.000    0.0002    4.073  306.068    5.172  498.573    1.147
  28320.00 0.157     734.224      15.062    1540.000       0.000    0.0002    3.941  333.203    5.171  494.211    1.320
  28380.00 0.148     718.158       4.211    1540.000       0.000    0.0002    3.964  361.101    5.559  492.015    1.140
  28440.00 0.150     725.844       9.221    1580.000       0.000    0.0002    4.109  354.017    5.065  488.862    1.138
  28500.00 0.151     723.301       6.537    1500.000       0.000    0.0002    4.228  303.489    4.777  484.453    1.175
  28560.00 0.157     732.434      12.527    1580.000       0.000    0.0002    4.340  288.675    4.478  481.765    1.041
  28620.00 0.158     726.975      11.204    1460.000       0.000    0.0002    4.473  259.601    4.007  480.606    1.072
  28680.00 0.160     735.732      11.433    1500.000       0.000    0.0002    4.572  243.363    4.865  479.055    1.224
  28740.00 0.158     737.593       9.938    1500.000       0.000    0.0002    4.740  269.862    5.763  478.799    1.148
  28800.00 0.158     739.506       5.648    1540.000       0.000    0.0002    4.881  307.667    5.106  480.952    1.124
