#  time      cc     z_cbase    z_ctop_avg  z_ctop_max      zi         we   <<ql>>  <<ql>>_max   w_max   tke     ql_max
     60.00 0.000       0.000       0.000       0.000       0.000    0.0002    0.000    0.000    0.187  616.636    0.000
    120.00 0.000       0.000       0.000       0.000       0.000    0.0002    0.000    0.000    0.287  417.123    0.000
    180.00 0.000       0.000       0.000       0.000       0.000    0.0002    0.000    0.000    0.312  300.189    0.000
    240.00 0.000       0.000       0.000       0.000       0.000    0.0002    0.000    0.000    0.305  225.861    0.000
    300.00 0.000       0.000       0.000       0.000       0.000    0.0002    0.000    0.000    0.234  176.626    0.000
    360.00 0.000       0.000       0.000       0.000       0.000    0.0002    0.000    0.000    0.257  143.445    0.000
    420.00 0.000       0.000       0.000       0.000       0.000    0.0002    0.000    0.000    0.287  121.183    0.000
    480.00 0.000       0.000       0.000       0.000       0.000    0.0002    0.000    0.000    0.319  105.789    0.000
    540.00 0.000       0.000       0.000       0.000       0.000    0.0002    0.000    0.000    0.361   93.976    0.000
    600.00 0.000       0.000       0.000       0.000       0.000    0.0002    0.000    0.000    0.406   84.688    0.000
    660.00 0.000       0.000       0.000       0.000       0.000    0.0002    0.000    0.000    0.510   78.111    0.000
    720.00 0.000       0.000       0.000       0.000       0.000    0.0002    0.000    0.000    0.584   73.796    0.000
    780.00 0.000       0.000       0.000       0.000       0.000    0.0002    0.000    0.000    0.605   70.999    0.000
    840.00 0.000       0.000       0.000       0.000       0.000    0.0002    0.000    0.000    0.612   69.234    0.000
    900.00 0.000       0.000       0.000       0.000       0.000    0.0002    0.000    0.000    0.712   68.054    0.000
    960.00 0.000       0.000       0.000       0.000       0.000    0.0002    0.000    0.000    0.753   67.475    0.000
   1020.00 0.000       0.000       0.000       0.000       0.000    0.0002    0.000    0.000    0.719   67.970    0.000
   1080.00 0.000       0.000       0.000       0.000       0.000    0.0002    0.000    0.000    0.762   69.566    0.000
   1140.00 0.000       0.000       0.000       0.000       0.000    0.0002    0.000    0.000    0.884   71.899    0.000
   1200.00 0.000     540.000       0.000     540.000       0.000    0.0002    0.000    0.156    0.974   74.927    0.003
   1260.00 0.001     560.000       0.000     580.000       0.000    0.0002    0.002    3.258    1.057   78.820    0.073
   1320.00 0.003     566.667       0.000     580.000       0.000    0.0002    0.007    4.121    1.148   83.710    0.091
   1380.00 0.007     567.143       0.000     580.000       0.000    0.0002    0.019    8.416    1.317   89.788    0.138
   1440.00 0.015     566.230       0.000     660.000       0.000    0.0002    0.045   18.640    1.414   97.135    0.237
   1500.00 0.028     565.172       0.000     660.000       0.000    0.0002    0.104   27.439    1.698  105.659    0.311
   1560.00 0.044     565.495       9.560     660.000       0.000    0.0002    0.207   50.845    2.036  115.323    0.472
   1620.00 0.058     567.679       4.895     660.000       0.000    0.0002    0.381   76.632    2.200  126.143    0.593
   1680.00 0.076     566.881      11.318     660.000       0.000    0.0002    0.644  102.606    2.920  138.042    0.644
   1740.00 0.095     567.113       5.979     700.000       0.000    0.0002    1.005  136.511    3.182  150.887    0.831
   1800.00 0.111     567.895      12.061     740.000       0.000    0.0002    1.491  168.423    3.322  164.484    0.813
   1860.00 0.127     568.791       5.489     780.000       0.000    0.0002    2.093  193.476    3.580  178.499    0.894
   1920.00 0.141     571.088       8.221     820.000       0.000    0.0002    2.813  265.716    3.716  192.723    0.998
   1980.00 0.151     572.168       2.945     860.000       0.000    0.0002    3.635  280.504    3.773  206.970    0.930
   2040.00 0.163     576.637       7.207    1300.000       0.000    0.0002    4.518  335.947    4.214  220.800    0.980
   2100.00 0.170     579.195       4.397    1300.000       0.000    0.0002    5.368  306.166    4.227  233.653    0.981
   2160.00 0.182     584.016       6.372    1300.000       0.000    0.0002    6.221  355.715    4.122  245.579    1.276
   2220.00 0.187     588.366       7.346    1300.000       0.000    0.0002    6.962  413.094    4.838  255.724    1.227
   2280.00 0.197     595.006       5.689    1340.000       0.000    0.0002    7.529  456.423    4.904  263.449    1.317
   2340.00 0.199     599.975       8.221    1380.000       0.000    0.0002    7.855  507.580    4.706  268.910    1.267
   2400.00 0.195     605.482       9.662    1420.000       0.000    0.0002    7.964  495.701    4.684  272.120    1.523
   2460.00 0.192     606.989       9.225    1340.000       0.000    0.0002    7.927  517.460    5.320  272.976    1.591
   2520.00 0.190     612.896       9.060    1420.000       0.000    0.0002    7.677  455.315    4.990  271.098    1.340
   2580.00 0.181     618.868       2.453    1420.000       0.000    0.0002    7.141  418.563    4.375  266.356    1.224
   2640.00 0.187     630.339       5.013    1500.000       0.000    0.0002    6.457  460.411    3.954  260.797    1.067
   2700.00 0.174     630.700       7.031    1420.000       0.000    0.0002    5.813  450.070    4.156  254.928    1.055
   2760.00 0.166     626.765       4.912    1460.000       0.000    0.0002    5.249  417.972    4.022  248.333    0.983
   2820.00 0.157     616.460      12.298    1380.000       0.000    0.0002    4.880  465.102    4.006  241.236    1.174
   2880.00 0.154     620.127       6.529    1380.000       0.000    0.0002    4.599  498.308    5.096  234.057    1.521
   2940.00 0.152     621.543       8.006    1300.000       0.000    0.0002    4.389  511.543    5.716  226.942    1.432
   3000.00 0.146     628.013       8.748    1340.000       0.000    0.0002    4.243  517.921    4.155  220.669    1.169
   3060.00 0.142     637.862       5.207    1500.000       0.000    0.0002    4.049  525.954    3.626  215.443    1.099
   3120.00 0.135     642.423      10.199    1420.000       0.000    0.0002    3.841  499.466    3.834  210.585    0.971
   3180.00 0.135     652.668       7.877    1460.000       0.000    0.0002    3.633  420.066    4.304  205.829    1.178
   3240.00 0.130     647.744       8.045    1340.000       0.000    0.0002    3.416  419.104    4.412  201.347    1.236
   3300.00 0.127     645.797       9.712    1300.000       0.000    0.0002    3.205  495.032    4.400  197.080    1.114
   3360.00 0.120     641.988       3.245    1300.000       0.000    0.0002    2.940  547.519    4.952  193.609    1.348
   3420.00 0.112     646.258       3.063    1380.000       0.000    0.0002    2.635  551.368    5.069  191.227    1.348
   3480.00 0.110     643.200       8.267    1380.000       0.000    0.0002    2.379  634.891    4.831  188.875    1.548
   3540.00 0.103     634.667       4.333    1420.000       0.000    0.0002    2.151  581.516    3.723  186.158    1.084
   3600.00 0.105     628.112       5.455    1420.000       0.000    0.0002    1.993  466.337    3.843  183.615    1.013
   3660.00 0.104     627.075       4.858    1420.000       0.000    0.0002    1.876  371.099    3.740  181.244    1.066
   3720.00 0.101     619.806       4.600    1460.000       0.000    0.0002    1.802  263.008    3.846  179.036    0.908
   3780.00 0.096     618.163      11.582    1300.000       0.000    0.0002    1.763  298.032    3.838  177.526    0.879
   3840.00 0.096     622.449       1.786    1340.000       0.000    0.0002    1.706  324.492    3.849  176.727    1.017
   3900.00 0.102     620.478       8.804    1300.000       0.000    0.0002    1.682  360.873    3.485  176.382    1.022
   3960.00 0.106     620.642      13.486    1300.000       0.000    0.0002    1.657  350.126    3.261  176.206    0.764
   4020.00 0.107     611.455       1.318    1300.000       0.000    0.0002    1.667  301.276    2.496  176.177    0.824
   4080.00 0.102     608.926       4.726    1020.000       0.000    0.0002    1.692  231.198    2.362  176.193    0.762
   4140.00 0.107     614.545       3.955    1300.000       0.000    0.0002    1.741  164.841    2.886  176.416    0.707
   4200.00 0.107     614.508       7.963    1300.000       0.000    0.0002    1.830  212.256    2.891  177.300    0.668
   4260.00 0.105     613.767       2.558    1220.000       0.000    0.0002    1.979  280.534    3.317  178.832    0.773
   4320.00 0.111     610.418       4.264    1300.000       0.000    0.0002    2.219  376.339    3.682  180.747    0.946
   4380.00 0.109     615.536       5.893    1300.000       0.000    0.0002    2.498  489.208    4.139  183.050    1.087
   4440.00 0.116     617.815       6.176    1380.000       0.000    0.0002    2.795  593.713    4.120  185.646    1.111
   4500.00 0.118     621.245       8.091    1300.000       0.000    0.0002    3.103  610.256    3.981  188.154    1.132
   4560.00 0.117     616.424       6.445    1380.000       0.000    0.0002    3.373  543.778    3.748  190.305    1.043
   4620.00 0.116     614.465       7.170    1420.000       0.000    0.0002    3.580  458.141    3.918  192.494    1.142
   4680.00 0.122     618.080       9.000    1580.000       0.000    0.0002    3.720  349.428    4.323  194.933    1.124
   4740.00 0.124     622.367       4.813    1340.000       0.000    0.0002    3.779  369.437    4.156  197.466    1.055
   4800.00 0.124     622.436       9.745    1380.000       0.000    0.0002    3.753  410.225    3.975  200.161    1.001
   4860.00 0.120     621.469      11.224    1460.000       0.000    0.0002    3.744  463.862    4.609  202.959    1.087
   4920.00 0.119     619.918       8.230    1420.000       0.000    0.0002    3.765  500.404    4.937  205.348    1.204
   4980.00 0.119     614.274       6.667    1300.000       0.000    0.0002    3.786  586.816    4.473  207.170    1.308
   5040.00 0.121     613.131       3.677    1580.000       0.000    0.0002    3.740  713.684    5.032  208.612    1.488
   5100.00 0.121     615.717       5.172    1380.000       0.000    0.0002    3.595  735.242    5.297  209.672    1.574
   5160.00 0.128     620.382      13.270    1420.000       0.000    0.0002    3.450  774.921    5.256  210.447    1.421
   5220.00 0.124     612.756      11.535    1420.000       0.000    0.0002    3.336  636.246    4.317  210.806    1.284
   5280.00 0.131     612.598       6.617    1540.000       0.000    0.0002    3.170  445.551    4.223  211.082    1.314
   5340.00 0.129     610.152       8.371    1540.000       0.000    0.0002    3.101  297.946    3.234  211.224    0.947
   5400.00 0.129     613.573       4.764    1420.000       0.000    0.0002    3.145  266.002    3.804  210.993    0.940
   5460.00 0.129     615.522      15.825    1460.000       0.000    0.0002    3.374  310.885    3.964  211.709    1.035
   5520.00 0.131     623.806       3.769    1380.000       0.000    0.0002    3.709  353.172    4.034  213.206    1.155
   5580.00 0.133     619.633       2.422    1300.000       0.000    0.0002    4.127  387.106    4.408  215.114    1.224
   5640.00 0.132     625.609       4.723    1300.000       0.000    0.0002    4.499  390.386    4.171  216.932    1.104
   5700.00 0.137     631.794      10.799    1380.000       0.000    0.0002    4.834  393.793    4.283  218.927    1.029
   5760.00 0.138     642.624      15.780    1420.000       0.000    0.0002    5.062  414.015    4.438  221.701    1.075
   5820.00 0.136     639.820       2.154    1500.000       0.000    0.0002    5.235  484.524    4.651  225.275    1.300
   5880.00 0.138     646.219       9.788    1300.000       0.000    0.0002    5.327  609.895    5.233  229.077    1.260
   5940.00 0.140     649.650       6.049    1460.000       0.000    0.0002    5.356  740.999    4.659  231.710    1.320
   6000.00 0.140     652.238       4.476    1500.000       0.000    0.0002    5.197  803.330    4.940  232.983    1.389
   6060.00 0.140     648.671      11.084    1460.000       0.000    0.0002    4.876  680.935    6.194  233.278    1.517
   6120.00 0.135     641.377      11.739    1500.000       0.000    0.0002    4.482  644.489    5.502  232.829    1.360
   6180.00 0.135     644.565       5.290    1500.000       0.000    0.0002    4.067  615.563    4.045  232.616    1.122
   6240.00 0.133     641.026       7.839    1380.000       0.000    0.0002    3.781  442.919    3.702  233.247    0.960
   6300.00 0.129     640.265      10.964    1580.000       0.000    0.0002    3.689  321.057    3.654  233.010    0.954
   6360.00 0.130     634.812       3.346    1420.000       0.000    0.0002    3.752  345.765    3.816  231.949    1.059
   6420.00 0.133     631.303       8.917    1420.000       0.000    0.0002    3.893  362.104    4.946  232.016    1.223
   6480.00 0.132     625.028       8.318    1340.000       0.000    0.0002    4.078  395.272    5.170  232.900    1.326
   6540.00 0.134     633.406       7.723    1340.000       0.000    0.0002    4.312  438.623    4.757  234.453    1.184
   6600.00 0.142     633.814       4.880    1340.000       0.000    0.0002    4.600  431.631    4.177  236.648    1.177
   6660.00 0.139     635.325       5.413    1300.000       0.000    0.0002    4.920  419.482    4.980  239.111    1.353
   6720.00 0.141     640.623       7.751    1420.000       0.000    0.0002    5.270  446.868    4.969  242.089    1.377
   6780.00 0.141     644.221       2.007    1380.000       0.000    0.0002    5.576  485.875    5.228  245.385    1.254
   6840.00 0.137     654.795       7.201    1460.000       0.000    0.0002    5.792  518.459    4.888  248.735    1.312
   6900.00 0.141     655.347       9.826    1500.000       0.000    0.0002    5.906  579.350    4.417  252.046    1.257
   6960.00 0.137     655.365       6.988    1380.000       0.000    0.0002    5.897  520.158    4.915  254.663    1.450
   7020.00 0.134     655.701       9.399    1420.000       0.000    0.0002    5.882  533.815    6.054  257.131    1.430
   7080.00 0.136     649.443       6.822    1380.000       0.000    0.0002    5.861  568.033    5.581  259.045    1.196
   7140.00 0.135     650.563       6.824    1420.000       0.000    0.0002    5.816  541.371    5.673  260.542    1.511
   7200.00 0.136     650.072      13.957    1460.000       0.000    0.0002    5.790  681.465    5.839  262.745    1.589
   7260.00 0.135     649.111       1.488    1500.000       0.000    0.0002    5.760  716.202    5.174  264.512    1.482
   7320.00 0.136     636.272      11.362    1460.000       0.000    0.0002    5.597  688.982    5.025  264.557    1.506
   7380.00 0.133     639.079       5.599    1500.000       0.000    0.0002    5.358  711.915    5.445  264.635    1.468
   7440.00 0.132     632.519       5.111    1540.000       0.000    0.0002    5.129  770.171    5.019  264.935    1.494
   7500.00 0.134     639.489      12.518    1460.000       0.000    0.0002    4.928  754.827    4.645  263.800    1.292
   7560.00 0.134     641.421       8.780    1420.000       0.000    0.0002    4.658  697.410    4.407  262.254    1.268
   7620.00 0.137     640.714       5.393    1500.000       0.000    0.0002    4.367  600.865    3.616  259.894    1.203
   7680.00 0.143     640.751       6.212    1460.000       0.000    0.0002    4.057  498.405    3.639  256.695    1.118
   7740.00 0.147     639.136       5.748    1460.000       0.000    0.0002    3.846  382.363    3.931  254.224    0.891
   7800.00 0.152     645.314       5.990    1540.000       0.000    0.0002    3.713  293.252    3.631  252.414    0.918
   7860.00 0.148     646.513       8.191    1380.000       0.000    0.0002    3.644  287.703    3.259  250.141    0.868
   7920.00 0.152     648.728      10.242    1420.000       0.000    0.0002    3.635  312.652    3.360  248.404    0.930
   7980.00 0.145     640.541      11.149    1380.000       0.000    0.0002    3.669  328.272    3.791  248.285    0.992
   8040.00 0.141     646.412       6.274    1340.000       0.000    0.0002    3.729  329.654    4.241  249.089    1.047
   8100.00 0.134     643.636       5.891    1380.000       0.000    0.0002    3.855  343.326    4.903  250.076    1.083
   8160.00 0.132     649.333       3.519    1460.000       0.000    0.0002    4.026  427.170    5.704  251.486    1.254
   8220.00 0.135     658.917       5.596    1460.000       0.000    0.0002    4.245  595.539    5.946  253.768    1.206
   8280.00 0.131     660.522       4.851    1380.000       0.000    0.0002    4.539  722.697    5.758  257.542    1.694
   8340.00 0.129     653.624       3.454    1340.000       0.000    0.0002    4.933  820.464    6.959  262.837    1.976
   8400.00 0.127     652.644      14.598    1460.000       0.000    0.0002    5.300 1009.123    7.256  267.251    2.213
   8460.00 0.129     653.648       2.495    1500.000       0.000    0.0002    5.366 1155.580    6.500  267.828    2.083
   8520.00 0.131     651.955      11.657    1940.000       0.000    0.0002    5.165 1075.117    5.625  267.589    1.898
   8580.00 0.137     651.174       3.594    1380.000       0.000    0.0002    4.826 1036.531    4.233  270.331    1.408
   8640.00 0.136     655.484       5.735    1300.000       0.000    0.0002    4.448  739.215    4.501  271.564    1.163
   8700.00 0.144     660.611       4.992    1420.000       0.000    0.0002    4.042  456.977    4.641  268.747    1.063
   8760.00 0.146     663.606       5.710    1340.000       0.000    0.0002    3.658  397.948    5.081  264.510    1.017
   8820.00 0.146     665.084      12.609    1460.000       0.000    0.0002    3.413  454.086    4.675  261.705    1.101
   8880.00 0.139     657.676      11.268    1460.000       0.000    0.0002    3.284  495.687    4.323  260.419    0.992
   8940.00 0.143     655.298       8.075    1380.000       0.000    0.0002    3.253  495.971    4.247  260.022    0.930
   9000.00 0.139     650.737      10.105    1420.000       0.000    0.0002    3.381  417.968    4.066  260.340    1.139
   9060.00 0.140     645.854       5.819    1620.000       0.000    0.0002    3.570  310.109    4.924  261.146    1.194
   9120.00 0.138     653.710       9.046    1580.000       0.000    0.0002    3.814  362.031    5.125  262.137    1.130
   9180.00 0.138     647.019      11.252    1420.000       0.000    0.0002    4.037  392.594    4.196  262.808    0.951
   9240.00 0.135     646.667       7.899    1300.000       0.000    0.0002    4.277  434.427    4.701  264.060    1.149
   9300.00 0.137     651.515      12.656    1300.000       0.000    0.0002    4.533  455.090    5.349  266.832    1.316
   9360.00 0.138     645.936       5.477    1380.000       0.000    0.0002    4.758  549.239    5.620  269.731    1.556
   9420.00 0.138     657.668       5.901    1540.000       0.000    0.0002    4.910  533.373    4.970  270.994    1.237
   9480.00 0.132     652.148       7.741    1580.000       0.000    0.0002    5.031  475.281    4.769  271.766    1.061
   9540.00 0.134     650.674       7.978    1380.000       0.000    0.0002    5.134  376.845    4.827  273.269    1.118
   9600.00 0.134     646.691       8.592    1380.000       0.000    0.0002    5.176  372.979    5.195  274.371    1.111
   9660.00 0.136     647.025      10.287    1420.000       0.000    0.0002    5.176  457.658    5.731  275.251    1.224
   9720.00 0.130     646.966      10.375    1460.000       0.000    0.0002    5.196  548.040    5.271  276.535    1.212
   9780.00 0.128     650.038       8.403    1300.000       0.000    0.0002    5.399  573.310    6.330  278.308    1.521
   9840.00 0.131     645.922      12.737    1340.000       0.000    0.0002    5.719  702.075    6.193  281.714    1.602
   9900.00 0.129     659.093      14.820    1460.000       0.000    0.0002    6.088  798.172    6.320  286.064    1.500
   9960.00 0.130     652.270       7.505    1460.000       0.000    0.0002    6.494  939.456    5.890  290.100    1.428
  10020.00 0.129     658.415       8.415    1380.000       0.000    0.0002    6.860  938.163    5.644  294.772    1.418
  10080.00 0.133     665.714       8.864    1420.000       0.000    0.0002    7.102  983.894    5.927  299.647    1.734
  10140.00 0.137     662.852      10.232    1460.000       0.000    0.0002    7.068  859.161    6.690  301.693    2.072
  10200.00 0.137     665.000      10.036    1940.000       0.000    0.0002    6.956  755.210    6.624  301.513    1.496
  10260.00 0.131     668.864       1.006    1580.000       0.000    0.0002    6.862  762.627    6.143  303.499    1.497
  10320.00 0.136     663.088      11.239    1460.000       0.000    0.0002    6.944  625.649    6.953  306.993    1.428
  10380.00 0.136     666.308       6.487    1460.000       0.000    0.0002    7.296  819.989    7.164  311.226    1.705
  10440.00 0.132     660.296       6.741    1380.000       0.000    0.0002    7.968  986.588    6.231  317.638    1.814
  10500.00 0.133     653.333       6.337    1460.000       0.000    0.0002    8.768 1146.211    6.488  326.417    1.889
  10560.00 0.136     664.086       2.366    1620.000       0.000    0.0002    9.450 1311.388    6.094  334.487    2.065
  10620.00 0.137     671.266       8.485    1940.000       0.000    0.0002    9.994 1207.335    5.833  340.144    1.941
  10680.00 0.134     676.539       6.047    1940.000       0.000    0.0002   10.278  903.053    6.816  347.274    1.649
  10740.00 0.135     671.232       9.022    1580.000       0.000    0.0002   10.430  795.680    6.801  356.095    1.635
  10800.00 0.137     684.725       6.607    1500.000       0.000    0.0002   10.525  821.821    6.635  360.224    1.804
  10860.00 0.139     683.818      13.695    1460.000       0.000    0.0002   10.457  934.899    7.051  360.125    1.948
  10920.00 0.141     696.955       8.131    1660.000       0.000    0.0002    9.973 1001.461    6.390  359.470    1.965
  10980.00 0.141     689.016       6.218    1540.000       0.000    0.0002    9.272  939.875    5.321  357.588    1.611
  11040.00 0.143     683.986      10.017    1500.000       0.000    0.0002    8.501  787.806    5.050  354.100    1.784
  11100.00 0.144     685.178      10.626    1580.000       0.000    0.0002    7.722  704.376    5.070  349.572    1.428
  11160.00 0.149     690.442      11.882    1540.000       0.000    0.0002    7.219  528.428    4.410  346.572    1.352
  11220.00 0.152     692.593       8.341    1500.000       0.000    0.0002    6.936  452.629    4.817  344.190    1.320
  11280.00 0.151     686.323      14.613    1460.000       0.000    0.0002    6.797  469.075    5.380  340.631    1.486
  11340.00 0.149     681.609      11.757    1460.000       0.000    0.0002    6.798  507.950    5.973  337.407    1.542
  11400.00 0.147     675.973       7.754    1540.000       0.000    0.0002    6.869  532.905    5.253  335.243    1.232
  11460.00 0.144     664.610      13.966    1420.000       0.000    0.0002    6.912  549.099    5.710  334.080    1.510
  11520.00 0.147     677.645       6.136    1420.000       0.000    0.0002    6.854  556.942    6.359  333.329    1.330
  11580.00 0.149     683.464       6.176    1620.000       0.000    0.0002    6.736  527.255    5.787  333.127    1.217
  11640.00 0.150     688.358       4.585    1460.000       0.000    0.0002    6.557  515.957    4.735  333.145    1.246
  11700.00 0.151     690.729      11.280    1460.000       0.000    0.0002    6.417  524.770    5.363  333.862    1.448
  11760.00 0.150     684.756       7.850    1580.000       0.000    0.0002    6.359  592.611    5.726  335.409    1.319
  11820.00 0.146     676.561       8.481    1500.000       0.000    0.0002    6.434  724.024    6.310  338.308    1.428
  11880.00 0.141     665.952       4.464    1380.000       0.000    0.0002    6.627  827.905    7.703  341.746    1.803
  11940.00 0.146     678.492       9.414    1460.000       0.000    0.0002    6.887 1036.980    7.716  343.814    2.030
  12000.00 0.143     676.831       2.317    1540.000       0.000    0.0002    7.019 1084.529    8.610  344.670    2.082
  12060.00 0.149     685.377       6.033    1580.000       0.000    0.0002    6.966 1128.853    7.234  346.327    1.914
  12120.00 0.143     684.259       5.247    1580.000       0.000    0.0002    6.828  932.767    6.867  348.090    1.796
  12180.00 0.146     673.800       4.267    1540.000       0.000    0.0002    6.622  707.377    5.758  348.399    1.354
  12240.00 0.140     678.365       5.148    1500.000       0.000    0.0002    6.312  598.504    6.109  347.562    1.371
  12300.00 0.139     677.786       3.269    1500.000       0.000    0.0002    5.877  512.794    5.324  344.592    1.356
  12360.00 0.141     694.523       3.501    1460.000       0.000    0.0002    5.481  463.994    5.910  339.857    1.484
  12420.00 0.144     686.054       5.408    1540.000       0.000    0.0002    5.152  583.793    5.446  337.120    1.412
  12480.00 0.146     692.617       6.074    1540.000       0.000    0.0002    4.949  651.236    6.132  336.567    1.524
  12540.00 0.143     680.887       7.167    1540.000       0.000    0.0002    4.888  655.997    6.062  335.618    1.643
  12600.00 0.142     677.762       8.503    1460.000       0.000    0.0002    4.938  574.025    6.088  333.513    1.493
  12660.00 0.142     680.926      15.506    1460.000       0.000    0.0002    4.979  549.292    6.506  333.352    1.351
  12720.00 0.140     680.733       7.853    1500.000       0.000    0.0002    5.010  707.974    6.617  334.695    1.626
  12780.00 0.140     676.335       3.944    1420.000       0.000    0.0002    5.000  715.491    5.957  334.279    1.494
  12840.00 0.140     674.241       7.469    1580.000       0.000    0.0002    4.843  507.868    6.449  333.135    1.541
  12900.00 0.138     669.345       8.460    1620.000       0.000    0.0002    4.557  516.234    4.904  332.835    1.382
  12960.00 0.136     658.136       9.427    1420.000       0.000    0.0002    4.175  466.378    4.581  331.171    1.084
  13020.00 0.133     655.743       5.284    1460.000       0.000    0.0002    3.839  364.794    4.685  329.072    1.243
  13080.00 0.130     657.891      11.224    1540.000       0.000    0.0002    3.718  381.035    4.644  328.139    1.249
  13140.00 0.135     655.027       7.892    1460.000       0.000    0.0002    3.806  416.055    5.036  327.139    1.239
  13200.00 0.138     660.776       8.183    1460.000       0.000    0.0002    4.039  520.393    5.198  326.830    1.217
  13260.00 0.144     664.805       5.990    1500.000       0.000    0.0002    4.377  629.239    4.720  328.566    1.315
  13320.00 0.148     666.974       5.888    1420.000       0.000    0.0002    4.701  596.366    5.713  331.282    1.350
  13380.00 0.142     665.086       8.076    1500.000       0.000    0.0002    4.990  505.758    6.543  333.824    1.561
  13440.00 0.144     670.680      11.803    1420.000       0.000    0.0002    5.259  495.290    5.960  336.161    1.300
  13500.00 0.149     668.773       8.871    1460.000       0.000    0.0002    5.482  537.703    6.316  339.495    1.327
  13560.00 0.146     665.409       7.947    1460.000       0.000    0.0002    5.807  670.371    6.163  344.322    1.596
  13620.00 0.153     667.898       9.204    1420.000       0.000    0.0002    6.133  732.341    6.841  347.759    1.581
  13680.00 0.156     662.449       5.777    1420.000       0.000    0.0002    6.513  797.595    5.801  350.299    1.637
  13740.00 0.150     666.917       4.731    1460.000       0.000    0.0002    6.855  717.999    6.051  354.167    1.591
  13800.00 0.146     671.812       6.711    1660.000       0.000    0.0002    7.068  664.109    5.978  357.936    1.567
  13860.00 0.147     682.289       6.501    1500.000       0.000    0.0002    7.105  717.550    5.750  359.755    1.413
  13920.00 0.152     678.937       6.312    1580.000       0.000    0.0002    7.000  673.549    5.833  361.097    1.484
  13980.00 0.147     680.465      16.146    1500.000       0.000    0.0002    6.753  558.726    5.950  361.479    1.698
  14040.00 0.150     683.491       8.907    1500.000       0.000    0.0002    6.299  606.751    6.007  359.623    1.427
  14100.00 0.145     687.609       8.451    1460.000       0.000    0.0002    5.843  676.669    6.000  357.660    1.475
  14160.00 0.145     682.838       8.581    1460.000       0.000    0.0002    5.458  600.064    4.542  355.796    1.242
  14220.00 0.147     683.615       9.386    1420.000       0.000    0.0002    5.229  640.828    5.052  353.292    1.192
  14280.00 0.147     677.086       8.808    1500.000       0.000    0.0002    5.122  709.878    5.736  351.059    1.155
  14340.00 0.145     685.724      14.680    1580.000       0.000    0.0002    5.005  717.441    5.633  348.410    1.663
  14400.00 0.135     681.049       4.340    1460.000       0.000    0.0002    4.810  619.783    5.249  346.066    1.243
  14460.00 0.137     680.392      10.232    1500.000       0.000    0.0002    4.658  475.772    5.708  345.604    1.179
  14520.00 0.135     678.339      10.397    1460.000       0.000    0.0002    4.636  493.050    5.131  345.301    1.190
  14580.00 0.141     676.649      13.333    1460.000       0.000    0.0002    4.717  542.646    5.712  344.742    1.250
  14640.00 0.147     682.222       8.192    1460.000       0.000    0.0002    4.943  519.201    6.187  345.361    1.379
  14700.00 0.143     671.761      10.291    1380.000       0.000    0.0002    5.251  473.005    5.205  346.505    1.184
  14760.00 0.145     680.437       7.193    1500.000       0.000    0.0002    5.646  518.458    5.583  348.947    1.192
  14820.00 0.140     673.497       9.301    1500.000       0.000    0.0002    6.188  557.262    6.237  354.388    1.228
  14880.00 0.138     665.532       9.894    1460.000       0.000    0.0002    6.980  735.246    6.597  362.485    1.632
  14940.00 0.147     682.696       4.692    1500.000       0.000    0.0002    7.815  937.798    7.934  372.148    1.740
  15000.00 0.149     687.915       9.130    1540.000       0.000    0.0002    8.629 1116.497    8.107  383.896    1.897
  15060.00 0.145     690.572       5.892    1500.000       0.000    0.0002    9.282 1187.385    8.423  394.581    2.072
  15120.00 0.151     694.443       8.756    1940.000       0.000    0.0002    9.577 1384.422    8.571  397.982    2.376
  15180.00 0.149     698.820       8.754    1940.000       0.000    0.0002    9.427 1198.894    6.422  397.030    2.051
  15240.00 0.151     703.231       9.144    2060.000       0.000    0.0002    8.735  943.668    7.572  399.306    1.863
  15300.00 0.145     701.077       5.791    1940.000       0.000    0.0002    8.062  826.654    6.556  404.596    1.431
  15360.00 0.146     700.335       6.834    1540.000       0.000    0.0002    7.310  640.840    6.109  403.782    1.323
  15420.00 0.144     708.964       5.093    1580.000       0.000    0.0002    7.043  659.080    6.433  397.245    1.231
  15480.00 0.145     708.215       2.088    1540.000       0.000    0.0002    7.085  643.873    6.437  392.992    1.396
  15540.00 0.137     698.366       7.282    1540.000       0.000    0.0002    7.595  783.729    7.586  396.249    1.680
  15600.00 0.135     702.613       6.497    1500.000       0.000    0.0002    8.312  994.543    8.542  400.584    1.793
  15660.00 0.138     710.496      19.184    1580.000       0.000    0.0002    8.877 1069.476    8.038  401.548    1.766
  15720.00 0.136     708.029       8.065    1940.000       0.000    0.0002    9.115 1152.894    8.662  402.850    2.369
  15780.00 0.140     719.895       5.794    1940.000       0.000    0.0002    8.956 1223.452    6.576  407.299    1.926
  15840.00 0.140     731.791       7.443    1940.000       0.000    0.0002    8.570  897.310    6.705  410.924    1.617
  15900.00 0.144     732.869       7.912    1660.000       0.000    0.0002    8.036  671.521    6.571  410.926    1.610
  15960.00 0.144     735.939      13.063    1540.000       0.000    0.0002    7.489  709.643    8.028  407.013    1.482
  16020.00 0.143     730.596       9.233    1580.000       0.000    0.0002    7.132  876.386    7.365  401.935    1.598
  16080.00 0.143     721.911      11.160    1540.000       0.000    0.0002    6.954  802.672    6.486  399.248    1.851
  16140.00 0.140     707.513       6.365    1580.000       0.000    0.0002    6.960  660.247    6.395  398.955    1.496
  16200.00 0.136     707.599       8.746    1500.000       0.000    0.0002    7.018  642.364    5.821  397.094    1.519
  16260.00 0.142     697.655      13.724    1540.000       0.000    0.0002    6.943  616.209    5.889  393.568    1.442
  16320.00 0.140     711.965      11.513    1540.000       0.000    0.0002    6.718  559.097    5.463  391.242    1.428
  16380.00 0.136     720.251       8.115    1500.000       0.000    0.0002    6.488  566.198    6.286  390.608    1.369
  16440.00 0.134     705.600       1.200    1500.000       0.000    0.0002    6.245  531.320    5.557  389.183    1.290
  16500.00 0.133     698.456      10.478    1580.000       0.000    0.0002    6.197  468.917    5.927  387.030    1.393
  16560.00 0.133     712.454       3.626    1500.000       0.000    0.0002    6.231  523.368    5.514  386.730    1.429
  16620.00 0.136     712.926       5.673    1460.000       0.000    0.0002    6.409  590.202    6.163  390.392    1.596
  16680.00 0.134     728.415      15.009    1500.000       0.000    0.0002    6.565  752.085    6.783  394.898    1.609
  16740.00 0.132     724.193       6.679    1500.000       0.000    0.0002    6.599  956.508    8.255  397.553    1.823
  16800.00 0.127     727.692      20.231    1500.000       0.000    0.0002    6.526 1155.792    8.109  398.589    1.987
  16860.00 0.123     731.349      12.579    1940.000       0.000    0.0002    6.252 1104.160    8.440  399.351    2.249
  16920.00 0.123     733.227       8.884    1940.000       0.000    0.0002    5.790 1037.619    8.037  398.385    2.291
  16980.00 0.113     711.317       9.849    1940.000       0.000    0.0002    5.200  932.904    8.054  396.521    1.985
  17040.00 0.111     691.736       5.978    1980.000       0.000    0.0002    4.635  912.743    7.664  393.614    1.811
  17100.00 0.108     681.810       2.353    1660.000       0.000    0.0002    4.209  692.284    7.320  390.564    1.793
  17160.00 0.113     678.402       3.672    1500.000       0.000    0.0002    4.018  588.458    8.046  386.607    1.689
  17220.00 0.115     679.958       3.214    1620.000       0.000    0.0002    3.833  551.590    7.136  383.261    1.602
  17280.00 0.117     678.583       4.458    1540.000       0.000    0.0002    3.746  549.093    6.773  381.550    1.475
  17340.00 0.118     677.025       9.835    1500.000       0.000    0.0002    3.702  451.331    6.117  379.779    1.229
  17400.00 0.120     681.707      14.146    1660.000       0.000    0.0002    3.810  534.990    6.446  377.549    1.498
  17460.00 0.119     687.325       3.992    1660.000       0.000    0.0002    4.055  620.267    6.601  378.076    1.560
  17520.00 0.121     677.903      10.202    1580.000       0.000    0.0002    4.321  667.097    6.669  381.005    1.564
  17580.00 0.120     689.796       8.612    1460.000       0.000    0.0002    4.557  608.775    5.487  383.291    1.320
  17640.00 0.123     688.673       6.455    1580.000       0.000    0.0002    4.733  415.893    5.453  385.582    1.358
  17700.00 0.127     690.498       5.364    1540.000       0.000    0.0002    4.824  425.808    7.268  388.054    1.354
  17760.00 0.130     694.071       4.503    1580.000       0.000    0.0002    4.919  462.999    6.040  390.123    1.420
  17820.00 0.132     695.630       5.333    1540.000       0.000    0.0002    4.994  445.990    6.070  391.081    1.581
  17880.00 0.134     699.488       8.592    1460.000       0.000    0.0002    5.090  456.049    5.846  390.511    1.319
  17940.00 0.137     693.286       3.893    1500.000       0.000    0.0002    5.282  550.438    6.341  390.610    1.357
  18000.00 0.137     693.226       7.629    1500.000       0.000    0.0002    5.360  694.948    6.449  393.465    1.398
  18060.00 0.140     689.668       9.808    1460.000       0.000    0.0002    5.258  889.141    6.080  396.720    1.715
  18120.00 0.145     690.203       9.189    1540.000       0.000    0.0002    5.003  909.706    6.432  396.644    1.754
  18180.00 0.150     686.189       4.072    1500.000       0.000    0.0002    4.709  826.800    6.171  394.619    1.857
  18240.00 0.150     673.442       4.091    1940.000       0.000    0.0002    4.422  880.852    5.609  391.037    1.819
  18300.00 0.151     663.554       7.496    1500.000       0.000    0.0002    3.911  693.597    5.987  388.528    1.449
  18360.00 0.151     666.656       3.393    1660.000       0.000    0.0002    3.529  509.705    5.340  386.653    1.300
  18420.00 0.146     671.820       4.073    1540.000       0.000    0.0002    3.318  331.795    4.725  383.201    0.976
  18480.00 0.140     672.800      10.504    1580.000       0.000    0.0002    3.230  253.082    4.861  379.848    0.987
  18540.00 0.144     677.288       6.847    1460.000       0.000    0.0002    3.305  317.535    4.971  379.505    1.094
  18600.00 0.150     670.472       7.902    1500.000       0.000    0.0002    3.532  276.896    4.577  380.581    1.196
  18660.00 0.151     673.247      10.630    1500.000       0.000    0.0002    3.889  334.025    4.871  380.328    1.155
  18720.00 0.154     686.203       6.709    1620.000       0.000    0.0002    4.286  297.738    4.943  380.695    1.206
  18780.00 0.155     688.850       6.299    1420.000       0.000    0.0002    4.705  340.770    5.574  383.730    1.258
  18840.00 0.155     689.434      10.283    1500.000       0.000    0.0002    5.212  376.715    5.714  387.629    1.145
  18900.00 0.161     686.000       3.606    1420.000       0.000    0.0002    5.765  414.982    5.160  392.308    1.336
  18960.00 0.162     682.840       6.435    1420.000       0.000    0.0002    6.421  446.148    5.659  399.721    1.487
  19020.00 0.158     695.487      13.570    1460.000       0.000    0.0002    7.222  540.205    6.143  409.277    1.435
  19080.00 0.162     700.422       4.766    1460.000       0.000    0.0002    8.047  611.265    6.379  418.594    1.681
  19140.00 0.163     701.682       2.913    1460.000       0.000    0.0002    8.790  677.688    7.215  427.146    1.597
  19200.00 0.164     706.667       7.827    1540.000       0.000    0.0002    9.211  922.033    8.001  433.717    2.067
  19260.00 0.172     716.899       8.450    1580.000       0.000    0.0002    9.229  996.234    6.783  436.359    1.950
  19320.00 0.172     723.693       9.716    1660.000       0.000    0.0002    8.815  790.237    7.190  437.085    1.823
  19380.00 0.174     724.684       9.705    1660.000       0.000    0.0002    8.064  623.052    5.780  436.110    1.419
  19440.00 0.175     718.689       9.400    1580.000       0.000    0.0002    7.347  461.324    5.552  433.731    1.277
  19500.00 0.169     716.138       7.205    1540.000       0.000    0.0002    6.926  524.012    6.013  431.563    1.348
  19560.00 0.170     710.158      10.674    1540.000       0.000    0.0002    6.680  487.494    6.248  429.969    1.388
  19620.00 0.167     705.664      10.628    1460.000       0.000    0.0002    6.502  504.801    5.976  428.226    1.268
  19680.00 0.170     701.727      10.906    1500.000       0.000    0.0002    6.383  613.003    6.568  426.737    1.327
  19740.00 0.167     710.379       5.918    1500.000       0.000    0.0002    6.211  568.861    7.272  425.440    1.516
  19800.00 0.167     712.299       3.924    1580.000       0.000    0.0002    5.986  635.040    7.301  423.331    1.455
  19860.00 0.163     715.449       6.407    1500.000       0.000    0.0002    5.633  758.345    6.723  421.941    1.847
  19920.00 0.162     717.764       3.353    1460.000       0.000    0.0002    5.134  750.377    6.835  419.303    1.717
  19980.00 0.159     708.344       3.834    1580.000       0.000    0.0002    4.646  669.788    4.800  414.932    1.353
  20040.00 0.156     711.981       8.362    1500.000       0.000    0.0002    4.230  461.084    4.542  412.008    1.140
  20100.00 0.149     701.634       7.288    1500.000       0.000    0.0002    3.914  382.084    4.573  410.031    1.096
  20160.00 0.143     686.758       4.573    1500.000       0.000    0.0002    3.807  298.101    4.619  408.267    1.043
  20220.00 0.141     696.615       5.078    1540.000       0.000    0.0002    3.806  392.537    5.128  406.565    1.166
  20280.00 0.139     688.581       6.795    1460.000       0.000    0.0002    3.938  493.919    5.975  406.219    1.184
  20340.00 0.141     684.387       8.221    1500.000       0.000    0.0002    4.243  465.113    5.979  408.034    1.217
  20400.00 0.147     686.889      10.483    1460.000       0.000    0.0002    4.670  495.559    5.323  411.149    1.331
  20460.00 0.149     686.338       3.186    1420.000       0.000    0.0002    5.229  581.060    5.978  415.190    1.440
  20520.00 0.145     690.521      10.521    1540.000       0.000    0.0002    5.868  615.920    5.819  419.646    1.470
  20580.00 0.153     695.712       5.152    1460.000       0.000    0.0002    6.443  618.460    6.297  424.746    1.457
  20640.00 0.152     701.224       4.380    1540.000       0.000    0.0002    7.087  703.966    7.250  431.453    1.849
  20700.00 0.152     710.950       4.026    1540.000       0.000    0.0002    7.476  887.116    8.229  439.443    1.969
  20760.00 0.156     705.768       6.144    1540.000       0.000    0.0002    7.674 1170.236    9.329  447.285    2.220
  20820.00 0.155     707.066       9.558    1940.000       0.000    0.0002    7.770 1219.850    8.813  449.595    2.374
  20880.00 0.158     709.136      13.056    1940.000       0.000    0.0002    7.657 1166.040    7.067  446.655    2.562
  20940.00 0.153     706.837      11.757    1940.000       0.000    0.0002    7.487  875.958    7.064  446.986    2.100
  21000.00 0.164     700.775       6.021    1940.000       0.000    0.0002    7.499  820.118    6.687  454.244    1.357
  21060.00 0.163     697.121       8.966    1580.000       0.000    0.0002    7.797  678.201    6.642  460.278    1.474
  21120.00 0.166     708.601       8.454    1500.000       0.000    0.0002    8.210  644.995    6.359  459.814    1.638
  21180.00 0.163     718.831      14.783    1540.000       0.000    0.0002    8.634  669.034    7.262  460.041    1.842
  21240.00 0.166     719.469       6.844    1580.000       0.000    0.0002    8.933  677.203    7.768  461.465    1.928
  21300.00 0.168     721.718      12.373    1580.000       0.000    0.0002    9.006  617.242    7.003  461.027    2.102
  21360.00 0.168     726.880       6.096    1540.000       0.000    0.0002    8.911  586.191    6.208  462.046    1.659
  21420.00 0.167     734.721       9.883    1620.000       0.000    0.0002    8.812  737.740    6.694  466.338    1.481
  21480.00 0.164     739.701       9.373    1580.000       0.000    0.0002    8.930  803.404    7.578  470.766    1.729
  21540.00 0.156     738.627       8.580    1940.000       0.000    0.0002    9.200  800.914    7.616  473.174    1.642
  21600.00 0.158     743.462       5.471    1540.000       0.000    0.0002    9.475  745.368    8.361  475.031    1.769
  21660.00 0.155     733.512      11.496    1660.000       0.000    0.0002    9.525  735.031    7.482  476.560    1.685
  21720.00 0.156     738.253      12.574    1620.000       0.000    0.0002    9.280  797.254    6.807  478.797    1.655
  21780.00 0.152     731.447       4.212    1660.000       0.000    0.0002    9.024  664.050    5.973  480.191    1.459
  21840.00 0.149     736.471      13.268    1580.000       0.000    0.0002    8.915  529.644    5.855  479.622    1.452
  21900.00 0.156     740.376       8.983    1460.000       0.000    0.0002    8.938  568.747    6.204  477.898    1.509
  21960.00 0.152     740.128      12.853    1500.000       0.000    0.0002    8.957  799.192    7.571  479.555    1.708
  22020.00 0.154     750.506       5.538    1540.000       0.000    0.0002    9.031 1076.324    8.889  483.200    2.118
  22080.00 0.145     759.092      10.151    1940.000       0.000    0.0002    9.022 1240.873    9.902  483.589    2.481
  22140.00 0.147     762.829      10.549    1940.000       0.000    0.0002    8.952 1452.521    7.917  481.496    2.623
  22200.00 0.153     776.236      10.494    1940.000       0.000    0.0002    8.525 1293.475    6.805  480.809    2.000
  22260.00 0.146     760.537      11.074    1940.000       0.000    0.0002    7.888  797.660    7.815  485.148    1.951
  22320.00 0.147     767.529       5.638    1940.000       0.000    0.0002    7.400  683.804    7.238  489.191    1.751
  22380.00 0.149     767.541       7.705    1500.000       0.000    0.0002    6.987  729.105    7.423  482.658    1.851
  22440.00 0.145     761.855       5.194    1500.000       0.000    0.0002    6.521  719.848    6.016  469.274    1.611
  22500.00 0.148     737.364       5.404    1940.000       0.000    0.0002    5.899  546.114    5.974  462.988    1.486
  22560.00 0.149     731.934       8.033    1620.000       0.000    0.0002    5.358  478.893    6.370  464.639    1.438
  22620.00 0.148     726.908      14.145    1540.000       0.000    0.0002    5.074  420.473    5.968  460.977    1.444
  22680.00 0.143     728.493       9.247    1540.000       0.000    0.0002    5.028  528.444    7.840  454.239    1.658
  22740.00 0.150     713.181       9.266    1740.000       0.000    0.0002    5.305  664.270    8.954  453.241    1.824
  22800.00 0.154     723.391       6.371    1500.000       0.000    0.0002    5.422  825.416    9.248  455.211    2.112
  22860.00 0.155     726.688      11.577    1500.000       0.000    0.0002    5.267  792.539    7.824  453.174    1.914
  22920.00 0.152     728.205       8.237    1940.000       0.000    0.0002    4.936  649.488    6.476  449.079    1.819
  22980.00 0.145     720.706       6.723    1500.000       0.000    0.0002    4.489  531.419    4.940  447.292    1.270
  23040.00 0.148     716.066       7.471    1500.000       0.000    0.0002    4.189  378.458    4.416  447.184    1.045
  23100.00 0.146     720.267      10.600    1500.000       0.000    0.0002    3.981  225.407    4.460  444.577    1.067
  23160.00 0.149     706.700       5.484    1620.000       0.000    0.0002    3.998  296.199    5.011  441.811    1.242
  23220.00 0.139     699.789       8.632    1460.000       0.000    0.0002    4.255  357.282    5.722  442.759    1.322
  23280.00 0.140     700.140       5.166    1460.000       0.000    0.0002    4.630  409.724    6.574  445.673    1.424
  23340.00 0.144     713.311       8.862    1500.000       0.000    0.0002    5.109  477.417    6.631  447.829    1.323
  23400.00 0.143     717.299       5.402    1540.000       0.000    0.0002    5.516  523.428    6.540  450.207    1.490
  23460.00 0.146     724.188       3.652    1500.000       0.000    0.0002    5.960  579.201    6.343  454.437    1.518
  23520.00 0.148     730.033       7.987    1540.000       0.000    0.0002    6.240  620.016    5.850  459.230    1.477
  23580.00 0.148     741.782       7.624    1620.000       0.000    0.0002    6.371  584.221    5.811  462.801    1.391
  23640.00 0.154     752.317       9.460    1540.000       0.000    0.0002    6.371  508.064    6.141  464.902    1.498
  23700.00 0.153     742.675      12.707    1580.000       0.000    0.0002    6.267  434.993    6.089  466.568    1.608
  23760.00 0.153     740.637       2.962    1540.000       0.000    0.0002    6.210  393.977    6.475  468.791    1.490
  23820.00 0.155     742.902       9.811    1500.000       0.000    0.0002    6.317  362.174    6.462  470.995    1.468
  23880.00 0.151     747.314      11.003    1500.000       0.000    0.0002    6.607  498.067    6.274  473.166    1.479
  23940.00 0.147     746.103       6.866    1540.000       0.000    0.0002    6.853  559.317    6.488  476.871    1.555
  24000.00 0.146     737.733       6.167    1460.000       0.000    0.0002    7.223  760.976    7.177  481.457    1.651
  24060.00 0.152     741.926       5.136    1460.000       0.000    0.0002    7.601  784.816    6.092  486.455    1.881
  24120.00 0.152     752.051       3.045    1540.000       0.000    0.0002    7.949  618.671    7.049  492.561    1.682
  24180.00 0.156     752.356      14.665    1660.000       0.000    0.0002    8.200  527.669    6.906  498.788    1.621
  24240.00 0.156     755.008       7.535    1620.000       0.000    0.0002    8.318  590.949    7.274  503.221    1.633
  24300.00 0.160     751.804      17.492    1620.000       0.000    0.0002    8.331  627.754    7.318  506.072    1.624
  24360.00 0.160     746.300      12.813    1460.000       0.000    0.0002    8.613  847.445    9.016  508.588    1.914
  24420.00 0.159     757.600      12.831    1540.000       0.000    0.0002    8.857  975.775    8.742  510.207    2.032
  24480.00 0.161     763.964       4.781    1940.000       0.000    0.0002    8.959  983.498    7.206  512.793    1.853
  24540.00 0.157     762.741       9.034    1980.000       0.000    0.0002    8.803  865.089    6.824  516.002    2.238
  24600.00 0.154     758.159      14.603    1940.000       0.000    0.0002    8.431  745.498    7.286  519.049    1.970
  24660.00 0.149     756.890      18.363    1940.000       0.000    0.0002    8.066  807.950    7.465  522.825    1.724
  24720.00 0.148     747.261       4.917    1540.000       0.000    0.0002    7.924  918.378    7.014  523.348    1.940
  24780.00 0.152     751.318       8.521    1940.000       0.000    0.0002    7.692 1034.978    6.465  513.579    2.123
  24840.00 0.146     748.562       4.281    1940.000       0.000    0.0002    7.267  990.798    5.368  504.017    1.857
  24900.00 0.149     746.962       5.681    1620.000       0.000    0.0002    6.706  759.427    5.536  503.928    1.578
  24960.00 0.153     743.955      10.207    1540.000       0.000    0.0002    6.202  533.771    5.082  505.034    1.302
  25020.00 0.156     743.869       3.214    1540.000       0.000    0.0002    5.792  346.716    5.629  498.852    1.336
  25080.00 0.152     751.685       6.485    1620.000       0.000    0.0002    5.458  343.187    5.417  488.844    1.288
  25140.00 0.158     744.760       6.028    1620.000       0.000    0.0002    5.099  433.648    5.592  481.685    1.398
  25200.00 0.156     750.796       9.454    1500.000       0.000    0.0002    4.870  492.068    5.826  478.907    1.345
  25260.00 0.156     742.316       5.822    1460.000       0.000    0.0002    4.743  496.078    5.023  477.780    1.507
  25320.00 0.146     733.836       2.680    1500.000       0.000    0.0002    4.709  500.936    6.202  476.257    1.424
  25380.00 0.146     728.963       8.361    1540.000       0.000    0.0002    4.823  508.220    6.915  475.692    1.759
  25440.00 0.144     722.954      13.039    1540.000       0.000    0.0002    5.109  547.973    7.551  477.877    1.766
  25500.00 0.147     725.008      15.622    1580.000       0.000    0.0002    5.588  574.169    6.765  480.677    1.916
  25560.00 0.143     725.778       7.829    1460.000       0.000    0.0002    6.045  600.446    7.432  481.454    1.816
  25620.00 0.142     725.680       8.640    1580.000       0.000    0.0002    6.350  673.069    7.816  482.708    1.665
  25680.00 0.141     731.917      12.608    1540.000       0.000    0.0002    6.534  750.235    8.582  486.499    1.907
  25740.00 0.138     731.182       7.196    1940.000       0.000    0.0002    6.608  690.990    6.925  488.643    1.639
  25800.00 0.137     730.249       7.794    1540.000       0.000    0.0002    6.727  528.098    6.525  488.795    1.535
  25860.00 0.138     739.083       4.621    1460.000       0.000    0.0002    6.783  621.564    7.612  491.102    1.769
  25920.00 0.142     747.504       7.573    1620.000       0.000    0.0002    6.944  733.948    7.618  495.058    1.960
  25980.00 0.142     758.799       3.259    1540.000       0.000    0.0002    6.791  722.217    7.388  493.703    1.961
  26040.00 0.143     744.658       5.651    1940.000       0.000    0.0002    6.389  715.387    5.876  489.850    1.771
  26100.00 0.141     751.972      11.073    1580.000       0.000    0.0002    5.755  549.786    5.220  489.178    1.458
  26160.00 0.147     750.547      12.703    1660.000       0.000    0.0002    5.067  389.608    4.559  487.668    1.313
  26220.00 0.157     753.520      11.121    1580.000       0.000    0.0002    4.392  399.443    4.947  481.817    1.429
  26280.00 0.158     740.000       9.399    1580.000       0.000    0.0002    3.909  497.556    5.144  473.879    1.384
  26340.00 0.157     730.031       8.536    1540.000       0.000    0.0002    3.700  516.844    4.197  466.542    1.304
  26400.00 0.154     720.856       5.864    1500.000       0.000    0.0002    3.632  463.119    4.402  461.079    1.266
  26460.00 0.161     722.727       8.273    1500.000       0.000    0.0002    3.586  332.528    4.056  457.356    1.047
  26520.00 0.160     728.336       9.924    1500.000       0.000    0.0002    3.526  324.766    5.011  455.253    1.413
  26580.00 0.158     736.549       7.180    1580.000       0.000    0.0002    3.625  346.121    5.537  454.010    1.374
  26640.00 0.157     733.602      14.130    1500.000       0.000    0.0002    3.810  335.010    5.004  453.109    1.265
  26700.00 0.161     724.485       7.455    1540.000       0.000    0.0002    3.987  314.317    5.082  452.392    1.324
  26760.00 0.159     722.585      12.185    1620.000       0.000    0.0002    4.099  333.408    4.547  452.252    1.243
  26820.00 0.157     726.065       3.577    1620.000       0.000    0.0002    4.219  418.966    5.894  453.293    1.257
  26880.00 0.152     734.231       2.372    1420.000       0.000    0.0002    4.453  542.685    6.584  455.090    1.525
  26940.00 0.147     745.904       5.307    1500.000       0.000    0.0002    4.812  550.633    6.095  458.286    1.653
  27000.00 0.146     736.309       9.027    1420.000       0.000    0.0002    5.389  563.555    7.500  463.855    1.729
  27060.00 0.139     738.594      15.290    1500.000       0.000    0.0002    5.893  674.705    7.703  470.865    1.878
  27120.00 0.147     755.629       9.437    1580.000       0.000    0.0002    6.122  932.225    9.430  476.476    2.124
  27180.00 0.146     756.187      11.405    1940.000       0.000    0.0002    5.985 1110.309    8.479  475.973    2.285
  27240.00 0.145     758.378       8.682    1940.000       0.000    0.0002    5.548 1014.950    6.745  470.994    2.075
  27300.00 0.138     738.227       3.723    1940.000       0.000    0.0002    4.966  836.352    5.706  469.246    1.654
  27360.00 0.142     744.276       3.241    1620.000       0.000    0.0002    4.450  395.462    4.980  471.311    1.232
  27420.00 0.143     744.718      13.880    1540.000       0.000    0.0002    4.122  366.438    5.014  467.699    1.273
  27480.00 0.141     745.181       5.527    1540.000       0.000    0.0002    3.990  316.951    5.461  460.513    1.273
  27540.00 0.141     743.536       4.055    1540.000       0.000    0.0002    3.930  313.106    5.131  457.729    1.173
  27600.00 0.142     732.646       5.361    1540.000       0.000    0.0002    3.926  293.187    5.112  457.685    1.305
  27660.00 0.138     730.442       8.142    1500.000       0.000    0.0002    3.931  247.005    4.815  455.945    1.219
  27720.00 0.144     738.237       3.492    1540.000       0.000    0.0002    3.958  318.651    5.030  454.218    1.328
  27780.00 0.143     729.315       8.733    1420.000       0.000    0.0002    4.089  322.842    5.599  455.360    1.217
  27840.00 0.146     729.632       3.177    1500.000       0.000    0.0002    4.276  365.867    5.350  457.690    1.240
  27900.00 0.151     730.744       4.854    1540.000       0.000    0.0002    4.489  401.840    4.994  458.002    1.203
  27960.00 0.152     731.538       8.654    1500.000       0.000    0.0002    4.635  346.777    4.867  457.583    1.151
  28020.00 0.158     737.090       6.997    1540.000       0.000    0.0002    4.711  312.092    5.114  459.187    1.145
  28080.00 0.155     740.000      10.646    1580.000       0.000    0.0002    4.814  274.276    5.132  461.396    1.271
  28140.00 0.162     742.169       6.386    1540.000       0.000    0.0002    4.969  322.502    5.916  463.196    1.272
  28200.00 0.166     745.369       9.558    1540.000       0.000    0.0002    5.155  342.351    5.572  464.409    1.256
  28260.00 0.165     740.593       6.815    1580.000       0.000    0.0002    5.343  359.103    5.762  465.690    1.230
  28320.00 0.162     735.408       4.743    1540.000       0.000    0.0002    5.601  392.515    6.178  468.538    1.357
  28380.00 0.157     736.894       5.093    1540.000       0.000    0.0002    5.804  419.560    6.566  472.140    1.403
  28440.00 0.151     738.384       8.498    1460.000       0.000    0.0002    6.137  504.457    6.599  475.873    1.439
  28500.00 0.155     740.063       8.396    1540.000       0.000    0.0002    6.537  538.010    6.576  480.719    1.407
  28560.00 0.153     744.976      12.632    1540.000       0.000    0.0002    7.083  488.431    6.299  485.378    1.466
  28620.00 0.154     750.921       7.937    1500.000       0.000    0.0002    7.658  546.639    6.407  490.252    1.534
  28680.00 0.159     744.055      12.965    1540.000       0.000    0.0002    8.274  597.695    7.801  498.718    1.976
  28740.00 0.166     750.029       3.835    1500.000       0.000    0.0002    9.059  659.143    6.813  509.573    1.715
  28800.00 0.170     757.701       9.310    1940.000       0.000    0.0002    9.938  694.798    6.563  522.805    2.079
