#  time      cc     z_cbase    z_ctop_avg  z_ctop_max      zi         we   <<ql>>  <<ql>>_max   w_max   tke     ql_max
     60.00 0.000       0.000       0.000       0.000       0.000    0.0002    0.000    0.000    0.185  616.599    0.000
    120.00 0.000       0.000       0.000       0.000       0.000    0.0002    0.000    0.000    0.304  417.063    0.000
    180.00 0.000       0.000       0.000       0.000       0.000    0.0002    0.000    0.000    0.317  300.106    0.000
    240.00 0.000       0.000       0.000       0.000       0.000    0.0002    0.000    0.000    0.307  225.784    0.000
    300.00 0.000       0.000       0.000       0.000       0.000    0.0002    0.000    0.000    0.308  176.577    0.000
    360.00 0.000       0.000       0.000       0.000       0.000    0.0002    0.000    0.000    0.318  143.409    0.000
    420.00 0.000       0.000       0.000       0.000       0.000    0.0002    0.000    0.000    0.312  121.132    0.000
    480.00 0.000       0.000       0.000       0.000       0.000    0.0002    0.000    0.000    0.352  105.720    0.000
    540.00 0.000       0.000       0.000       0.000       0.000    0.0002    0.000    0.000    0.418   93.910    0.000
    600.00 0.000       0.000       0.000       0.000       0.000    0.0002    0.000    0.000    0.498   84.639    0.000
    660.00 0.000       0.000       0.000       0.000       0.000    0.0002    0.000    0.000    0.544   78.075    0.000
    720.00 0.000       0.000       0.000       0.000       0.000    0.0002    0.000    0.000    0.570   73.761    0.000
    780.00 0.000       0.000       0.000       0.000       0.000    0.0002    0.000    0.000    0.597   70.958    0.000
    840.00 0.000       0.000       0.000       0.000       0.000    0.0002    0.000    0.000    0.670   69.182    0.000
    900.00 0.000       0.000       0.000       0.000       0.000    0.0002    0.000    0.000    0.694   67.985    0.000
    960.00 0.000       0.000       0.000       0.000       0.000    0.0002    0.000    0.000    0.707   67.371    0.000
   1020.00 0.000       0.000       0.000       0.000       0.000    0.0002    0.000    0.000    0.762   67.806    0.000
   1080.00 0.000     580.000       0.000     580.000       0.000    0.0002    0.000    0.255    0.870   69.309    0.006
   1140.00 0.001     580.000       0.000     580.000       0.000    0.0002    0.001    1.199    0.965   71.515    0.027
   1200.00 0.002     580.000       0.000     580.000       0.000    0.0002    0.003    3.486    1.004   74.374    0.078
   1260.00 0.002     576.000       0.000     580.000       0.000    0.0002    0.008    7.193    1.028   78.023    0.094
   1320.00 0.005     568.571       0.000     580.000       0.000    0.0002    0.018   10.663    1.112   82.581    0.148
   1380.00 0.009     568.108      15.676     660.000       0.000    0.0002    0.034   17.500    1.196   88.265    0.212
   1440.00 0.016     568.308       8.923     660.000       0.000    0.0002    0.067   23.390    1.415   95.166    0.285
   1500.00 0.022     569.451       6.374     660.000       0.000    0.0002    0.127   35.806    1.614  103.146    0.337
   1560.00 0.038     567.516       7.134     660.000       0.000    0.0002    0.218   54.854    1.745  112.168    0.485
   1620.00 0.052     567.163       2.512     740.000       0.000    0.0002    0.358   69.983    2.181  122.302    0.554
   1680.00 0.072     567.577       5.939     660.000       0.000    0.0002    0.564   92.534    2.646  133.489    0.632
   1740.00 0.091     567.701       8.396     820.000       0.000    0.0002    0.839  118.931    2.635  145.606    0.739
   1800.00 0.107     569.431       6.333     860.000       0.000    0.0002    1.192  149.529    3.014  158.497    0.756
   1860.00 0.119     571.329       5.767     900.000       0.000    0.0002    1.639  170.165    3.148  171.833    0.821
   1920.00 0.137     572.086      10.695     980.000       0.000    0.0002    2.137  198.388    2.816  185.267    0.752
   1980.00 0.153     575.917       5.933     980.000       0.000    0.0002    2.715  234.903    3.030  198.661    0.843
   2040.00 0.162     576.259       4.434    1060.000       0.000    0.0002    3.333  216.421    3.492  211.672    0.848
   2100.00 0.175     578.273       5.181     980.000       0.000    0.0002    3.955  216.656    3.542  223.788    0.939
   2160.00 0.184     580.530       5.245    1100.000       0.000    0.0002    4.572  236.123    3.739  234.705    1.025
   2220.00 0.196     584.045       7.516    1100.000       0.000    0.0002    5.137  257.018    3.962  244.205    1.148
   2280.00 0.200     591.345       8.729    1100.000       0.000    0.0002    5.662  258.444    4.114  251.870    1.107
   2340.00 0.202     597.681       4.879    1300.000       0.000    0.0002    6.079  293.424    4.204  257.787    1.189
   2400.00 0.204     600.836       7.551    1380.000       0.000    0.0002    6.465  297.210    4.975  261.921    1.021
   2460.00 0.206     600.593       6.951    1420.000       0.000    0.0002    6.813  331.752    4.616  264.264    1.207
   2520.00 0.206     606.508       4.751    1300.000       0.000    0.0002    7.107  416.032    4.393  264.982    1.210
   2580.00 0.203     606.827       6.226    1300.000       0.000    0.0002    7.281  536.949    4.911  263.691    1.182
   2640.00 0.204     617.372       7.097    1380.000       0.000    0.0002    7.240  590.350    4.668  260.337    1.212
   2700.00 0.200     623.854      11.854    1460.000       0.000    0.0002    7.016  565.360    3.947  255.448    1.285
   2760.00 0.193     626.869       4.495    1460.000       0.000    0.0002    6.681  510.533    3.912  249.959    1.342
   2820.00 0.184     627.735       8.000    1420.000       0.000    0.0002    6.229  461.661    4.159  244.262    1.172
   2880.00 0.175     635.788       3.040    1340.000       0.000    0.0002    5.734  379.784    4.080  237.848    1.138
   2940.00 0.172     636.827       5.382    1380.000       0.000    0.0002    5.257  410.004    3.696  230.776    1.014
   3000.00 0.164     636.478       8.149    1340.000       0.000    0.0002    4.852  460.684    4.086  223.969    1.101
   3060.00 0.155     643.507       7.551    1380.000       0.000    0.0002    4.522  486.361    4.485  217.687    1.233
   3120.00 0.152     644.912       4.109    1340.000       0.000    0.0002    4.253  440.919    4.342  211.521    1.180
   3180.00 0.139     638.770       8.858    1380.000       0.000    0.0002    4.024  372.726    4.273  205.615    1.018
   3240.00 0.133     646.029       5.956    1420.000       0.000    0.0002    3.869  350.170    3.958  200.523    0.960
   3300.00 0.127     656.545       3.724    1380.000       0.000    0.0002    3.710  314.890    3.547  196.460    1.119
   3360.00 0.124     653.136       9.941    1300.000       0.000    0.0002    3.492  347.531    4.078  193.086    1.198
   3420.00 0.119     650.020       4.908    1340.000       0.000    0.0002    3.234  402.133    4.366  190.223    1.205
   3480.00 0.111     654.537       4.097    1420.000       0.000    0.0002    3.045  454.657    4.603  187.904    1.242
   3540.00 0.114     653.047       3.991    1420.000       0.000    0.0002    2.916  547.847    4.576  185.867    1.219
   3600.00 0.107     650.182       5.909    1420.000       0.000    0.0002    2.817  587.824    3.783  183.723    1.105
   3660.00 0.108     660.360       5.946    1420.000       0.000    0.0002    2.710  543.108    3.967  181.730    1.048
   3720.00 0.105     670.909      12.587    1340.000       0.000    0.0002    2.566  439.404    3.952  180.231    1.065
   3780.00 0.099     656.741       5.778    1340.000       0.000    0.0002    2.406  346.365    3.892  178.979    1.044
   3840.00 0.098     651.166      10.124    1340.000       0.000    0.0002    2.249  389.640    3.863  177.886    1.132
   3900.00 0.095     643.856      14.396    1380.000       0.000    0.0002    2.120  426.581    3.575  177.114    0.946
   3960.00 0.091     642.903       5.269    1340.000       0.000    0.0002    1.986  433.617    3.593  176.708    0.945
   4020.00 0.090     641.297       3.027    1460.000       0.000    0.0002    1.923  455.297    3.386  176.669    0.928
   4080.00 0.093     642.586      12.612    1300.000       0.000    0.0002    1.899  491.994    3.984  176.486    1.095
   4140.00 0.089     632.384       4.712    1300.000       0.000    0.0002    1.868  531.686    4.681  176.047    1.234
   4200.00 0.092     634.149       5.053    1500.000       0.000    0.0002    1.887  580.334    4.872  176.024    1.211
   4260.00 0.094     629.922       8.721    1300.000       0.000    0.0002    1.944  589.761    4.492  176.649    1.174
   4320.00 0.090     623.706       5.395    1300.000       0.000    0.0002    1.999  586.719    3.799  177.414    1.066
   4380.00 0.095     620.722       5.000    1420.000       0.000    0.0002    2.036  501.157    3.686  178.241    1.061
   4440.00 0.100     619.120       5.868    1380.000       0.000    0.0002    2.038  325.929    3.572  179.262    1.006
   4500.00 0.107     619.909       5.297    1420.000       0.000    0.0002    2.075  309.474    3.586  180.364    0.944
   4560.00 0.109     616.771       4.081    1460.000       0.000    0.0002    2.169  299.064    3.962  181.636    1.050
   4620.00 0.110     615.565       5.765    1300.000       0.000    0.0002    2.286  293.660    3.841  183.077    0.993
   4680.00 0.112     614.323       6.026    1300.000       0.000    0.0002    2.434  302.377    4.264  184.999    1.001
   4740.00 0.111     612.527       4.264    1420.000       0.000    0.0002    2.581  318.842    3.817  187.575    1.016
   4800.00 0.114     609.145      12.350    1300.000       0.000    0.0002    2.723  320.783    4.424  190.386    1.090
   4860.00 0.112     613.188       5.415    1300.000       0.000    0.0002    2.873  362.625    4.246  192.997    1.166
   4920.00 0.109     613.839       5.804    1380.000       0.000    0.0002    3.009  460.333    4.707  195.578    1.399
   4980.00 0.117     609.478       8.685    1460.000       0.000    0.0002    3.148  490.568    4.675  198.145    1.305
   5040.00 0.120     612.358       8.293    1500.000       0.000    0.0002    3.262  452.850    4.539  200.319    1.237
   5100.00 0.122     613.600       3.480    1340.000       0.000    0.0002    3.370  467.135    4.689  202.119    1.256
   5160.00 0.127     613.141       9.518    1340.000       0.000    0.0002    3.466  461.967    4.886  204.163    1.171
   5220.00 0.131     615.531       3.464    1460.000       0.000    0.0002    3.582  407.592    3.872  206.499    1.144
   5280.00 0.137     618.714       6.714    1500.000       0.000    0.0002    3.725  289.318    3.309  209.058    1.056
   5340.00 0.132     617.269       6.458    1420.000       0.000    0.0002    3.960  308.963    3.784  212.437    0.989
   5400.00 0.136     615.036       4.604    1300.000       0.000    0.0002    4.398  358.132    4.087  216.207    1.048
   5460.00 0.140     616.585       5.854    1380.000       0.000    0.0002    4.899  431.234    5.101  219.901    1.259
   5520.00 0.141     613.484      11.300    1300.000       0.000    0.0002    5.358  515.032    5.960  224.391    1.473
   5580.00 0.146     618.127       9.632    1380.000       0.000    0.0002    5.789  683.979    6.511  229.634    1.651
   5640.00 0.146     620.401       3.880    1380.000       0.000    0.0002    6.182  833.546    5.974  234.138    1.630
   5700.00 0.149     619.934       8.144    1540.000       0.000    0.0002    6.400  829.382    6.593  236.708    1.833
   5760.00 0.144     626.768       8.257    1500.000       0.000    0.0002    6.497  827.879    6.235  238.791    1.698
   5820.00 0.151     633.938       5.867    1620.000       0.000    0.0002    6.475  753.392    6.479  241.113    1.503
   5880.00 0.145     626.476      15.008    1460.000       0.000    0.0002    6.347  668.282    6.647  243.309    1.544
   5940.00 0.143     632.808      18.014    1380.000       0.000    0.0002    6.205  704.723    5.165  243.675    1.372
   6000.00 0.141     628.912       7.979    1420.000       0.000    0.0002    6.034  520.163    5.551  242.492    1.288
   6060.00 0.144     637.124       7.039    1380.000       0.000    0.0002    5.906  564.701    4.631  241.626    1.143
   6120.00 0.144     640.238       7.504    1420.000       0.000    0.0002    5.937  618.669    4.193  241.068    1.235
   6180.00 0.138     640.353       4.240    1340.000       0.000    0.0002    6.078  639.975    4.530  241.570    1.369
   6240.00 0.141     641.554       5.147    1380.000       0.000    0.0002    6.176  683.266    4.789  242.491    1.305
   6300.00 0.142     649.053       4.406    1460.000       0.000    0.0002    6.118  687.014    5.040  242.913    1.359
   6360.00 0.143     646.894       5.836    1420.000       0.000    0.0002    5.894  791.865    4.575  242.709    1.210
   6420.00 0.145     647.609       7.811    1420.000       0.000    0.0002    5.523  786.352    4.421  242.145    1.205
   6480.00 0.141     652.526       5.156    1420.000       0.000    0.0002    5.136  667.947    4.624  242.053    1.286
   6540.00 0.135     654.955       8.180    1460.000       0.000    0.0002    4.747  601.568    5.721  240.827    1.452
   6600.00 0.136     654.695       5.986    1460.000       0.000    0.0002    4.326  568.760    5.432  237.686    1.278
   6660.00 0.132     655.638       3.290    1380.000       0.000    0.0002    4.001  509.571    5.724  235.208    1.452
   6720.00 0.128     651.128       3.786    1420.000       0.000    0.0002    3.750  646.310    6.244  234.573    1.580
   6780.00 0.129     643.409       6.667    1460.000       0.000    0.0002    3.541  830.768    6.097  234.441    1.560
   6840.00 0.129     644.744       5.389    1540.000       0.000    0.0002    3.433  866.766    6.483  233.634    1.639
   6900.00 0.126     640.698       1.279    1460.000       0.000    0.0002    3.370  735.492    5.188  231.776    1.346
   6960.00 0.124     640.394       3.740    1340.000       0.000    0.0002    3.424  655.064    4.179  230.926    1.216
   7020.00 0.126     637.408       5.493    1380.000       0.000    0.0002    3.524  600.179    5.169  231.493    1.321
   7080.00 0.127     645.441       8.927    1500.000       0.000    0.0002    3.608  660.287    5.263  232.403    1.409
   7140.00 0.123     643.333       2.143    1340.000       0.000    0.0002    3.693  706.006    5.404  232.992    1.336
   7200.00 0.127     644.740       3.507    1340.000       0.000    0.0002    3.817  725.336    4.424  233.633    1.157
   7260.00 0.124     644.283       6.955    1380.000       0.000    0.0002    3.938  660.507    4.709  234.856    1.198
   7320.00 0.130     647.872       7.533    1300.000       0.000    0.0002    4.019  527.475    4.402  235.776    1.219
   7380.00 0.133     649.431      11.963    1340.000       0.000    0.0002    4.060  590.969    4.555  236.438    1.155
   7440.00 0.129     646.163       6.805    1420.000       0.000    0.0002    4.125  670.984    4.933  238.522    1.364
   7500.00 0.130     650.244      12.270    1460.000       0.000    0.0002    4.199  723.102    5.364  241.525    1.413
   7560.00 0.133     649.945      11.009    1500.000       0.000    0.0002    4.282  812.439    5.858  244.369    1.566
   7620.00 0.126     635.426      12.054    1460.000       0.000    0.0002    4.343  859.321    5.263  246.235    1.409
   7680.00 0.133     637.688       5.578    1460.000       0.000    0.0002    4.304  759.466    4.732  246.039    1.198
   7740.00 0.138     637.558      11.044    1460.000       0.000    0.0002    4.099  552.056    4.524  246.147    1.214
   7800.00 0.141     634.931       7.674    1420.000       0.000    0.0002    3.826  396.818    3.966  247.269    1.133
   7860.00 0.136     635.396       5.540    1500.000       0.000    0.0002    3.626  347.495    4.643  247.464    1.150
   7920.00 0.132     640.037       5.195    1460.000       0.000    0.0002    3.547  393.946    5.188  247.469    1.054
   7980.00 0.132     650.166       7.246    1460.000       0.000    0.0002    3.659  451.254    4.770  248.263    0.979
   8040.00 0.131     638.513      10.558    1500.000       0.000    0.0002    3.905  455.415    3.937  249.341    0.996
   8100.00 0.135     636.823       9.061    1420.000       0.000    0.0002    4.310  429.596    4.364  250.989    1.090
   8160.00 0.138     640.952       2.399    1460.000       0.000    0.0002    4.775  374.232    4.968  253.544    1.231
   8220.00 0.135     638.339      13.935    1500.000       0.000    0.0002    5.294  458.670    5.394  257.592    1.118
   8280.00 0.139     642.175       4.491    1420.000       0.000    0.0002    5.896  529.550    5.714  263.376    1.360
   8340.00 0.137     648.754       6.690    1420.000       0.000    0.0002    6.489  581.122    6.532  269.774    1.378
   8400.00 0.137     659.361       6.821    1420.000       0.000    0.0002    6.987  705.662    6.138  276.031    1.598
   8460.00 0.135     657.532       2.396    1420.000       0.000    0.0002    7.414  809.256    6.346  282.957    1.751
   8520.00 0.135     662.527       6.282    1500.000       0.000    0.0002    7.680  821.445    6.888  288.285    2.199
   8580.00 0.136     663.799       7.384    1500.000       0.000    0.0002    7.627  789.986    5.543  289.352    1.642
   8640.00 0.136     670.394       4.122    1940.000       0.000    0.0002    7.286  603.498    5.270  289.269    1.735
   8700.00 0.136     663.591       4.883    1500.000       0.000    0.0002    6.755  590.052    5.201  290.542    1.703
   8760.00 0.142     665.724      10.000    1500.000       0.000    0.0002    6.134  682.122    5.154  291.835    1.505
   8820.00 0.143     664.983       8.294    1500.000       0.000    0.0002    5.800  752.773    5.744  292.092    1.584
   8880.00 0.140     653.298      10.541    1460.000       0.000    0.0002    5.760  837.705    6.127  291.578    1.657
   8940.00 0.136     645.903       5.975    1540.000       0.000    0.0002    5.732  633.870    6.026  292.324    1.445
   9000.00 0.139     646.410       7.250    1460.000       0.000    0.0002    5.725  557.606    4.771  294.565    1.303
   9060.00 0.135     646.715       4.188    1540.000       0.000    0.0002    5.798  457.907    5.535  296.857    1.509
   9120.00 0.135     653.514      10.631    1460.000       0.000    0.0002    6.101  586.388    5.587  300.578    1.323
   9180.00 0.137     650.303       7.950    1500.000       0.000    0.0002    6.623  732.511    6.371  306.327    1.505
   9240.00 0.140     661.185       4.007    1500.000       0.000    0.0002    7.215  884.957    6.838  312.891    1.863
   9300.00 0.136     651.270      12.057    1580.000       0.000    0.0002    7.744  941.407    7.072  316.710    1.962
   9360.00 0.143     654.658       2.123    1540.000       0.000    0.0002    8.181  853.953    6.082  320.038    1.965
   9420.00 0.149     661.503      10.196    1500.000       0.000    0.0002    8.404  715.694    6.454  325.022    1.758
   9480.00 0.147     656.755      11.126    1580.000       0.000    0.0002    8.475  780.861    6.276  329.731    1.709
   9540.00 0.148     658.880      16.046    1580.000       0.000    0.0002    8.341  849.200    7.007  333.561    1.607
   9600.00 0.150     658.049       5.073    1660.000       0.000    0.0002    8.200  880.151    7.397  336.948    1.806
   9660.00 0.150     656.423       8.650    1500.000       0.000    0.0002    8.091  942.427    6.690  339.176    2.014
   9720.00 0.149     654.492       5.541    1460.000       0.000    0.0002    7.982 1036.553    6.300  340.256    1.812
   9780.00 0.144     656.327       6.259    1620.000       0.000    0.0002    8.010 1146.602    6.691  342.626    1.888
   9840.00 0.143     661.233       5.377    1580.000       0.000    0.0002    8.172 1271.284    7.755  346.478    2.296
   9900.00 0.142     650.293       8.537    1940.000       0.000    0.0002    8.387 1178.340    6.419  348.805    2.293
   9960.00 0.143     650.085      11.419    1940.000       0.000    0.0002    8.488 1063.986    5.810  353.015    1.788
  10020.00 0.146     654.667       7.567    1660.000       0.000    0.0002    8.712  946.343    6.538  360.514    1.592
  10080.00 0.143     654.334       3.857    1580.000       0.000    0.0002    9.182  849.761    8.073  365.248    1.667
  10140.00 0.145     657.643      19.327    1500.000       0.000    0.0002    9.534  865.230    7.712  367.489    1.901
  10200.00 0.142     673.585       6.038    1940.000       0.000    0.0002    9.705  915.419    7.580  367.234    2.200
  10260.00 0.143     677.474       4.846    1940.000       0.000    0.0002    9.609  938.885    6.774  365.856    2.563
  10320.00 0.142     682.199       7.835    1940.000       0.000    0.0002    9.451  930.622    6.347  367.226    2.123
  10380.00 0.137     693.298       4.599    1620.000       0.000    0.0002    9.221  986.159    6.225  369.975    1.782
  10440.00 0.141     696.458       9.167    1940.000       0.000    0.0002    8.904  837.245    5.455  369.601    1.640
  10500.00 0.138     704.092       9.030    1540.000       0.000    0.0002    8.856  739.050    6.090  368.035    1.578
  10560.00 0.135     696.890      13.237    1580.000       0.000    0.0002    9.063  833.855    7.141  369.617    1.748
  10620.00 0.137     687.857       7.929    1580.000       0.000    0.0002    9.206  992.877    7.326  373.471    2.326
  10680.00 0.130     687.970       4.549    1500.000       0.000    0.0002    9.257 1041.702    6.388  376.050    2.107
  10740.00 0.127     681.804      11.286    1940.000       0.000    0.0002    9.197 1034.426    5.955  378.192    1.932
  10800.00 0.127     690.651      14.636    1940.000       0.000    0.0002    8.787 1086.807    6.162  380.118    1.803
  10860.00 0.131     696.343       4.067    1940.000       0.000    0.0002    8.141 1156.837    6.726  378.835    2.141
  10920.00 0.126     687.544       9.865    1940.000       0.000    0.0002    7.492 1294.126    5.426  373.444    2.387
  10980.00 0.129     676.830       9.509    1940.000       0.000    0.0002    6.872 1283.606    5.263  367.914    1.945
  11040.00 0.126     658.602       7.223    1940.000       0.000    0.0002    6.413 1137.301    5.708  365.876    1.787
  11100.00 0.128     660.076      13.410    1500.000       0.000    0.0002    6.023  899.151    6.281  363.633    1.390
  11160.00 0.133     657.436       5.934    1500.000       0.000    0.0002    5.830  955.791    6.601  360.262    1.822
  11220.00 0.136     661.007       9.173    1500.000       0.000    0.0002    5.844 1016.148    6.852  357.388    1.752
  11280.00 0.135     648.664       5.415    1500.000       0.000    0.0002    5.920 1023.637    6.066  356.037    1.687
  11340.00 0.142     655.540       7.719    1420.000       0.000    0.0002    6.012  988.488    6.649  354.434    2.244
  11400.00 0.148     651.868       7.636    1540.000       0.000    0.0002    5.967  995.278    6.430  352.137    1.934
  11460.00 0.153     658.153       9.172    1940.000       0.000    0.0002    5.727  860.694    5.362  350.709    1.530
  11520.00 0.150     658.369      10.865    1620.000       0.000    0.0002    5.329  634.821    4.572  348.702    1.659
  11580.00 0.144     666.723       6.791    1540.000       0.000    0.0002    4.955  623.781    4.593  345.366    1.339
  11640.00 0.142     668.399       5.404    1540.000       0.000    0.0002    4.545  601.727    4.493  339.597    1.407
  11700.00 0.141     667.764       7.868    1500.000       0.000    0.0002    4.112  511.826    4.278  333.125    1.085
  11760.00 0.142     654.031       4.117    1460.000       0.000    0.0002    3.816  449.054    4.738  328.909    1.172
  11820.00 0.135     650.942       3.297    1500.000       0.000    0.0002    3.640  409.273    4.995  326.585    1.081
  11880.00 0.138     659.787       4.681    1500.000       0.000    0.0002    3.545  354.632    4.479  324.282    1.165
  11940.00 0.137     668.099       8.774    1500.000       0.000    0.0002    3.428  347.467    4.466  321.503    1.311
  12000.00 0.139     673.100       4.729    1540.000       0.000    0.0002    3.296  334.345    4.721  319.465    1.155
  12060.00 0.136     669.281       1.187    1500.000       0.000    0.0002    3.165  280.758    4.488  317.538    1.030
  12120.00 0.136     669.982       0.969    1420.000       0.000    0.0002    2.996  306.390    4.453  314.863    0.965
  12180.00 0.133     670.202       3.560    1460.000       0.000    0.0002    2.862  338.489    4.075  311.868    1.025
  12240.00 0.132     672.616       3.228    1540.000       0.000    0.0002    2.758  384.246    4.356  309.838    1.229
  12300.00 0.130     668.614      14.794    1420.000       0.000    0.0002    2.628  371.361    4.206  308.435    1.094
  12360.00 0.125     655.608       9.059    1420.000       0.000    0.0002    2.593  311.446    4.324  306.999    0.979
  12420.00 0.125     644.844       6.289    1420.000       0.000    0.0002    2.619  323.651    4.767  306.287    1.011
  12480.00 0.128     638.015       5.878    1420.000       0.000    0.0002    2.813  353.885    4.668  306.783    1.172
  12540.00 0.130     635.865       4.511    1380.000       0.000    0.0002    3.036  371.256    4.673  307.339    1.175
  12600.00 0.133     648.498       7.326    1460.000       0.000    0.0002    3.165  377.415    5.315  307.159    1.382
  12660.00 0.135     642.868       2.468    1420.000       0.000    0.0002    3.201  372.018    5.448  307.127    1.258
  12720.00 0.139     649.807       4.077    1460.000       0.000    0.0002    3.164  412.342    4.759  308.441    1.091
  12780.00 0.137     646.477       8.007    1460.000       0.000    0.0002    3.086  366.067    3.716  309.949    0.907
  12840.00 0.138     654.417       6.926    1460.000       0.000    0.0002    3.034  310.399    3.851  311.065    0.977
  12900.00 0.138     656.319      12.566    1420.000       0.000    0.0002    2.996  251.814    4.231  312.418    0.988
  12960.00 0.135     653.273       9.837    1340.000       0.000    0.0002    3.106  293.822    4.626  314.196    1.015
  13020.00 0.134     649.290      10.237    1420.000       0.000    0.0002    3.352  354.713    4.858  316.539    1.051
  13080.00 0.139     646.761      11.514    1460.000       0.000    0.0002    3.713  395.671    4.759  319.968    1.257
  13140.00 0.139     647.557       5.589    1420.000       0.000    0.0002    4.193  417.653    5.742  324.543    1.256
  13200.00 0.143     644.463       9.949    1460.000       0.000    0.0002    4.716  530.796    6.534  329.174    1.508
  13260.00 0.143     647.325       6.474    1420.000       0.000    0.0002    5.291  634.498    5.892  334.649    1.261
  13320.00 0.146     646.110       4.407    1420.000       0.000    0.0002    5.919  709.135    6.924  341.672    1.647
  13380.00 0.151     650.470       8.784    1460.000       0.000    0.0002    6.489  766.271    6.199  349.087    1.595
  13440.00 0.143     645.188      10.717    1500.000       0.000    0.0002    7.047  777.249    6.306  355.963    1.526
  13500.00 0.145     645.455       8.350    1460.000       0.000    0.0002    7.629  728.004    7.281  362.628    1.549
  13560.00 0.143     652.000       6.632    1500.000       0.000    0.0002    8.070  950.262    6.908  369.713    1.551
  13620.00 0.146     659.799       2.987    1580.000       0.000    0.0002    8.520 1129.004    5.955  376.464    1.841
  13680.00 0.147     665.166       9.967    1540.000       0.000    0.0002    8.798 1093.652    5.838  382.805    1.996
  13740.00 0.149     661.438       9.412    1580.000       0.000    0.0002    8.943 1027.872    6.630  388.802    1.705
  13800.00 0.150     666.959       8.065    1460.000       0.000    0.0002    8.971  797.674    6.153  392.686    1.485
  13860.00 0.150     672.964       8.404    1500.000       0.000    0.0002    8.994  649.634    6.530  394.705    1.526
  13920.00 0.151     685.032       6.355    1540.000       0.000    0.0002    8.882  589.033    6.348  395.624    1.442
  13980.00 0.157     687.826       9.441    1420.000       0.000    0.0002    8.815  598.947    5.596  396.428    1.393
  14040.00 0.156     682.848       4.601    1540.000       0.000    0.0002    8.876  726.371    5.992  396.763    1.566
  14100.00 0.156     680.406       7.707    1500.000       0.000    0.0002    8.963  723.329    5.888  397.219    1.282
  14160.00 0.157     688.341       5.705    1500.000       0.000    0.0002    9.034  600.020    6.627  401.068    1.524
  14220.00 0.157     685.794       2.773    1460.000       0.000    0.0002    9.117  764.899    6.866  407.340    1.469
  14280.00 0.156     681.881       6.113    1620.000       0.000    0.0002    9.334  896.285    6.728  412.963    1.997
  14340.00 0.156     691.862       8.044    1460.000       0.000    0.0002    9.694  891.860    6.154  417.199    1.659
  14400.00 0.154     686.222       4.127    1660.000       0.000    0.0002   10.012  898.304    6.126  419.362    1.812
  14460.00 0.162     697.229       3.765    1540.000       0.000    0.0002   10.025  758.806    7.004  419.318    1.629
  14520.00 0.164     698.692      10.817    1620.000       0.000    0.0002    9.831  715.773    7.155  422.162    1.675
  14580.00 0.159     701.840       8.374    1580.000       0.000    0.0002    9.777 1024.655    8.187  426.516    1.908
  14640.00 0.151     686.343       4.142    1580.000       0.000    0.0002    9.859 1249.632    8.402  426.585    2.134
  14700.00 0.155     690.943       7.296    1940.000       0.000    0.0002    9.861 1274.598    8.371  422.448    2.270
  14760.00 0.155     693.270       7.893    1940.000       0.000    0.0002    9.719 1370.786    7.224  421.031    2.138
  14820.00 0.155     703.981       6.761    1940.000       0.000    0.0002    9.353 1186.375    6.204  424.446    1.773
  14880.00 0.157     707.702       8.354    1940.000       0.000    0.0002    8.864  690.222    5.807  426.967    1.507
  14940.00 0.156     707.147       6.771    1580.000       0.000    0.0002    8.442  704.935    5.856  425.158    1.764
  15000.00 0.154     709.475       9.666    1620.000       0.000    0.0002    8.060  671.099    5.577  419.816    1.526
  15060.00 0.149     700.854      11.560    1540.000       0.000    0.0002    7.811  755.416    5.981  416.939    1.442
  15120.00 0.145     702.020      11.044    1580.000       0.000    0.0002    7.651  681.953    6.314  417.378    1.873
  15180.00 0.143     691.590       9.504    1540.000       0.000    0.0002    7.654  632.424    6.601  416.934    1.587
  15240.00 0.143     695.077       8.479    1500.000       0.000    0.0002    7.729  689.932    5.555  415.358    1.600
  15300.00 0.146     696.400       6.933    1540.000       0.000    0.0002    7.824  583.117    5.235  416.103    1.601
  15360.00 0.146     695.779      10.486    1620.000       0.000    0.0002    8.068  736.420    5.750  418.715    1.435
  15420.00 0.143     692.808      10.308    1700.000       0.000    0.0002    8.377  837.032    6.936  423.291    1.798
  15480.00 0.142     709.125       8.816    1580.000       0.000    0.0002    8.753  942.100    8.538  429.222    2.065
  15540.00 0.139     699.930       4.203    1620.000       0.000    0.0002    9.112 1128.283    7.137  435.397    2.173
  15600.00 0.142     678.000       9.172    1940.000       0.000    0.0002    9.294 1064.171    8.801  442.943    2.116
  15660.00 0.139     676.042       7.881    1940.000       0.000    0.0002    9.512 1516.042    9.750  456.531    2.474
  15720.00 0.142     672.302       6.426    1940.000       0.000    0.0002    9.562 1914.826    9.096  466.809    2.763
  15780.00 0.144     684.636      10.254    1940.000       0.000    0.0002    9.518 2032.981    8.726  465.940    2.893
  15840.00 0.138     678.021      13.604    1940.000       0.000    0.0002    9.455 1876.494    9.149  465.193    2.707
  15900.00 0.140     683.357       4.545    2020.000       0.000    0.0002    9.028 1858.942    8.659  476.199    1.990
  15960.00 0.138     684.894       5.496    2020.000       0.000    0.0002    8.800 1827.530    9.809  494.369    2.032
  16020.00 0.136     686.331      11.547    1940.000       0.000    0.0002    8.858 1395.669    7.557  495.238    1.905
  16080.00 0.135     678.333       7.536    1940.000       0.000    0.0002    8.972 1279.228    7.735  485.366    1.773
  16140.00 0.133     670.789       5.284    1940.000       0.000    0.0002    9.131 1026.406    7.965  484.507    1.657
  16200.00 0.133     681.465       7.326    1700.000       0.000    0.0002    9.825 1437.807    6.904  496.810    1.832
  16260.00 0.134     662.842       3.607    1940.000       0.000    0.0002   10.743 1820.829    8.152  509.922    2.590
  16320.00 0.134     677.559       8.124    1940.000       0.000    0.0002   11.633 1943.889    8.700  515.814    2.576
  16380.00 0.138     671.752       9.097    1940.000       0.000    0.0002   12.399 1842.254    9.112  523.053    2.990
  16440.00 0.140     674.520       7.888    1940.000       0.000    0.0002   12.941 1678.805    8.655  537.456    2.862
  16500.00 0.135     676.101       6.426    1940.000       0.000    0.0002   13.264 1993.780    8.758  549.965    2.872
  16560.00 0.137     692.527       7.936    2020.000       0.000    0.0002   12.881 1969.467    8.244  553.845    3.246
  16620.00 0.136     692.760       9.391    1980.000       0.000    0.0002   11.801 1950.025    8.325  552.045    3.490
  16680.00 0.134     680.768      13.565    1940.000       0.000    0.0002   10.806 1764.047    9.227  558.138    2.300
  16740.00 0.132     666.593       3.444    1940.000       0.000    0.0002    9.866 1355.520    7.419  571.246    1.859
  16800.00 0.132     673.481      10.815    1940.000       0.000    0.0002    9.008 1088.335    8.292  569.887    1.747
  16860.00 0.138     675.591       8.818    1940.000       0.000    0.0002    8.333 1058.413    7.477  546.505    1.897
  16920.00 0.137     679.822      12.727    1940.000       0.000    0.0002    8.266  723.281    6.498  527.178    1.476
  16980.00 0.142     694.374      10.154    1620.000       0.000    0.0002    8.399  843.051    6.156  522.042    1.520
  17040.00 0.150     718.989       6.101    1660.000       0.000    0.0002    8.711 1001.882    5.990  523.457    1.560
  17100.00 0.145     721.959       9.324    1740.000       0.000    0.0002    9.407 1265.547    7.204  522.859    1.980
  17160.00 0.144     718.163       2.517    1940.000       0.000    0.0002   10.419 1701.572    8.412  521.364    2.542
  17220.00 0.145     726.351       5.811    1940.000       0.000    0.0002   11.621 1890.842    8.708  520.839    3.187
  17280.00 0.149     715.803      13.836    1940.000       0.000    0.0002   12.380 1821.290    9.062  522.876    2.589
  17340.00 0.146     699.733       9.067    1940.000       0.000    0.0002   12.571 1732.037    6.947  535.464    2.589
  17400.00 0.146     708.933      12.667    1940.000       0.000    0.0002   12.214 1535.350    8.023  551.801    2.685
  17460.00 0.144     714.737      14.160    1940.000       0.000    0.0002   11.392 1288.812    6.510  557.081    2.174
  17520.00 0.139     700.280       7.636    1940.000       0.000    0.0002   10.094 1150.733    5.791  553.370    1.834
  17580.00 0.143     712.855       5.436    1940.000       0.000    0.0002    8.647  687.435    6.606  546.053    1.618
  17640.00 0.140     712.378      13.741    1580.000       0.000    0.0002    7.647  621.821    6.164  532.718    1.330
  17700.00 0.148     715.182       9.538    1540.000       0.000    0.0002    7.105  520.681    5.219  508.862    1.378
  17760.00 0.149     728.216       7.234    1580.000       0.000    0.0002    6.339  463.296    6.451  492.971    1.386
  17820.00 0.148     740.000       6.425    1580.000       0.000    0.0002    5.542  412.304    5.597  487.573    1.170
  17880.00 0.138     723.788       6.761    1580.000       0.000    0.0002    4.916  449.182    5.575  481.515    1.495
  17940.00 0.140     713.704       9.391    1620.000       0.000    0.0002    4.583  363.292    5.347  472.682    1.273
  18000.00 0.139     718.944       8.310    1660.000       0.000    0.0002    4.506  356.403    4.987  465.754    1.506
  18060.00 0.136     714.676       7.410    1620.000       0.000    0.0002    4.479  432.034    5.373  461.259    1.733
  18120.00 0.139     702.382       2.452    1580.000       0.000    0.0002    4.413  441.538    5.836  456.332    1.433
  18180.00 0.143     705.137      13.699    1620.000       0.000    0.0002    4.287  403.975    5.826  451.773    1.346
  18240.00 0.135     690.307       9.584    1500.000       0.000    0.0002    4.107  495.787    6.197  449.515    1.604
  18300.00 0.135     676.360      11.207    1500.000       0.000    0.0002    3.924  653.736    7.405  446.566    1.640
  18360.00 0.135     672.396       8.649    1540.000       0.000    0.0002    3.735  682.753    6.824  440.927    1.574
  18420.00 0.132     678.222       7.593    1540.000       0.000    0.0002    3.563  773.533    6.090  436.277    1.647
  18480.00 0.130     679.624       7.519    1580.000       0.000    0.0002    3.448  763.347    4.330  434.728    1.338
  18540.00 0.125     684.047       7.938    1660.000       0.000    0.0002    3.368  516.339    4.758  433.864    1.148
  18600.00 0.125     679.883       4.853    1500.000       0.000    0.0002    3.312  355.568    5.622  431.489    1.261
  18660.00 0.128     689.125       8.707    1500.000       0.000    0.0002    3.271  346.157    5.879  430.131    1.242
  18720.00 0.125     693.606       7.563    1540.000       0.000    0.0002    3.395  375.549    5.674  431.718    1.291
  18780.00 0.119     688.477      13.827    1580.000       0.000    0.0002    3.525  393.183    5.488  433.141    1.244
  18840.00 0.118     677.676       7.012    1540.000       0.000    0.0002    3.652  387.624    5.787  432.141    1.331
  18900.00 0.116     690.295       8.734    1500.000       0.000    0.0002    3.716  419.601    5.684  431.234    1.148
  18960.00 0.110     682.971       6.962    1460.000       0.000    0.0002    3.716  436.736    5.090  431.842    1.256
  19020.00 0.115     685.532      10.128    1500.000       0.000    0.0002    3.575  591.932    5.079  431.470    1.410
  19080.00 0.115     673.559       8.898    1500.000       0.000    0.0002    3.495  521.118    5.466  429.879    1.450
  19140.00 0.119     669.754       2.705    1500.000       0.000    0.0002    3.457  518.692    6.276  428.657    1.595
  19200.00 0.123     674.733      10.693    1460.000       0.000    0.0002    3.444  628.198    8.057  427.455    1.661
  19260.00 0.121     666.883      10.688    1460.000       0.000    0.0002    3.464  512.606    6.141  424.402    1.420
  19320.00 0.119     664.826       4.990    1540.000       0.000    0.0002    3.454  374.081    5.617  422.216    1.396
  19380.00 0.127     657.701       1.264    1500.000       0.000    0.0002    3.517  500.486    5.599  425.201    1.327
  19440.00 0.126     655.961       8.117    1540.000       0.000    0.0002    3.805  637.089    7.858  429.640    1.656
  19500.00 0.129     661.962       8.000    1500.000       0.000    0.0002    4.147  827.546    7.977  431.410    1.773
  19560.00 0.133     664.542      10.586    1460.000       0.000    0.0002    4.380 1037.827    9.417  431.826    1.899
  19620.00 0.138     670.864       7.266    1940.000       0.000    0.0002    4.511  960.426    7.759  433.606    2.060
  19680.00 0.131     666.206       3.551    1940.000       0.000    0.0002    4.553  854.620    7.457  436.233    1.607
  19740.00 0.140     680.873       6.073    1660.000       0.000    0.0002    4.544  597.180    6.508  436.341    1.653
  19800.00 0.146     683.077       7.926    1580.000       0.000    0.0002    4.676  558.694    5.857  436.020    1.280
  19860.00 0.146     683.144       6.187    1540.000       0.000    0.0002    4.970  471.593    5.645  436.542    1.335
  19920.00 0.148     675.248       5.578    1500.000       0.000    0.0002    5.313  444.081    5.705  436.639    1.365
  19980.00 0.153     680.192      12.236    1540.000       0.000    0.0002    5.766  468.949    5.523  438.362    1.411
  20040.00 0.151     691.313      11.410    1500.000       0.000    0.0002    6.187  480.987    6.025  444.226    1.619
  20100.00 0.149     689.294       7.915    1540.000       0.000    0.0002    6.574  624.518    6.231  453.796    1.712
  20160.00 0.149     686.929       4.466    1540.000       0.000    0.0002    7.097  844.684    7.691  465.629    2.051
  20220.00 0.148     701.782       5.116    1700.000       0.000    0.0002    7.639 1099.113    9.612  477.627    2.343
  20280.00 0.142     704.613      11.084    1940.000       0.000    0.0002    7.997 1460.819   10.581  485.046    2.771
  20340.00 0.144     705.306       2.041    1940.000       0.000    0.0002    7.725 1424.582    8.802  480.003    2.270
  20400.00 0.140     714.539       8.626    2100.000       0.000    0.0002    6.974 1347.778    6.577  473.842    2.343
  20460.00 0.135     710.309       9.982    1940.000       0.000    0.0002    6.227  987.196    6.808  479.898    1.570
  20520.00 0.135     706.270       5.261    1500.000       0.000    0.0002    5.575  565.947    6.185  484.637    1.522
  20580.00 0.139     707.005       8.932    1580.000       0.000    0.0002    5.068  667.965    7.156  475.783    1.507
  20640.00 0.140     699.096       9.113    1420.000       0.000    0.0002    4.647  637.393    7.890  465.173    1.706
  20700.00 0.134     695.556      11.730    1580.000       0.000    0.0002    4.186  651.901    7.601  462.278    1.903
  20760.00 0.133     690.092      10.385    1780.000       0.000    0.0002    3.665  658.546    7.504  459.326    1.826
  20820.00 0.135     685.874       3.135    1940.000       0.000    0.0002    3.183  551.722    5.002  451.064    1.719
  20880.00 0.140     682.787       3.240    1940.000       0.000    0.0002    2.739  375.142    4.636  444.217    1.218
  20940.00 0.140     680.452       7.930    1660.000       0.000    0.0002    2.540  336.412    4.500  442.723    1.255
  21000.00 0.134     673.212       5.255    1660.000       0.000    0.0002    2.489  264.362    4.060  438.966    1.233
  21060.00 0.136     667.828       3.842    1580.000       0.000    0.0002    2.512  210.821    4.179  432.331    0.906
  21120.00 0.137     670.391      10.996    1500.000       0.000    0.0002    2.531  216.035    4.218  428.650    0.934
  21180.00 0.137     671.155       2.558    1420.000       0.000    0.0002    2.600  216.668    4.611  427.700    1.038
  21240.00 0.141     671.181       4.931    1540.000       0.000    0.0002    2.682  194.449    4.587  426.347    0.970
  21300.00 0.140     676.446       3.240    1700.000       0.000    0.0002    2.817  191.436    3.616  425.043    0.961
  21360.00 0.141     669.583       3.299    1500.000       0.000    0.0002    3.097  256.299    4.144  424.295    1.117
  21420.00 0.138     668.127       8.763    1580.000       0.000    0.0002    3.395  320.373    5.504  424.535    1.213
  21480.00 0.139     674.221      10.893    1460.000       0.000    0.0002    3.737  408.335    5.922  427.482    1.291
  21540.00 0.139     676.380      12.162    1340.000       0.000    0.0002    4.125  446.767    6.397  431.816    1.383
  21600.00 0.139     678.214      12.329    1340.000       0.000    0.0002    4.597  493.298    5.996  434.468    1.469
  21660.00 0.146     687.471       9.749    1500.000       0.000    0.0002    5.041  594.125    5.953  436.409    1.484
  21720.00 0.146     693.933       6.167    1500.000       0.000    0.0002    5.387  558.504    6.898  439.761    1.401
  21780.00 0.142     695.739       6.667    1620.000       0.000    0.0002    5.589  638.582    6.697  444.597    1.498
  21840.00 0.141     705.112       3.351    1620.000       0.000    0.0002    5.790  674.835    6.511  448.176    1.654
  21900.00 0.140     707.930      10.678    1500.000       0.000    0.0002    5.822  632.179    6.589  448.526    1.610
  21960.00 0.135     708.841       5.725    1460.000       0.000    0.0002    5.828  532.477    7.357  448.676    1.493
  22020.00 0.135     707.161      12.043    1540.000       0.000    0.0002    5.865  644.975    8.128  449.766    1.434
  22080.00 0.134     713.455      11.055    1500.000       0.000    0.0002    5.903  679.423    6.137  451.063    1.367
  22140.00 0.132     712.421       8.133    1540.000       0.000    0.0002    6.063  690.616    6.321  452.657    1.726
  22200.00 0.133     707.486       6.275    1540.000       0.000    0.0002    6.145  495.738    6.363  455.625    1.448
  22260.00 0.132     700.664       7.196    1500.000       0.000    0.0002    6.304  553.557    6.868  460.455    1.585
  22320.00 0.135     704.613       5.838    1460.000       0.000    0.0002    6.390  578.951    6.860  463.368    1.675
  22380.00 0.139     707.368      12.351    1540.000       0.000    0.0002    6.456  535.030    8.206  463.762    1.663
  22440.00 0.139     714.431       9.317    1620.000       0.000    0.0002    6.472  773.445    7.493  465.970    1.786
  22500.00 0.145     722.162       3.818    1540.000       0.000    0.0002    6.379  903.731    8.527  470.067    1.879
  22560.00 0.145     732.365       9.054    1580.000       0.000    0.0002    6.240  881.227    8.105  472.001    2.157
  22620.00 0.147     725.008      12.272    1940.000       0.000    0.0002    6.126  789.621    7.301  471.038    2.159
  22680.00 0.143     716.014      16.968    1940.000       0.000    0.0002    5.980  717.251    7.562  469.871    2.025
  22740.00 0.145     722.723       6.588    1940.000       0.000    0.0002    5.886  660.744    6.244  471.405    1.430
  22800.00 0.148     717.228      13.036    1660.000       0.000    0.0002    5.896  610.106    7.268  473.772    1.753
  22860.00 0.147     704.577      10.315    1580.000       0.000    0.0002    6.132  505.145    6.276  473.864    1.498
  22920.00 0.151     708.078      11.373    1500.000       0.000    0.0002    6.368  565.862    7.456  474.049    1.529
  22980.00 0.150     702.480       8.613    1620.000       0.000    0.0002    6.581  788.906    8.268  477.376    1.747
  23040.00 0.147     703.261       2.063    1380.000       0.000    0.0002    6.772  993.105    9.226  480.380    1.847
  23100.00 0.153     713.184       3.040    1940.000       0.000    0.0002    7.022  990.094    8.317  479.425    1.833
  23160.00 0.156     720.970       5.164    1940.000       0.000    0.0002    7.191 1014.087    7.659  477.787    1.855
  23220.00 0.154     731.873       9.651    1940.000       0.000    0.0002    7.048  810.674    5.302  478.098    1.547
  23280.00 0.157     728.678       6.314    1540.000       0.000    0.0002    6.889  595.229    5.924  478.654    1.280
  23340.00 0.159     725.499       7.926    1580.000       0.000    0.0002    6.617  507.375    6.100  475.430    1.391
  23400.00 0.160     719.633       8.012    1620.000       0.000    0.0002    6.402  563.342    6.242  472.006    1.354
  23460.00 0.158     720.556       7.438    1460.000       0.000    0.0002    6.202  561.265    5.822  469.439    1.307
  23520.00 0.163     728.982       4.581    1500.000       0.000    0.0002    5.968  524.031    4.806  465.982    1.330
  23580.00 0.160     741.160       9.588    1620.000       0.000    0.0002    5.550  448.623    4.513  462.481    1.436
  23640.00 0.159     744.540       3.589    1540.000       0.000    0.0002    5.235  371.020    4.997  460.107    1.376
  23700.00 0.159     733.241      10.169    1620.000       0.000    0.0002    4.983  403.079    5.608  457.287    1.184
  23760.00 0.157     729.441       4.534    1460.000       0.000    0.0002    4.890  447.045    5.458  454.276    1.300
  23820.00 0.162     728.313       6.024    1540.000       0.000    0.0002    4.856  567.026    7.101  452.358    1.694
  23880.00 0.159     730.476       7.373    1500.000       0.000    0.0002    4.859  622.839    7.106  451.457    1.782
  23940.00 0.154     724.469       7.417    1500.000       0.000    0.0002    4.879  698.576    7.478  450.559    1.706
  24000.00 0.150     727.622       5.309    1500.000       0.000    0.0002    4.967  522.787    6.633  449.869    1.628
  24060.00 0.146     726.510       6.678    1500.000       0.000    0.0002    5.109  502.820    8.064  450.988    1.637
  24120.00 0.138     718.265      12.743    1540.000       0.000    0.0002    5.315  553.937    7.782  454.483    1.536
  24180.00 0.137     723.387      11.622    1540.000       0.000    0.0002    5.546  674.118    8.060  459.353    1.706
  24240.00 0.141     726.736       7.703    1660.000       0.000    0.0002    5.715  872.819    9.119  460.198    2.045
  24300.00 0.135     723.303       6.534    1940.000       0.000    0.0002    5.728  971.585    7.400  457.226    2.158
  24360.00 0.135     732.865       4.613    1940.000       0.000    0.0002    5.628  863.414    6.731  455.893    1.937
  24420.00 0.136     729.496       5.396    1940.000       0.000    0.0002    5.410  644.520    6.526  456.043    1.493
  24480.00 0.133     735.212       7.366    1580.000       0.000    0.0002    5.154  634.789    6.625  455.891    1.595
  24540.00 0.136     738.851       4.883    1620.000       0.000    0.0002    4.714  697.305    6.538  454.561    1.582
  24600.00 0.132     720.296       9.815    1500.000       0.000    0.0002    4.506  750.744    6.745  453.830    1.999
  24660.00 0.127     719.191       4.200    1940.000       0.000    0.0002    4.404  696.418    7.646  451.032    1.706
  24720.00 0.124     723.116       5.523    1620.000       0.000    0.0002    4.336  762.799    7.620  447.494    1.546
  24780.00 0.120     712.089       7.505    1580.000       0.000    0.0002    4.278  897.994    8.061  447.765    1.862
  24840.00 0.119     720.246       3.893    1700.000       0.000    0.0002    4.325  778.647    5.808  450.387    1.498
  24900.00 0.116     712.827       6.878    1580.000       0.000    0.0002    4.500  733.010    5.984  452.641    1.622
  24960.00 0.114     706.410       6.880    1620.000       0.000    0.0002    4.775  594.005    6.786  453.535    1.933
  25020.00 0.117     717.453      12.651    1620.000       0.000    0.0002    5.062  680.444    7.014  453.167    1.774
  25080.00 0.120     719.391       6.166    1540.000       0.000    0.0002    5.355  753.346    5.717  453.371    1.696
  25140.00 0.123     716.494       7.371    1460.000       0.000    0.0002    5.551  614.869    5.897  454.965    1.677
  25200.00 0.126     728.660       3.767    1940.000       0.000    0.0002    5.712  422.900    6.191  459.585    1.564
  25260.00 0.124     738.350       3.811    1540.000       0.000    0.0002    5.984  514.543    7.058  466.534    1.685
  25320.00 0.121     730.222       4.889    1620.000       0.000    0.0002    6.652  798.716    7.974  473.135    2.069
  25380.00 0.120     729.593       5.691    1580.000       0.000    0.0002    7.468  978.400    8.196  479.577    1.953
  25440.00 0.125     741.170       3.782    1940.000       0.000    0.0002    8.081 1089.969    9.578  484.840    2.738
  25500.00 0.129     746.730       9.490    1940.000       0.000    0.0002    8.174 1112.078    6.653  486.867    2.141
  25560.00 0.133     743.229       4.697    1940.000       0.000    0.0002    8.022  907.537    6.708  489.222    1.765
  25620.00 0.139     754.526       9.965    1940.000       0.000    0.0002    7.648  671.435    6.791  495.140    1.789
  25680.00 0.137     747.714      11.179    1700.000       0.000    0.0002    7.207  784.482    7.373  498.138    2.040
  25740.00 0.139     746.831      11.655    1540.000       0.000    0.0002    6.862  964.683    8.664  494.884    2.111
  25800.00 0.137     750.586       9.343    1940.000       0.000    0.0002    6.563 1053.373    6.951  488.335    2.024
  25860.00 0.136     740.000       8.223    1940.000       0.000    0.0002    6.148  803.284    7.394  485.628    2.242
  25920.00 0.136     736.918       6.272    1940.000       0.000    0.0002    5.661  592.992    6.804  485.824    1.465
  25980.00 0.135     739.639       8.484    1580.000       0.000    0.0002    5.030  492.237    5.925  481.582    1.343
  26040.00 0.138     739.575       7.292    1700.000       0.000    0.0002    4.444  415.160    5.322  473.658    1.301
  26100.00 0.139     740.070       7.916    1660.000       0.000    0.0002    3.991  391.259    5.612  469.002    1.265
  26160.00 0.136     734.758       3.698    1500.000       0.000    0.0002    3.639  351.788    5.567  466.679    1.456
  26220.00 0.135     724.275       9.746    1500.000       0.000    0.0002    3.427  404.665    5.925  462.838    1.333
  26280.00 0.126     714.595      10.656    1460.000       0.000    0.0002    3.413  472.411    6.683  459.538    1.643
  26340.00 0.135     709.081       7.279    1500.000       0.000    0.0002    3.449  524.256    6.762  458.228    1.487
  26400.00 0.132     708.930       8.044    1620.000       0.000    0.0002    3.540  518.676    6.727  457.520    1.660
  26460.00 0.132     703.037       5.556    1540.000       0.000    0.0002    3.588  631.331    7.289  455.677    1.913
  26520.00 0.131     711.747       6.208    1500.000       0.000    0.0002    3.476  567.714    6.843  452.777    1.459
  26580.00 0.130     706.904       7.505    1460.000       0.000    0.0002    3.361  435.773    5.283  452.085    1.371
  26640.00 0.131     706.430      10.168    1500.000       0.000    0.0002    3.315  432.358    6.133  453.398    1.582
  26700.00 0.135     707.784       9.874    1500.000       0.000    0.0002    3.235  382.442    6.282  452.388    1.310
  26760.00 0.137     704.563       9.376    1460.000       0.000    0.0002    3.262  307.494    5.117  449.511    1.088
  26820.00 0.135     702.966       5.353    1380.000       0.000    0.0002    3.409  379.356    5.504  449.016    1.294
  26880.00 0.139     703.937       4.253    1420.000       0.000    0.0002    3.671  468.916    6.291  451.355    1.461
  26940.00 0.135     705.405       4.757    1460.000       0.000    0.0002    4.015  552.282    6.856  453.981    1.527
  27000.00 0.140     703.916       6.993    1540.000       0.000    0.0002    4.388  656.371    6.562  457.113    1.694
  27060.00 0.139     714.648      11.092    1580.000       0.000    0.0002    4.765  619.137    6.599  460.635    1.466
  27120.00 0.140     715.288       5.166    1700.000       0.000    0.0002    5.092  508.406    6.514  464.758    1.533
  27180.00 0.142     714.802      10.293    1500.000       0.000    0.0002    5.398  588.558    6.318  470.846    1.596
  27240.00 0.144     717.559       5.220    1660.000       0.000    0.0002    5.677  508.973    5.947  476.163    1.376
  27300.00 0.145     721.757       9.223    1460.000       0.000    0.0002    6.047  496.330    6.093  478.228    1.465
  27360.00 0.149     727.365       9.820    1540.000       0.000    0.0002    6.337  547.837    6.746  478.742    1.621
  27420.00 0.155     732.177       4.669    1580.000       0.000    0.0002    6.537  525.017    6.587  481.720    1.390
  27480.00 0.156     746.154       7.441    1620.000       0.000    0.0002    6.668  568.179    7.092  488.328    1.561
  27540.00 0.154     750.874       6.359    1580.000       0.000    0.0002    6.737  645.252    7.758  494.364    1.467
  27600.00 0.158     749.630       9.167    1580.000       0.000    0.0002    6.877  706.568    6.860  497.945    1.851
  27660.00 0.152     751.410       8.429    1580.000       0.000    0.0002    7.062  690.193    7.845  501.371    1.771
  27720.00 0.151     752.213       5.816    1500.000       0.000    0.0002    7.268  512.256    6.144  505.289    1.415
  27780.00 0.151     753.829      11.696    1580.000       0.000    0.0002    7.487  474.070    6.073  508.507    1.767
  27840.00 0.157     757.170       9.114    1540.000       0.000    0.0002    7.528  466.349    6.363  510.892    1.588
  27900.00 0.160     757.500      10.030    1540.000       0.000    0.0002    7.556  514.821    6.792  513.378    1.635
  27960.00 0.160     765.671       7.470    1500.000       0.000    0.0002    7.570  593.464    6.266  515.858    1.581
  28020.00 0.157     753.935       7.154    1540.000       0.000    0.0002    7.638  664.470    6.494  516.474    1.821
  28080.00 0.165     745.452       7.644    1540.000       0.000    0.0002    7.612  623.035    7.043  515.147    1.625
  28140.00 0.168     744.658       8.646    1580.000       0.000    0.0002    7.451  674.010    8.295  514.984    1.691
  28200.00 0.172     743.182      10.057    1620.000       0.000    0.0002    7.333  713.025    7.650  516.189    1.797
  28260.00 0.171     754.473       2.108    1620.000       0.000    0.0002    7.146  853.427    7.334  513.509    1.998
  28320.00 0.178     750.411       6.822    1580.000       0.000    0.0002    6.945  714.510    5.658  508.672    1.511
  28380.00 0.176     745.437      10.791    1580.000       0.000    0.0002    6.812  467.876    5.346  506.910    1.506
  28440.00 0.170     740.862       9.741    1460.000       0.000    0.0002    6.520  424.951    5.712  505.699    1.350
  28500.00 0.175     750.028       5.543    1460.000       0.000    0.0002    6.280  471.629    5.241  502.660    1.326
  28560.00 0.177     757.901       6.133    1540.000       0.000    0.0002    6.027  475.467    5.342  499.436    1.190
  28620.00 0.175     759.554       6.685    1500.000       0.000    0.0002    5.750  448.541    5.390  497.149    1.502
  28680.00 0.171     760.942       6.419    1500.000       0.000    0.0002    5.471  426.264    5.654  494.911    1.573
  28740.00 0.167     762.715      10.248    1500.000       0.000    0.0002    5.322  502.775    6.230  492.344    1.625
  28800.00 0.167     757.901      11.195    1540.000       0.000    0.0002    5.283  500.241    5.400  490.211    1.472
