#  time      cc     z_cbase    z_ctop_avg  z_ctop_max      zi         we   <<ql>>  <<ql>>_max   w_max   tke     ql_max
     60.00 0.000       0.000       0.000       0.000       0.000    0.0002    0.000    0.000    0.192  616.613    0.000
    120.00 0.000       0.000       0.000       0.000       0.000    0.0002    0.000    0.000    0.277  417.085    0.000
    180.00 0.000       0.000       0.000       0.000       0.000    0.0002    0.000    0.000    0.330  300.123    0.000
    240.00 0.000       0.000       0.000       0.000       0.000    0.0002    0.000    0.000    0.303  225.793    0.000
    300.00 0.000       0.000       0.000       0.000       0.000    0.0002    0.000    0.000    0.296  176.581    0.000
    360.00 0.000       0.000       0.000       0.000       0.000    0.0002    0.000    0.000    0.329  143.408    0.000
    420.00 0.000       0.000       0.000       0.000       0.000    0.0002    0.000    0.000    0.337  121.134    0.000
    480.00 0.000       0.000       0.000       0.000       0.000    0.0002    0.000    0.000    0.381  105.724    0.000
    540.00 0.000       0.000       0.000       0.000       0.000    0.0002    0.000    0.000    0.425   93.908    0.000
    600.00 0.000       0.000       0.000       0.000       0.000    0.0002    0.000    0.000    0.486   84.647    0.000
    660.00 0.000       0.000       0.000       0.000       0.000    0.0002    0.000    0.000    0.602   78.091    0.000
    720.00 0.000       0.000       0.000       0.000       0.000    0.0002    0.000    0.000    0.675   73.770    0.000
    780.00 0.000       0.000       0.000       0.000       0.000    0.0002    0.000    0.000    0.682   70.981    0.000
    840.00 0.000       0.000       0.000       0.000       0.000    0.0002    0.000    0.000    0.679   69.238    0.000
    900.00 0.000       0.000       0.000       0.000       0.000    0.0002    0.000    0.000    0.790   68.054    0.000
    960.00 0.000       0.000       0.000       0.000       0.000    0.0002    0.000    0.000    0.828   67.460    0.000
   1020.00 0.000       0.000       0.000       0.000       0.000    0.0002    0.000    0.000    0.787   67.945    0.000
   1080.00 0.000       0.000       0.000       0.000       0.000    0.0002    0.000    0.000    0.816   69.501    0.000
   1140.00 0.000     580.000       0.000     580.000       0.000    0.0002    0.000    1.877    0.855   71.776    0.042
   1200.00 0.001     580.000       0.000     580.000       0.000    0.0002    0.001    3.509    0.875   74.740    0.079
   1260.00 0.002     580.000      72.500     580.000       0.000    0.0002    0.004    7.141    0.940   78.519    0.087
   1320.00 0.003     573.333      48.333     580.000       0.000    0.0002    0.009    7.557    1.056   83.242    0.145
   1380.00 0.006     572.000       0.000     660.000       0.000    0.0002    0.017   10.280    1.096   89.133    0.175
   1440.00 0.013     567.170      10.943     660.000       0.000    0.0002    0.035   15.527    1.270   96.255    0.204
   1500.00 0.022     566.222       6.000     660.000       0.000    0.0002    0.072   19.434    1.347  104.473    0.207
   1560.00 0.036     565.479       7.671     660.000       0.000    0.0002    0.143   29.341    1.395  113.770    0.291
   1620.00 0.056     566.957       2.522     660.000       0.000    0.0002    0.259   36.592    1.661  124.172    0.378
   1680.00 0.072     566.667       2.245     700.000       0.000    0.0002    0.446   51.346    1.832  135.628    0.466
   1740.00 0.093     567.016       5.759     700.000       0.000    0.0002    0.716   82.656    2.267  148.058    0.575
   1800.00 0.114     567.179       6.026     780.000       0.000    0.0002    1.096  126.952    2.550  161.315    0.713
   1860.00 0.127     568.966       9.272     820.000       0.000    0.0002    1.601  166.651    2.756  175.104    0.836
   1920.00 0.142     571.379       4.793     860.000       0.000    0.0002    2.226  199.826    3.533  189.121    0.923
   1980.00 0.152     572.244       4.968     900.000       0.000    0.0002    2.928  215.607    3.705  203.085    0.983
   2040.00 0.166     574.118       9.912     940.000       0.000    0.0002    3.693  266.616    4.180  216.518    1.038
   2100.00 0.176     578.114       4.244    1300.000       0.000    0.0002    4.471  308.579    4.515  228.971    1.051
   2160.00 0.188     580.104       4.275    1300.000       0.000    0.0002    5.175  360.718    4.218  239.956    1.084
   2220.00 0.196     585.081       7.049    1340.000       0.000    0.0002    5.848  412.759    4.878  249.198    1.321
   2280.00 0.198     589.174       4.340    1300.000       0.000    0.0002    6.429  460.755    4.922  256.160    1.333
   2340.00 0.201     596.436       7.006    1500.000       0.000    0.0002    6.809  512.261    4.594  260.703    1.110
   2400.00 0.206     599.881       9.870    1420.000       0.000    0.0002    7.106  531.112    4.770  263.580    1.167
   2460.00 0.213     605.029       2.021    1300.000       0.000    0.0002    7.330  477.829    4.689  264.386    1.054
   2520.00 0.206     604.521       6.698    1300.000       0.000    0.0002    7.508  396.363    4.208  264.056    1.204
   2580.00 0.203     608.846       8.726    1300.000       0.000    0.0002    7.660  430.052    4.643  262.976    1.245
   2640.00 0.197     615.787       8.848    1300.000       0.000    0.0002    7.816  468.502    5.570  261.029    1.318
   2700.00 0.193     622.129      11.128    1340.000       0.000    0.0002    7.935  481.758    5.288  258.147    1.386
   2760.00 0.182     629.624       8.172    1420.000       0.000    0.0002    8.071  527.394    5.501  255.015    1.744
   2820.00 0.177     637.379       5.076    1340.000       0.000    0.0002    8.152  563.751    5.794  252.134    1.887
   2880.00 0.165     643.018       6.598    1380.000       0.000    0.0002    7.999  753.057    6.748  248.535    1.570
   2940.00 0.160     652.085      16.377    1500.000       0.000    0.0002    7.601  951.519    6.673  244.598    1.772
   3000.00 0.153     654.816       9.472    1460.000       0.000    0.0002    6.964 1078.366    6.289  239.451    1.890
   3060.00 0.147     653.632       9.652    1540.000       0.000    0.0002    6.100 1078.365    6.555  231.881    2.050
   3120.00 0.143     649.470       9.675    1580.000       0.000    0.0002    5.114  914.904    4.413  224.005    1.549
   3180.00 0.132     648.074       5.037    1620.000       0.000    0.0002    4.134  534.099    4.493  217.633    1.288
   3240.00 0.124     655.678       6.719    1500.000       0.000    0.0002    3.272  366.637    5.111  211.456    1.260
   3300.00 0.117     660.335      16.695    1460.000       0.000    0.0002    2.563  404.166    4.957  204.086    1.233
   3360.00 0.108     646.335       6.199    1340.000       0.000    0.0002    2.183  345.810    3.834  197.278    0.980
   3420.00 0.105     646.791      10.930    1500.000       0.000    0.0002    1.998  263.206    3.724  191.949    0.809
   3480.00 0.104     645.318      10.729    1380.000       0.000    0.0002    1.960  298.134    3.409  188.062    0.933
   3540.00 0.102     650.216       6.619    1300.000       0.000    0.0002    2.020  313.147    3.879  185.261    1.141
   3600.00 0.099     649.189       2.752    1540.000       0.000    0.0002    2.115  356.216    4.544  182.778    1.077
   3660.00 0.101     650.388       4.806    1300.000       0.000    0.0002    2.192  321.189    3.990  180.957    0.880
   3720.00 0.099     651.253       2.752    1540.000       0.000    0.0002    2.275  333.383    4.028  180.509    1.118
   3780.00 0.099     649.630       6.321    1340.000       0.000    0.0002    2.364  427.594    4.590  181.151    1.246
   3840.00 0.095     643.018      11.765    1460.000       0.000    0.0002    2.422  497.738    4.767  181.930    1.395
   3900.00 0.095     650.722       1.701    1300.000       0.000    0.0002    2.481  638.751    4.765  182.567    1.635
   3960.00 0.095     652.391       8.432    1420.000       0.000    0.0002    2.471  714.782    4.740  183.351    1.466
   4020.00 0.098     653.716       5.985    1540.000       0.000    0.0002    2.372  663.931    3.998  183.897    1.252
   4080.00 0.099     650.739       6.305    1460.000       0.000    0.0002    2.161  529.206    3.507  183.916    1.305
   4140.00 0.100     655.795       6.112    1540.000       0.000    0.0002    1.884  300.669    3.282  184.282    1.301
   4200.00 0.103     646.256      10.332    1460.000       0.000    0.0002    1.604  234.500    3.647  184.701    1.010
   4260.00 0.104     635.925       6.557    1460.000       0.000    0.0002    1.523  257.702    3.221  184.423    0.915
   4320.00 0.107     625.858       5.950    1380.000       0.000    0.0002    1.571  273.226    3.906  184.414    1.112
   4380.00 0.110     622.762       7.394    1420.000       0.000    0.0002    1.718  314.411    4.083  185.283    1.004
   4440.00 0.107     612.586       4.073    1300.000       0.000    0.0002    1.902  352.180    3.662  186.537    1.060
   4500.00 0.109     610.652       2.876    1420.000       0.000    0.0002    2.078  401.806    3.789  187.980    1.041
   4560.00 0.108     615.676       4.369    1300.000       0.000    0.0002    2.196  401.601    3.841  189.951    1.095
   4620.00 0.113     616.631      11.965    1300.000       0.000    0.0002    2.281  396.140    3.807  192.165    1.015
   4680.00 0.114     619.914       7.097    1300.000       0.000    0.0002    2.308  356.330    3.880  194.054    1.092
   4740.00 0.118     620.000       7.635    1380.000       0.000    0.0002    2.305  317.762    3.891  195.416    1.162
   4800.00 0.121     617.166       7.854    1340.000       0.000    0.0002    2.306  304.126    4.600  196.847    1.205
   4860.00 0.124     614.872       9.467    1340.000       0.000    0.0002    2.342  312.973    4.596  198.532    0.980
   4920.00 0.125     610.895       6.848    1460.000       0.000    0.0002    2.465  346.727    3.835  200.228    0.981
   4980.00 0.124     609.881       8.340    1460.000       0.000    0.0002    2.628  349.654    3.730  201.929    0.860
   5040.00 0.126     610.425       6.911    1300.000       0.000    0.0002    2.849  357.359    3.728  203.837    0.938
   5100.00 0.127     606.257       9.981    1380.000       0.000    0.0002    3.117  371.287    3.717  206.062    0.907
   5160.00 0.135     611.594       6.196    1300.000       0.000    0.0002    3.434  400.206    4.396  208.574    1.204
   5220.00 0.135     607.171       9.297    1380.000       0.000    0.0002    3.802  359.509    4.356  211.476    1.055
   5280.00 0.135     611.826       6.184    1380.000       0.000    0.0002    4.182  403.080    4.326  214.762    1.064
   5340.00 0.141     615.225       7.855    1380.000       0.000    0.0002    4.635  478.608    4.473  218.433    1.158
   5400.00 0.140     616.516      11.882    1380.000       0.000    0.0002    5.146  641.859    4.855  222.889    1.265
   5460.00 0.146     618.861       7.236    1340.000       0.000    0.0002    5.664  799.713    5.649  228.086    1.631
   5520.00 0.140     620.628       4.398    1300.000       0.000    0.0002    6.132  937.979    5.715  233.458    1.520
   5580.00 0.146     618.667       7.567    1300.000       0.000    0.0002    6.582 1070.056    5.241  238.945    1.635
   5640.00 0.144     624.014       6.735    1380.000       0.000    0.0002    6.822 1090.283    6.093  243.952    1.731
   5700.00 0.147     628.253       7.188    1500.000       0.000    0.0002    6.930  880.730    6.493  247.856    1.919
   5760.00 0.145     627.407      10.707    1460.000       0.000    0.0002    6.953  654.932    5.270  250.508    1.756
   5820.00 0.144     639.254       4.949    1460.000       0.000    0.0002    6.763  529.991    5.005  251.829    1.523
   5880.00 0.138     643.392       6.254    1500.000       0.000    0.0002    6.609  536.286    5.095  252.331    1.340
   5940.00 0.137     637.611       2.068    1500.000       0.000    0.0002    6.531  530.835    5.468  251.682    1.318
   6000.00 0.140     642.052       6.365    1500.000       0.000    0.0002    6.459  673.869    6.092  251.073    1.552
   6060.00 0.141     651.181       6.875    1540.000       0.000    0.0002    6.401  808.242    5.524  251.464    1.544
   6120.00 0.145     645.338       7.264    1500.000       0.000    0.0002    6.327  803.320    4.797  253.125    1.309
   6180.00 0.140     642.748       4.174    1540.000       0.000    0.0002    6.222  718.446    4.532  255.235    1.521
   6240.00 0.141     642.461      10.121    1460.000       0.000    0.0002    6.183  648.593    4.907  256.604    1.430
   6300.00 0.135     650.507      13.043    1500.000       0.000    0.0002    6.134  766.394    5.117  257.055    1.630
   6360.00 0.139     646.270      10.438    1460.000       0.000    0.0002    6.015  821.608    5.790  256.167    1.854
   6420.00 0.138     648.956       5.912    1460.000       0.000    0.0002    5.735  727.341    4.776  254.675    1.453
   6480.00 0.130     640.300       5.805    1460.000       0.000    0.0002    5.471  669.179    4.886  253.446    1.347
   6540.00 0.129     638.904       7.410    1420.000       0.000    0.0002    5.142  556.344    4.687  252.353    1.269
   6600.00 0.127     640.308       6.423    1460.000       0.000    0.0002    4.863  563.865    4.506  251.371    1.316
   6660.00 0.129     639.545       6.402    1500.000       0.000    0.0002    4.701  695.645    5.195  250.918    1.377
   6720.00 0.129     648.000       4.038    1460.000       0.000    0.0002    4.687  795.059    5.132  251.023    1.381
   6780.00 0.130     646.441       3.202    1380.000       0.000    0.0002    4.734  788.884    5.740  251.009    1.498
   6840.00 0.131     644.254       8.097    1380.000       0.000    0.0002    4.800  723.829    4.637  251.160    1.260
   6900.00 0.124     638.182      11.739    1580.000       0.000    0.0002    4.839  703.280    4.039  251.827    1.223
   6960.00 0.132     642.804       9.742    1380.000       0.000    0.0002    4.871  642.863    4.509  252.878    1.162
   7020.00 0.131     644.254      11.418    1380.000       0.000    0.0002    4.848  506.269    4.702  253.102    1.123
   7080.00 0.134     645.547       4.745    1420.000       0.000    0.0002    4.757  515.235    5.533  252.564    1.128
   7140.00 0.133     650.866       6.593    1460.000       0.000    0.0002    4.647  542.525    6.210  252.252    1.381
   7200.00 0.134     646.036       4.727    1460.000       0.000    0.0002    4.565  708.809    6.609  252.458    1.762
   7260.00 0.132     640.702       8.281    1420.000       0.000    0.0002    4.430  633.390    4.911  251.667    1.396
   7320.00 0.129     628.528      12.113    1460.000       0.000    0.0002    4.310  499.585    4.170  250.898    1.200
   7380.00 0.127     638.084       6.897    1420.000       0.000    0.0002    4.274  438.009    4.090  251.233    1.133
   7440.00 0.133     637.721       5.625    1540.000       0.000    0.0002    4.314  404.487    4.175  251.981    1.075
   7500.00 0.129     638.788       7.576    1500.000       0.000    0.0002    4.445  382.732    4.311  253.058    1.043
   7560.00 0.128     630.631      12.811    1500.000       0.000    0.0002    4.774  447.781    4.420  255.073    1.061
   7620.00 0.128     638.971       5.486    1380.000       0.000    0.0002    5.196  623.033    4.652  258.613    1.195
   7680.00 0.125     639.611       4.903    1340.000       0.000    0.0002    5.743  732.204    5.084  264.323    1.456
   7740.00 0.123     647.197       8.350    1380.000       0.000    0.0002    6.311  898.921    5.777  271.489    1.739
   7800.00 0.125     645.234      12.344    1500.000       0.000    0.0002    6.652 1055.774    6.337  276.970    2.259
   7860.00 0.125     645.341       7.446    1540.000       0.000    0.0002    6.708 1178.868    5.984  279.610    1.850
   7920.00 0.128     648.137       6.274    1940.000       0.000    0.0002    6.651 1186.023    5.564  282.054    1.944
   7980.00 0.124     640.000       8.972    1940.000       0.000    0.0002    6.448 1044.230    5.166  285.845    1.742
   8040.00 0.126     652.664      10.116    1940.000       0.000    0.0002    5.965  842.800    4.791  287.754    1.417
   8100.00 0.130     654.981      10.749    1580.000       0.000    0.0002    5.489  653.425    4.497  286.423    1.529
   8160.00 0.139     656.134       7.557    1580.000       0.000    0.0002    5.066  493.709    4.958  283.492    1.473
   8220.00 0.138     653.852       8.092    1540.000       0.000    0.0002    4.808  569.594    4.873  281.039    1.209
   8280.00 0.134     658.909       3.236    1500.000       0.000    0.0002    4.790  690.858    4.689  279.441    1.222
   8340.00 0.131     644.387      10.855    1500.000       0.000    0.0002    5.050  781.433    4.332  279.354    1.073
   8400.00 0.133     640.586       4.982    1380.000       0.000    0.0002    5.394  802.004    4.039  280.230    1.271
   8460.00 0.135     643.043      12.210    1340.000       0.000    0.0002    5.677  756.562    4.956  281.754    1.196
   8520.00 0.140     653.427       7.063    1460.000       0.000    0.0002    5.883  643.543    5.592  284.736    1.259
   8580.00 0.141     654.523       5.719    1500.000       0.000    0.0002    5.985  511.448    5.629  287.537    1.411
   8640.00 0.140     666.341       5.819    1420.000       0.000    0.0002    5.972  529.701    4.947  288.345    1.439
   8700.00 0.147     662.053       8.775    1580.000       0.000    0.0002    5.893  450.654    4.886  288.796    1.141
   8760.00 0.146     668.214       4.674    1540.000       0.000    0.0002    5.791  427.758    4.690  290.114    1.262
   8820.00 0.150     663.589      10.669    1460.000       0.000    0.0002    5.763  487.399    5.522  291.564    1.517
   8880.00 0.146     664.000      12.100    1380.000       0.000    0.0002    5.672  489.896    4.576  291.835    1.328
   8940.00 0.148     660.396       3.267    1380.000       0.000    0.0002    5.497  482.472    4.356  291.663    1.273
   9000.00 0.148     664.628       6.942    1420.000       0.000    0.0002    5.296  465.372    4.536  292.035    1.349
   9060.00 0.146     662.881      10.419    1460.000       0.000    0.0002    5.100  488.824    4.833  292.511    1.257
   9120.00 0.144     672.860       6.125    1540.000       0.000    0.0002    4.938  580.258    5.867  292.949    1.512
   9180.00 0.141     653.622       8.319    1420.000       0.000    0.0002    4.882  761.949    6.627  293.960    1.539
   9240.00 0.136     647.720       3.483    1420.000       0.000    0.0002    4.994  778.910    7.229  294.566    1.858
   9300.00 0.135     645.461       7.667    1420.000       0.000    0.0002    5.166  854.718    6.830  294.739    1.847
   9360.00 0.135     651.377      10.543    1460.000       0.000    0.0002    5.378  833.507    6.485  294.997    1.516
   9420.00 0.131     647.612      12.052    1540.000       0.000    0.0002    5.595  631.186    5.845  296.964    1.340
   9480.00 0.133     649.578       9.431    1500.000       0.000    0.0002    5.842  536.875    6.543  299.972    1.375
   9540.00 0.132     654.529       9.501    1380.000       0.000    0.0002    5.975  580.299    5.802  301.605    1.286
   9600.00 0.130     666.328       6.026    1540.000       0.000    0.0002    6.110  508.428    5.718  303.186    1.423
   9660.00 0.133     661.471      11.324    1500.000       0.000    0.0002    6.249  691.262    6.341  305.882    1.742
   9720.00 0.138     674.230       1.168    1500.000       0.000    0.0002    6.406  858.116    6.949  310.443    1.676
   9780.00 0.138     677.002       8.007    1500.000       0.000    0.0002    6.624  983.321    7.854  316.618    2.006
   9840.00 0.135     667.985       6.098    1460.000       0.000    0.0002    6.885 1206.733    8.298  320.841    2.644
   9900.00 0.137     664.484      10.178    1940.000       0.000    0.0002    6.863 1132.711    6.744  319.481    2.158
   9960.00 0.134     650.528       2.951    1940.000       0.000    0.0002    6.452 1056.116    5.811  317.625    1.992
  10020.00 0.136     665.683       6.763    1940.000       0.000    0.0002    5.960  959.499    5.608  319.965    1.772
  10080.00 0.132     656.162       9.483    1660.000       0.000    0.0002    5.450  716.716    5.016  320.360    1.255
  10140.00 0.130     649.774       6.729    1460.000       0.000    0.0002    5.201  519.913    5.506  317.094    1.258
  10200.00 0.126     639.846       5.830    1420.000       0.000    0.0002    5.106  559.954    6.366  313.614    1.477
  10260.00 0.123     651.050       9.109    1460.000       0.000    0.0002    5.132  616.529    6.122  312.766    1.442
  10320.00 0.125     649.569       5.176    1420.000       0.000    0.0002    5.108  555.647    5.659  312.326    1.215
  10380.00 0.124     657.160       7.653    1500.000       0.000    0.0002    5.116  625.628    5.948  310.936    1.406
  10440.00 0.122     662.806       5.291    1700.000       0.000    0.0002    5.244  718.109    5.573  310.638    1.431
  10500.00 0.121     662.656       3.742    1460.000       0.000    0.0002    5.560  766.885    6.109  313.124    1.685
  10560.00 0.125     664.747       2.724    1500.000       0.000    0.0002    6.082  808.485    6.849  317.278    1.672
  10620.00 0.123     659.284      12.326    1580.000       0.000    0.0002    6.571  852.065    6.930  320.278    1.676
  10680.00 0.115     654.904      10.446    1580.000       0.000    0.0002    6.918  841.563    5.552  323.895    1.479
  10740.00 0.115     668.644      12.754    1580.000       0.000    0.0002    7.254  769.473    5.100  330.094    1.499
  10800.00 0.117     658.747       6.388    1620.000       0.000    0.0002    7.478  813.456    5.246  334.282    1.547
  10860.00 0.124     661.969      10.709    1460.000       0.000    0.0002    7.547  765.640    6.990  333.990    1.525
  10920.00 0.126     663.250       8.975    1460.000       0.000    0.0002    7.346  619.083    6.286  333.079    1.489
  10980.00 0.135     663.321      11.949    1500.000       0.000    0.0002    7.016  619.587    5.308  332.614    1.493
  11040.00 0.132     658.590       3.451    1500.000       0.000    0.0002    6.846  577.631    4.927  333.135    1.235
  11100.00 0.133     667.514       6.519    1460.000       0.000    0.0002    6.804  555.863    5.834  334.338    1.221
  11160.00 0.130     676.105      17.303    1660.000       0.000    0.0002    6.818  704.602    5.867  337.215    1.481
  11220.00 0.127     674.538       7.000    1460.000       0.000    0.0002    6.936  826.472    7.171  341.482    1.724
  11280.00 0.132     680.186      10.204    1460.000       0.000    0.0002    7.097  880.704    5.746  343.775    1.622
  11340.00 0.129     674.868       2.566    1500.000       0.000    0.0002    7.321  796.061    5.687  345.641    1.872
  11400.00 0.127     676.462       3.654    1660.000       0.000    0.0002    7.634  798.018    6.456  350.101    1.803
  11460.00 0.129     666.049       7.259    1620.000       0.000    0.0002    7.807  898.981    7.185  355.151    1.791
  11520.00 0.124     663.307       3.661    1580.000       0.000    0.0002    7.936 1079.956    6.893  361.090    2.071
  11580.00 0.119     667.771       8.875    1580.000       0.000    0.0002    7.872 1071.025    8.080  366.212    2.069
  11640.00 0.126     673.822      12.510    1620.000       0.000    0.0002    7.583 1299.881    9.167  370.097    2.533
  11700.00 0.125     672.133       8.297    1940.000       0.000    0.0002    7.253 1414.062    8.820  370.730    2.532
  11760.00 0.133     667.587       9.024    1940.000       0.000    0.0002    6.868 1406.279    6.981  366.370    2.386
  11820.00 0.128     668.517      10.646    1940.000       0.000    0.0002    6.285 1254.241    6.557  363.447    1.914
  11880.00 0.129     660.302       5.925    1940.000       0.000    0.0002    5.650  892.252    5.839  364.020    1.525
  11940.00 0.129     662.268       1.021    1940.000       0.000    0.0002    5.068  582.810    5.861  361.706    1.273
  12000.00 0.133     670.037       4.579    1580.000       0.000    0.0002    4.661  545.462    6.270  352.960    1.477
  12060.00 0.138     658.582       6.135    1540.000       0.000    0.0002    4.473  663.488    5.991  345.146    1.301
  12120.00 0.133     663.009       4.404    1500.000       0.000    0.0002    4.519  660.703    5.289  342.799    1.280
  12180.00 0.134     659.854       7.751    1580.000       0.000    0.0002    4.634  613.643    5.982  342.901    1.598
  12240.00 0.136     656.129       6.810    1500.000       0.000    0.0002    4.680  587.193    6.253  340.951    1.508
  12300.00 0.140     666.400       4.730    1620.000       0.000    0.0002    4.685  479.463    5.816  339.547    1.358
  12360.00 0.139     681.197       6.408    1740.000       0.000    0.0002    4.764  522.899    5.371  340.457    1.476
  12420.00 0.134     682.545       4.655    1540.000       0.000    0.0002    5.003  615.794    6.027  341.590    1.476
  12480.00 0.133     670.294       5.846    1500.000       0.000    0.0002    5.448  718.130    6.327  344.746    1.558
  12540.00 0.131     665.672       6.231    1460.000       0.000    0.0002    6.038  832.414    7.599  351.780    1.815
  12600.00 0.133     663.670       6.642    1500.000       0.000    0.0002    6.775 1023.511    7.978  360.599    2.103
  12660.00 0.133     678.932       4.309    1500.000       0.000    0.0002    7.221 1176.806    7.526  365.749    2.137
  12720.00 0.131     674.030       8.134    1940.000       0.000    0.0002    7.341 1015.344    7.885  366.978    2.450
  12780.00 0.128     658.855       5.573    1940.000       0.000    0.0002    7.310  860.926    6.095  368.806    1.705
  12840.00 0.139     671.979       9.597    1700.000       0.000    0.0002    6.947  725.041    6.132  374.155    1.743
  12900.00 0.138     669.030       4.727    1540.000       0.000    0.0002    6.581  697.216    7.314  377.080    1.628
  12960.00 0.140     675.958       5.610    1500.000       0.000    0.0002    6.295  602.971    6.058  372.240    1.501
  13020.00 0.137     676.655       8.221    1580.000       0.000    0.0002    6.146  569.762    6.690  368.874    1.454
  13080.00 0.136     676.589       6.355    1500.000       0.000    0.0002    6.266  685.418    6.125  370.499    1.714
  13140.00 0.140     670.350       5.280    1660.000       0.000    0.0002    6.377  754.118    6.087  370.102    1.614
  13200.00 0.141     668.858      17.612    1580.000       0.000    0.0002    6.550  766.297    5.546  369.391    1.699
  13260.00 0.139     666.549      12.923    1500.000       0.000    0.0002    6.890  687.857    6.250  374.365    1.402
  13320.00 0.137     652.214      11.536    1540.000       0.000    0.0002    7.456  615.986    7.293  382.537    1.630
  13380.00 0.135     658.696      11.558    1540.000       0.000    0.0002    8.095  831.228    7.720  388.124    1.918
  13440.00 0.135     653.153      10.631    1500.000       0.000    0.0002    8.861  892.268    6.581  393.708    1.543
  13500.00 0.134     653.711       6.910    1500.000       0.000    0.0002    9.895  996.362    8.301  406.983    1.703
  13560.00 0.133     657.353       7.904    1540.000       0.000    0.0002   11.142 1302.663    7.571  424.548    1.928
  13620.00 0.132     674.270      15.564    1540.000       0.000    0.0002   12.359 1566.790    9.017  443.927    2.707
  13680.00 0.140     688.800      15.791    1940.000       0.000    0.0002   13.293 1950.388    9.247  462.705    3.096
  13740.00 0.140     685.809      12.487    1940.000       0.000    0.0002   13.766 1857.507    7.926  470.917    2.853
  13800.00 0.138     696.825      15.344    1940.000       0.000    0.0002   13.431 1822.492    7.346  473.775    2.741
  13860.00 0.137     702.842       7.993    1980.000       0.000    0.0002   12.275 1624.701    8.805  486.134    2.301
  13920.00 0.134     702.109       6.691    1940.000       0.000    0.0002   10.943 1599.948    8.636  502.297    2.124
  13980.00 0.140     698.392       3.182    1940.000       0.000    0.0002    9.405 1177.608    7.004  502.790    2.408
  14040.00 0.136     692.158       7.662    1940.000       0.000    0.0002    8.259 1132.851    7.036  491.582    1.850
  14100.00 0.131     680.446       7.584    1940.000       0.000    0.0002    7.741 1063.363    7.065  484.944    1.546
  14160.00 0.135     673.140      14.374    1940.000       0.000    0.0002    7.508  850.932    6.641  479.003    1.682
  14220.00 0.140     678.360       5.166    1620.000       0.000    0.0002    7.354  906.338    7.497  470.509    1.821
  14280.00 0.141     669.844       8.631    1540.000       0.000    0.0002    7.434 1012.744    8.138  460.132    1.948
  14340.00 0.144     668.964       9.677    1620.000       0.000    0.0002    7.460 1203.852    6.629  447.396    1.769
  14400.00 0.143     672.402       8.790    1940.000       0.000    0.0002    7.284 1137.132    6.290  441.976    1.704
  14460.00 0.148     687.632       3.520    1940.000       0.000    0.0002    7.029 1205.512    6.828  445.451    1.726
  14520.00 0.146     687.980      11.319    1940.000       0.000    0.0002    6.664 1146.725    6.199  446.137    2.052
  14580.00 0.148     702.372       9.753    1940.000       0.000    0.0002    6.267  843.628    6.301  438.666    2.014
  14640.00 0.149     711.429       7.192    1540.000       0.000    0.0002    5.999  663.902    5.827  429.539    1.948
  14700.00 0.153     705.486       8.166    1620.000       0.000    0.0002    5.807  563.175    6.581  422.935    1.697
  14760.00 0.154     705.342       9.984    1660.000       0.000    0.0002    5.711  633.649    5.886  418.982    1.343
  14820.00 0.151     709.742      11.000    1620.000       0.000    0.0002    5.859  644.673    6.044  416.035    1.506
  14880.00 0.141     711.696      10.657    1500.000       0.000    0.0002    6.289  659.734    5.450  416.082    1.625
  14940.00 0.146     718.523      13.490    1500.000       0.000    0.0002    6.721  540.989    6.490  419.089    1.550
  15000.00 0.142     718.763       7.869    1620.000       0.000    0.0002    7.198  641.823    6.126  423.181    1.549
  15060.00 0.143     725.349       6.337    1540.000       0.000    0.0002    7.513  761.906    6.631  429.919    1.586
  15120.00 0.140     715.819       5.819    1500.000       0.000    0.0002    7.846 1046.733    7.198  438.532    2.122
  15180.00 0.133     714.945       6.593    1620.000       0.000    0.0002    8.188 1200.450    8.459  447.294    2.115
  15240.00 0.134     721.202       8.561    1940.000       0.000    0.0002    8.471 1486.633   10.767  453.494    2.525
  15300.00 0.132     724.871       8.007    1940.000       0.000    0.0002    8.077 1785.399    9.214  452.584    2.470
  15360.00 0.125     723.158      10.604    1940.000       0.000    0.0002    7.138 1484.123    8.229  448.540    2.203
  15420.00 0.126     707.223       3.689    1940.000       0.000    0.0002    5.991 1258.622    6.691  447.413    2.127
  15480.00 0.125     697.490       6.196    1940.000       0.000    0.0002    4.770 1127.774    6.610  444.330    1.709
  15540.00 0.122     673.280       9.000    1620.000       0.000    0.0002    3.866  909.798    6.135  437.320    1.524
  15600.00 0.117     663.742       1.123    1500.000       0.000    0.0002    3.429  662.611    5.222  424.104    1.578
  15660.00 0.125     656.941      12.392    1540.000       0.000    0.0002    3.121  427.482    4.588  410.263    1.062
  15720.00 0.125     653.984       3.867    1500.000       0.000    0.0002    2.860  320.364    4.372  406.284    1.069
  15780.00 0.131     652.015       9.627    1500.000       0.000    0.0002    2.817  320.400    4.736  406.483    1.088
  15840.00 0.128     650.516       5.277    1700.000       0.000    0.0002    3.120  370.265    5.537  401.532    1.219
  15900.00 0.131     652.104       6.480    1660.000       0.000    0.0002    3.550  463.696    5.875  394.287    1.380
  15960.00 0.130     650.469      10.394    1620.000       0.000    0.0002    3.936  460.178    4.859  393.146    1.268
  16020.00 0.132     654.954      14.212    1500.000       0.000    0.0002    4.190  408.947    4.917  395.391    1.135
  16080.00 0.129     662.642       4.566    1620.000       0.000    0.0002    4.258  400.896    5.468  395.498    1.331
  16140.00 0.133     675.515       8.346    1620.000       0.000    0.0002    4.259  513.648    6.714  396.223    1.431
  16200.00 0.131     684.134      11.657    1460.000       0.000    0.0002    4.316  600.239    7.110  398.966    1.522
  16260.00 0.132     674.174       7.236    1500.000       0.000    0.0002    4.355  685.100    6.478  398.888    1.563
  16320.00 0.131     682.388      11.157    1540.000       0.000    0.0002    4.280  755.564    5.932  395.447    1.612
  16380.00 0.132     680.924       5.656    1540.000       0.000    0.0002    3.953  614.901    6.132  393.657    1.628
  16440.00 0.129     676.257       8.922    1580.000       0.000    0.0002    3.438  553.318    5.610  394.043    1.391
  16500.00 0.125     661.871       3.392    1540.000       0.000    0.0002    2.930  562.916    5.367  394.265    1.416
  16560.00 0.125     672.140       6.848    1540.000       0.000    0.0002    2.489  486.816    4.713  391.130    1.169
  16620.00 0.129     658.261       9.565    1540.000       0.000    0.0002    2.242  337.018    4.213  386.934    1.123
  16680.00 0.129     649.112      10.964    1460.000       0.000    0.0002    2.119  198.478    4.495  383.793    1.052
  16740.00 0.132     650.832       5.952    1420.000       0.000    0.0002    2.045  212.419    4.663  381.512    1.089
  16800.00 0.128     645.239       2.600    1420.000       0.000    0.0002    2.097  194.411    4.593  379.935    0.842
  16860.00 0.136     647.194       5.036    1460.000       0.000    0.0002    2.218  217.730    3.974  379.389    0.880
  16920.00 0.133     645.709       7.882    1540.000       0.000    0.0002    2.453  240.480    4.629  380.464    1.066
  16980.00 0.142     641.306       6.804    1500.000       0.000    0.0002    2.774  260.563    4.919  381.852    1.363
  17040.00 0.140     645.252       9.878    1380.000       0.000    0.0002    3.079  313.995    4.961  381.711    1.322
  17100.00 0.141     648.908       6.516    1460.000       0.000    0.0002    3.386  262.892    5.192  381.443    1.175
  17160.00 0.144     654.044       6.937    1420.000       0.000    0.0002    3.656  258.403    4.394  383.182    1.064
  17220.00 0.148     647.150       9.226    1500.000       0.000    0.0002    3.950  323.576    4.402  386.490    1.166
  17280.00 0.146     646.511       8.280    1460.000       0.000    0.0002    4.203  333.954    4.884  389.298    1.290
  17340.00 0.154     657.460       7.619    1420.000       0.000    0.0002    4.445  326.216    4.883  391.266    1.242
  17400.00 0.153     661.274       4.936    1460.000       0.000    0.0002    4.639  445.669    5.582  393.247    1.215
  17460.00 0.161     664.613      11.502    1420.000       0.000    0.0002    4.837  533.962    5.401  395.488    1.200
  17520.00 0.156     667.887       2.066    1340.000       0.000    0.0002    5.024  586.434    6.187  398.040    1.486
  17580.00 0.154     677.016       5.111    1620.000       0.000    0.0002    5.064  640.086    6.106  400.250    1.481
  17640.00 0.157     679.441       6.460    1420.000       0.000    0.0002    4.982  514.617    4.949  401.830    1.643
  17700.00 0.155     678.170       5.994    1540.000       0.000    0.0002    4.943  451.142    5.156  403.329    1.289
  17760.00 0.154     679.241      11.297    1620.000       0.000    0.0002    4.931  467.538    5.519  404.770    1.293
  17820.00 0.151     670.323       4.839    1340.000       0.000    0.0002    5.064  430.999    5.745  405.186    1.374
  17880.00 0.153     669.299       7.866    1380.000       0.000    0.0002    5.274  467.932    6.135  405.140    1.449
  17940.00 0.151     669.742       3.129    1460.000       0.000    0.0002    5.454  491.236    6.301  407.115    1.515
  18000.00 0.157     676.947       9.283    1500.000       0.000    0.0002    5.504  555.504    5.500  409.656    1.567
  18060.00 0.156     677.931      10.658    1580.000       0.000    0.0002    5.526  439.881    5.863  411.948    1.403
  18120.00 0.155     680.472       9.921    1460.000       0.000    0.0002    5.669  549.242    6.607  415.946    1.457
  18180.00 0.157     684.161      11.894    1500.000       0.000    0.0002    5.917  595.429    6.029  421.117    1.553
  18240.00 0.159     692.012      16.006    1500.000       0.000    0.0002    6.139  515.763    5.550  424.218    1.554
  18300.00 0.163     689.025       6.477    1580.000       0.000    0.0002    6.316  457.195    6.117  425.473    1.586
  18360.00 0.163     683.208      11.454    1500.000       0.000    0.0002    6.457  443.384    5.678  428.127    1.338
  18420.00 0.164     688.274       5.119    1460.000       0.000    0.0002    6.444  471.149    5.907  432.029    1.356
  18480.00 0.167     689.971       6.006    1500.000       0.000    0.0002    6.411  547.924    7.007  434.195    1.550
  18540.00 0.167     688.304       5.936    1500.000       0.000    0.0002    6.442  662.892    7.038  435.731    1.637
  18600.00 0.166     675.448       2.731    1380.000       0.000    0.0002    6.548  668.388    6.563  438.384    1.530
  18660.00 0.166     679.588       6.794    1500.000       0.000    0.0002    6.761  546.163    6.531  441.817    1.391
  18720.00 0.160     684.756       8.293    1460.000       0.000    0.0002    7.149  568.835    6.724  445.103    1.467
  18780.00 0.157     699.876      11.291    1500.000       0.000    0.0002    7.599  636.859    7.289  446.251    1.600
  18840.00 0.158     706.287      10.786    1540.000       0.000    0.0002    7.885  620.138    5.580  448.987    1.561
  18900.00 0.162     711.946       7.813    1460.000       0.000    0.0002    8.184  671.736    6.273  455.827    1.716
  18960.00 0.163     713.574      11.111    1460.000       0.000    0.0002    8.464  749.136    6.869  463.638    1.865
  19020.00 0.158     713.478       6.708    1620.000       0.000    0.0002    8.862  877.748    8.422  472.299    2.029
  19080.00 0.157     700.685       8.474    1540.000       0.000    0.0002    9.302 1178.506   10.792  479.581    2.529
  19140.00 0.155     704.360       6.919    1940.000       0.000    0.0002    9.396 1397.808    9.976  481.109    3.015
  19200.00 0.156     708.188       5.844    1940.000       0.000    0.0002    8.946 1575.544    8.345  477.335    2.530
  19260.00 0.160     708.746       4.618    1940.000       0.000    0.0002    8.171 1383.091    9.909  475.828    2.454
  19320.00 0.163     718.951       6.417    1940.000       0.000    0.0002    7.161 1182.984    6.355  476.611    2.100
  19380.00 0.163     718.891       3.778    1940.000       0.000    0.0002    6.144  766.964    5.284  470.486    1.602
  19440.00 0.155     711.185       8.499    1500.000       0.000    0.0002    5.235  443.345    4.956  459.239    1.278
  19500.00 0.161     707.102       7.496    1540.000       0.000    0.0002    4.612  348.101    4.454  450.749    1.338
  19560.00 0.150     709.577      14.007    1460.000       0.000    0.0002    4.016  307.847    4.883  443.130    1.075
  19620.00 0.143     697.808      14.110    1500.000       0.000    0.0002    3.672  348.091    5.217  434.663    1.179
  19680.00 0.142     694.828      13.069    1460.000       0.000    0.0002    3.535  338.354    5.072  428.047    1.148
  19740.00 0.137     692.966       5.577    1580.000       0.000    0.0002    3.610  341.782    4.413  424.887    1.155
  19800.00 0.139     696.690       7.923    1660.000       0.000    0.0002    3.828  358.612    4.499  423.942    1.134
  19860.00 0.134     684.655       6.473    1460.000       0.000    0.0002    4.063  434.358    5.072  422.951    1.309
  19920.00 0.137     686.004       9.982    1460.000       0.000    0.0002    4.411  524.427    5.818  422.864    1.542
  19980.00 0.143     691.179       9.128    1420.000       0.000    0.0002    4.694  541.627    6.443  424.573    1.392
  20040.00 0.140     698.606       6.237    1580.000       0.000    0.0002    4.905  550.155    7.187  427.174    1.308
  20100.00 0.143     712.198       8.007    1540.000       0.000    0.0002    4.984  554.671    6.332  429.289    1.507
  20160.00 0.142     712.921       9.141    1500.000       0.000    0.0002    4.997  502.835    6.184  429.011    1.399
  20220.00 0.149     713.987      15.392    1540.000       0.000    0.0002    4.919  509.460    6.264  427.233    1.399
  20280.00 0.148     709.505       8.944    1540.000       0.000    0.0002    4.815  382.506    5.361  425.125    1.212
  20340.00 0.146     702.948       2.010    1580.000       0.000    0.0002    4.707  400.888    5.326  424.535    1.204
  20400.00 0.146     703.289       3.389    1460.000       0.000    0.0002    4.689  368.337    5.612  425.943    1.200
  20460.00 0.144     697.351      10.357    1500.000       0.000    0.0002    4.763  287.634    4.639  426.612    1.235
  20520.00 0.142     693.265       7.732    1500.000       0.000    0.0002    5.019  343.941    5.425  426.653    1.455
  20580.00 0.145     693.794       6.678    1580.000       0.000    0.0002    5.458  463.621    5.828  429.475    1.599
  20640.00 0.147     683.510       3.344    1460.000       0.000    0.0002    6.016  453.893    6.384  435.981    1.609
  20700.00 0.156     694.009       9.672    1420.000       0.000    0.0002    6.555  648.013    7.031  442.395    1.993
  20760.00 0.158     686.934       7.612    1420.000       0.000    0.0002    6.918  778.625    7.568  445.534    1.906
  20820.00 0.163     692.635       7.784    1580.000       0.000    0.0002    7.004  719.973    8.385  446.716    1.839
  20880.00 0.162     690.890       8.477    1500.000       0.000    0.0002    6.808  810.356    7.458  449.943    1.618
  20940.00 0.157     697.636       5.879    1540.000       0.000    0.0002    6.418  848.959    8.062  452.223    2.058
  21000.00 0.162     702.952       6.476    1460.000       0.000    0.0002    5.911  772.160    6.161  450.058    1.676
  21060.00 0.153     700.893       8.931    1500.000       0.000    0.0002    5.425  559.011    5.112  447.067    1.212
  21120.00 0.151     698.317       7.638    1540.000       0.000    0.0002    5.007  400.695    4.276  444.683    1.167
  21180.00 0.153     695.215       7.081    1540.000       0.000    0.0002    4.661  290.139    4.793  440.938    1.119
  21240.00 0.154     705.895       6.466    1500.000       0.000    0.0002    4.526  286.725    4.982  437.876    1.092
  21300.00 0.158     706.801       9.057    1460.000       0.000    0.0002    4.641  371.243    5.361  438.635    1.338
  21360.00 0.160     700.305       5.649    1500.000       0.000    0.0002    5.008  499.337    5.637  442.198    1.436
  21420.00 0.157     690.450       8.403    1460.000       0.000    0.0002    5.653  677.347    7.102  445.734    1.674
  21480.00 0.151     688.821      11.567    1460.000       0.000    0.0002    6.492  797.802    7.327  449.747    2.130
  21540.00 0.150     692.078       9.156    1420.000       0.000    0.0002    7.225  958.741    7.471  455.755    1.855
  21600.00 0.146     691.533      11.900    1500.000       0.000    0.0002    7.888  938.972    7.464  464.641    2.115
  21660.00 0.149     697.778       7.647    1940.000       0.000    0.0002    8.476  865.218    6.761  475.321    1.556
  21720.00 0.149     698.689       4.393    1500.000       0.000    0.0002    9.023  748.864    8.088  486.000    1.674
  21780.00 0.150     693.094       6.906    1540.000       0.000    0.0002    9.697  853.253    7.900  496.152    1.829
  21840.00 0.147     705.191       4.992    1580.000       0.000    0.0002   10.489 1159.233    7.810  505.713    1.990
  21900.00 0.146     699.867       6.733    1940.000       0.000    0.0002   11.291 1253.479    7.779  514.981    2.425
  21960.00 0.143     707.440       5.392    1940.000       0.000    0.0002   11.769 1447.958    9.700  526.117    2.518
  22020.00 0.147     712.957       7.375    1940.000       0.000    0.0002   11.832 1666.256   10.791  539.027    2.618
  22080.00 0.142     708.041       6.838    1940.000       0.000    0.0002   11.714 1940.672   10.315  549.047    3.473
  22140.00 0.144     708.367       8.299    1940.000       0.000    0.0002   11.479 1974.344    9.498  552.893    3.006
  22200.00 0.141     702.149       7.002    1940.000       0.000    0.0002   11.281 1519.156    9.477  556.560    2.332
  22260.00 0.141     700.760       3.385    1940.000       0.000    0.0002   10.850 1743.816    8.954  565.233    2.752
  22320.00 0.142     697.461       7.547    1940.000       0.000    0.0002   10.294 1780.497    9.327  570.726    2.866
  22380.00 0.142     698.216       7.410    1940.000       0.000    0.0002    9.915 1337.528    8.424  565.552    2.204
  22440.00 0.142     692.990       3.402    1980.000       0.000    0.0002    9.560 1056.659    8.597  560.921    2.173
  22500.00 0.137     693.381       4.982    1940.000       0.000    0.0002    8.990  930.262    7.818  564.692    2.269
  22560.00 0.140     711.239      11.518    1940.000       0.000    0.0002    8.528  929.713    9.503  564.247    2.123
  22620.00 0.140     723.735       9.040    1620.000       0.000    0.0002    8.482 1257.041    9.836  558.815    2.015
  22680.00 0.140     732.880       7.644    1940.000       0.000    0.0002    8.846 1524.481   10.611  553.125    2.709
  22740.00 0.138     717.133       4.000    1940.000       0.000    0.0002    9.303 1614.960    9.379  548.806    2.718
  22800.00 0.136     714.245       3.525    1940.000       0.000    0.0002    9.785 1460.791    7.584  544.442    2.743
  22860.00 0.133     719.670       8.367    1940.000       0.000    0.0002   10.226 1213.858    7.636  545.544    2.388
  22920.00 0.135     721.261       9.189    1940.000       0.000    0.0002   10.408  916.324    8.208  556.291    1.847
  22980.00 0.134     735.985      13.394    1940.000       0.000    0.0002   10.432  981.042    7.993  566.855    1.710
  23040.00 0.134     739.273      12.000    1620.000       0.000    0.0002   10.458 1211.288    7.277  566.368    2.052
  23100.00 0.132     746.063      12.348    1940.000       0.000    0.0002   10.156 1278.921    7.916  551.195    2.331
  23160.00 0.134     742.340      13.894    1940.000       0.000    0.0002    9.488 1388.346    6.581  533.449    2.368
  23220.00 0.134     751.700       7.386    1940.000       0.000    0.0002    8.706 1216.694    5.431  525.778    2.447
  23280.00 0.126     749.476       7.495    1940.000       0.000    0.0002    8.002  893.762    6.066  524.722    2.061
  23340.00 0.131     742.836      13.918    1940.000       0.000    0.0002    7.279  812.955    5.753  517.170    2.177
  23400.00 0.135     747.174       3.080    1940.000       0.000    0.0002    6.490  840.626    6.298  503.479    2.077
  23460.00 0.133     754.706      11.324    1940.000       0.000    0.0002    5.926  889.533    6.148  495.109    1.849
  23520.00 0.137     770.337       5.009    1940.000       0.000    0.0002    5.318  632.261    6.492  490.648    1.369
  23580.00 0.140     761.361       9.389    1620.000       0.000    0.0002    4.840  417.877    5.303  484.185    1.125
  23640.00 0.138     763.221       3.292    1580.000       0.000    0.0002    4.392  436.876    5.265  474.977    1.399
  23700.00 0.136     763.369       8.566    1540.000       0.000    0.0002    3.987  425.987    5.055  465.961    1.449
  23760.00 0.138     759.081      16.396    1620.000       0.000    0.0002    3.537  304.495    4.602  458.176    1.029
  23820.00 0.140     760.244      11.832    1620.000       0.000    0.0002    3.171  266.929    4.310  452.433    1.007
  23880.00 0.133     747.266       5.284    1460.000       0.000    0.0002    2.996  328.616    4.944  449.276    1.087
  23940.00 0.131     741.937       3.762    1540.000       0.000    0.0002    2.938  442.887    5.181  446.814    1.088
  24000.00 0.130     737.974       8.368    1700.000       0.000    0.0002    3.067  595.886    5.005  444.361    1.111
  24060.00 0.129     739.849      12.439    1580.000       0.000    0.0002    3.217  754.261    5.728  444.467    1.351
  24120.00 0.126     710.677      12.456    1460.000       0.000    0.0002    3.426  920.940    7.580  446.621    2.044
  24180.00 0.129     700.604       8.642    1660.000       0.000    0.0002    3.518  773.728    7.656  445.097    1.521
  24240.00 0.130     699.098       9.323    1660.000       0.000    0.0002    3.490  611.330    6.517  440.979    1.464
  24300.00 0.129     701.736       6.377    1500.000       0.000    0.0002    3.468  432.258    6.380  440.875    1.388
  24360.00 0.127     705.758      10.403    1580.000       0.000    0.0002    3.509  424.518    5.536  442.175    1.337
  24420.00 0.126     709.147      15.543    1540.000       0.000    0.0002    3.583  486.359    5.850  439.418    1.429
  24480.00 0.129     710.813      11.909    1580.000       0.000    0.0002    3.681  422.580    5.801  436.604    1.375
  24540.00 0.132     715.407       2.444    1580.000       0.000    0.0002    3.743  478.629    5.024  437.968    1.211
  24600.00 0.136     720.647       5.396    1540.000       0.000    0.0002    3.878  378.185    4.539  440.729    1.237
  24660.00 0.137     725.597       9.661    1540.000       0.000    0.0002    4.073  323.008    5.020  442.451    1.234
  24720.00 0.141     723.194      14.653    1460.000       0.000    0.0002    4.333  425.178    5.743  445.200    1.529
  24780.00 0.145     728.283       5.623    1500.000       0.000    0.0002    4.714  601.423    7.636  451.555    1.784
  24840.00 0.139     725.989       3.468    1460.000       0.000    0.0002    5.196  766.584    8.015  460.347    1.907
  24900.00 0.141     725.216      11.952    1540.000       0.000    0.0002    5.725  867.277    8.738  467.665    1.986
  24960.00 0.142     724.897       5.897    1460.000       0.000    0.0002    6.190  803.924    8.617  473.102    2.213
  25020.00 0.140     728.392       9.930    1940.000       0.000    0.0002    6.473  789.626    7.691  478.082    1.772
  25080.00 0.141     726.459       5.872    1940.000       0.000    0.0002    6.565  644.841    6.533  482.723    1.643
  25140.00 0.144     716.000       0.983    1940.000       0.000    0.0002    6.498  642.869    7.076  485.689    1.625
  25200.00 0.142     720.893      11.237    1580.000       0.000    0.0002    6.388  571.528    7.390  488.010    1.592
  25260.00 0.139     716.661      11.634    1500.000       0.000    0.0002    6.250  578.433    6.774  489.321    1.534
  25320.00 0.136     715.170       7.979    1460.000       0.000    0.0002    6.228  638.171    6.882  489.859    1.589
  25380.00 0.142     721.931       8.379    1940.000       0.000    0.0002    6.322  572.862    6.639  488.297    1.438
  25440.00 0.141     733.819       9.549    1620.000       0.000    0.0002    6.455  659.871    5.480  489.482    1.405
  25500.00 0.144     740.407       5.399    1540.000       0.000    0.0002    6.685  774.405    5.595  493.695    1.539
  25560.00 0.145     739.393      13.761    1660.000       0.000    0.0002    7.068  876.480    6.417  497.723    1.774
  25620.00 0.140     727.944       8.293    1580.000       0.000    0.0002    7.677  919.276    6.990  504.033    1.745
  25680.00 0.142     734.511       9.846    1620.000       0.000    0.0002    8.291  973.244    7.400  513.947    2.142
  25740.00 0.138     729.841       5.503    1940.000       0.000    0.0002    8.761 1171.824    7.112  522.072    2.437
  25800.00 0.138     728.602       7.858    1940.000       0.000    0.0002    9.020 1273.083    7.868  524.435    2.503
  25860.00 0.141     724.514       9.063    1940.000       0.000    0.0002    9.185 1414.392    7.334  527.124    2.555
  25920.00 0.141     720.694       5.764    1940.000       0.000    0.0002    9.128 1233.747    7.709  533.157    2.568
  25980.00 0.140     718.112      11.014    1940.000       0.000    0.0002    8.865  927.409    7.583  539.684    1.751
  26040.00 0.154     729.160       8.843    1740.000       0.000    0.0002    8.448 1095.883    9.831  546.714    2.286
  26100.00 0.157     720.155       6.915    1940.000       0.000    0.0002    8.154 1340.238    8.128  547.665    2.148
  26160.00 0.154     716.508       8.508    1940.000       0.000    0.0002    8.034 1037.554    8.171  545.703    2.029
  26220.00 0.156     717.840      10.110    1940.000       0.000    0.0002    7.934  872.725    7.763  547.939    2.273
  26280.00 0.153     720.575       6.837    1940.000       0.000    0.0002    7.689  911.840    8.249  549.715    2.581
  26340.00 0.151     705.955       9.773    1940.000       0.000    0.0002    7.571  861.018    6.439  543.882    1.853
  26400.00 0.155     716.630       5.134    1940.000       0.000    0.0002    7.471  709.680    7.525  541.783    1.880
  26460.00 0.156     723.422       5.432    1700.000       0.000    0.0002    7.643  863.206    7.008  546.889    2.068
  26520.00 0.158     720.681       9.567    1940.000       0.000    0.0002    7.626  793.161    6.476  544.532    1.757
  26580.00 0.157     715.327       8.660    1940.000       0.000    0.0002    7.325  722.611    7.356  538.475    1.975
  26640.00 0.149     713.246       5.607    1940.000       0.000    0.0002    6.933  722.147    7.630  540.970    2.045
  26700.00 0.149     714.885       6.230    1660.000       0.000    0.0002    6.678  888.885    7.387  545.536    2.395
  26760.00 0.150     723.636       6.623    1940.000       0.000    0.0002    6.579  663.099    6.786  540.700    1.824
  26820.00 0.152     728.571      12.360    1940.000       0.000    0.0002    6.618  515.441    6.378  535.091    1.616
  26880.00 0.152     734.478       9.342    1540.000       0.000    0.0002    6.792  521.622    6.342  539.306    1.569
  26940.00 0.152     741.091      12.199    1500.000       0.000    0.0002    7.188  528.850    7.011  545.986    1.608
  27000.00 0.153     740.064      10.541    1580.000       0.000    0.0002    7.623  512.038    6.748  548.445    1.548
  27060.00 0.155     738.041       3.065    1660.000       0.000    0.0002    7.964  571.284    7.483  552.151    1.591
  27120.00 0.158     739.258       8.995    1580.000       0.000    0.0002    8.271  764.414    8.296  558.338    1.754
  27180.00 0.159     733.997       8.208    1620.000       0.000    0.0002    8.618  782.980    6.260  562.682    1.922
  27240.00 0.159     733.436      12.914    1940.000       0.000    0.0002    8.997  734.450    5.952  564.736    1.782
  27300.00 0.161     732.888       8.723    1740.000       0.000    0.0002    9.378  589.136    5.752  570.230    1.409
  27360.00 0.160     741.832       8.977    1660.000       0.000    0.0002    9.759  546.350    5.727  581.062    1.518
  27420.00 0.167     746.735       5.886    1540.000       0.000    0.0002   10.416  558.502    7.451  589.510    1.737
  27480.00 0.168     755.407      11.047    1540.000       0.000    0.0002   11.181  836.541    8.346  597.470    2.026
  27540.00 0.165     748.711      14.222    1580.000       0.000    0.0002   12.026 1178.209   10.627  613.677    2.427
  27600.00 0.166     755.118       8.618    1580.000       0.000    0.0002   12.855 1576.758   11.711  634.760    2.556
  27660.00 0.164     759.198       8.380    1940.000       0.000    0.0002   13.494 1682.271   10.729  648.767    3.015
  27720.00 0.160     754.290      10.443    2060.000       0.000    0.0002   13.708 1287.568   10.792  650.993    2.700
  27780.00 0.156     766.625       5.406    1980.000       0.000    0.0002   13.457 1545.119   12.791  656.138    2.811
  27840.00 0.166     766.254       7.168    1940.000       0.000    0.0002   12.928 1462.226    9.782  667.078    2.359
  27900.00 0.161     757.056       2.974    1940.000       0.000    0.0002   12.567 1155.468    7.895  668.943    1.927
  27960.00 0.160     755.206      12.183    1940.000       0.000    0.0002   12.381 1191.820    9.184  664.742    2.372
  28020.00 0.155     748.365       4.937    1940.000       0.000    0.0002   12.508 1277.009   10.850  663.270    2.544
  28080.00 0.158     737.090       5.604    1940.000       0.000    0.0002   12.659 1459.780    8.557  661.780    2.360
  28140.00 0.162     754.441       6.224    1940.000       0.000    0.0002   12.379 1185.446    8.205  656.771    2.385
  28200.00 0.170     759.540       6.322    1940.000       0.000    0.0002   11.424  883.349    8.873  650.540    1.951
  28260.00 0.172     768.791      11.522    1940.000       0.000    0.0002   10.281  866.954    9.560  646.306    1.940
  28320.00 0.172     771.943       7.035    1940.000       0.000    0.0002    9.294  930.661    9.729  633.305    2.268
  28380.00 0.168     776.116       4.812    1940.000       0.000    0.0002    8.600  827.248    8.009  616.765    2.183
  28440.00 0.155     776.598       5.260    1940.000       0.000    0.0002    7.989  778.214    7.393  611.136    1.892
  28500.00 0.148     762.303       8.158    1940.000       0.000    0.0002    7.427  774.262    9.261  612.947    2.229
  28560.00 0.137     768.185       7.331    1940.000       0.000    0.0002    6.948  869.270    8.337  603.457    2.344
  28620.00 0.134     774.982       7.964    1940.000       0.000    0.0002    6.267  757.854    8.616  587.499    2.129
  28680.00 0.132     769.037       9.444    1940.000       0.000    0.0002    5.707  605.494    6.703  582.434    1.896
  28740.00 0.131     778.290      11.115    1940.000       0.000    0.0002    5.367  536.209    6.647  584.544    1.591
  28800.00 0.127     776.455       4.046    1620.000       0.000    0.0002    5.341  582.074    7.259  580.544    1.691
