#  time      cc     z_cbase    z_ctop_avg  z_ctop_max      zi         we   <<ql>>  <<ql>>_max   w_max   tke     ql_max
     60.00 0.000       0.000       0.000       0.000       0.000    0.0002    0.000    0.000    0.179  616.628    0.000
    120.00 0.000       0.000       0.000       0.000       0.000    0.0002    0.000    0.000    0.275  417.107    0.000
    180.00 0.000       0.000       0.000       0.000       0.000    0.0002    0.000    0.000    0.310  300.148    0.000
    240.00 0.000       0.000       0.000       0.000       0.000    0.0002    0.000    0.000    0.305  225.817    0.000
    300.00 0.000       0.000       0.000       0.000       0.000    0.0002    0.000    0.000    0.241  176.603    0.000
    360.00 0.000       0.000       0.000       0.000       0.000    0.0002    0.000    0.000    0.288  143.436    0.000
    420.00 0.000       0.000       0.000       0.000       0.000    0.0002    0.000    0.000    0.309  121.165    0.000
    480.00 0.000       0.000       0.000       0.000       0.000    0.0002    0.000    0.000    0.318  105.749    0.000
    540.00 0.000       0.000       0.000       0.000       0.000    0.0002    0.000    0.000    0.370   93.925    0.000
    600.00 0.000       0.000       0.000       0.000       0.000    0.0002    0.000    0.000    0.408   84.656    0.000
    660.00 0.000       0.000       0.000       0.000       0.000    0.0002    0.000    0.000    0.446   78.107    0.000
    720.00 0.000       0.000       0.000       0.000       0.000    0.0002    0.000    0.000    0.492   73.795    0.000
    780.00 0.000       0.000       0.000       0.000       0.000    0.0002    0.000    0.000    0.563   70.984    0.000
    840.00 0.000       0.000       0.000       0.000       0.000    0.0002    0.000    0.000    0.581   69.210    0.000
    900.00 0.000       0.000       0.000       0.000       0.000    0.0002    0.000    0.000    0.639   68.018    0.000
    960.00 0.000       0.000       0.000       0.000       0.000    0.0002    0.000    0.000    0.740   67.410    0.000
   1020.00 0.000       0.000       0.000       0.000       0.000    0.0002    0.000    0.000    0.785   67.867    0.000
   1080.00 0.000       0.000       0.000       0.000       0.000    0.0002    0.000    0.000    0.794   69.415    0.000
   1140.00 0.000       0.000       0.000       0.000       0.000    0.0002    0.000    0.000    0.943   71.678    0.000
   1200.00 0.000     580.000       0.000     580.000       0.000    0.0002    0.001    1.891    1.022   74.606    0.042
   1260.00 0.003     572.727       0.000     580.000       0.000    0.0002    0.003    3.047    1.000   78.363    0.068
   1320.00 0.006     569.231       0.000     580.000       0.000    0.0002    0.012    5.059    1.090   83.070    0.105
   1380.00 0.012     568.800       0.000     580.000       0.000    0.0002    0.032   11.135    1.159   88.951    0.171
   1440.00 0.019     567.013       0.000     660.000       0.000    0.0002    0.069   18.136    1.218   96.126    0.217
   1500.00 0.027     569.818       0.000     660.000       0.000    0.0002    0.136   28.270    1.394  104.468    0.316
   1560.00 0.037     571.316       7.632     660.000       0.000    0.0002    0.242   45.718    1.637  113.940    0.408
   1620.00 0.052     569.811       5.283     660.000       0.000    0.0002    0.399   61.330    1.787  124.636    0.485
   1680.00 0.067     569.597       6.374     660.000       0.000    0.0002    0.620   90.597    2.223  136.492    0.619
   1740.00 0.082     567.774       5.638     660.000       0.000    0.0002    0.935  122.268    2.590  149.388    0.760
   1800.00 0.098     570.074       9.032     820.000       0.000    0.0002    1.325  140.160    2.682  163.155    0.796
   1860.00 0.118     570.311       6.087     860.000       0.000    0.0002    1.783  176.527    3.030  177.479    0.866
   1920.00 0.136     570.144       9.137     780.000       0.000    0.0002    2.328  175.971    3.451  192.023    0.906
   1980.00 0.149     573.715       5.008     820.000       0.000    0.0002    2.912  218.974    3.981  206.323    0.925
   2040.00 0.161     576.419       7.344    1020.000       0.000    0.0002    3.509  256.321    3.864  220.031    1.060
   2100.00 0.175     577.545       4.212    1300.000       0.000    0.0002    4.129  320.906    4.498  232.799    1.160
   2160.00 0.185     580.423       6.605    1300.000       0.000    0.0002    4.738  305.882    4.343  243.957    1.111
   2220.00 0.191     581.788       2.963    1300.000       0.000    0.0002    5.337  353.563    4.011  253.311    1.236
   2280.00 0.196     587.811       9.080    1340.000       0.000    0.0002    5.871  371.825    4.121  260.665    1.129
   2340.00 0.204     592.311       9.198    1300.000       0.000    0.0002    6.346  371.888    4.219  265.912    1.146
   2400.00 0.209     598.810       8.261    1380.000       0.000    0.0002    6.794  383.495    4.400  269.328    1.130
   2460.00 0.202     599.444       5.901    1420.000       0.000    0.0002    7.284  468.366    4.505  271.225    1.338
   2520.00 0.199     602.822       8.613    1300.000       0.000    0.0002    7.669  563.141    4.361  270.930    1.324
   2580.00 0.197     609.777       4.814    1300.000       0.000    0.0002    7.955  592.610    4.528  268.470    1.137
   2640.00 0.194     614.106       8.212    1380.000       0.000    0.0002    7.983  519.873    4.787  264.343    1.272
   2700.00 0.191     619.745      10.702    1420.000       0.000    0.0002    7.798  529.466    4.890  259.413    1.362
   2760.00 0.185     624.339       4.683    1420.000       0.000    0.0002    7.442  510.474    4.282  253.514    1.203
   2820.00 0.181     626.460       3.176    1460.000       0.000    0.0002    6.940  470.287    4.366  246.524    1.179
   2880.00 0.177     630.454       8.748    1460.000       0.000    0.0002    6.320  459.009    3.702  238.626    1.027
   2940.00 0.172     637.354       5.633    1380.000       0.000    0.0002    5.665  396.956    4.292  230.434    1.218
   3000.00 0.162     645.744       4.331    1500.000       0.000    0.0002    5.075  355.872    4.418  223.436    1.118
   3060.00 0.155     642.929      12.598    1460.000       0.000    0.0002    4.603  334.772    4.857  217.087    1.075
   3120.00 0.149     650.082       7.094    1420.000       0.000    0.0002    4.290  387.352    4.649  210.778    1.078
   3180.00 0.141     648.215       7.799    1300.000       0.000    0.0002    4.033  381.912    4.281  205.083    1.350
   3240.00 0.131     657.542      13.520    1340.000       0.000    0.0002    3.755  371.583    5.065  200.067    1.370
   3300.00 0.128     660.306       5.927    1420.000       0.000    0.0002    3.484  333.687    4.444  195.365    1.105
   3360.00 0.121     659.437       3.984    1460.000       0.000    0.0002    3.133  281.977    3.490  190.947    0.940
   3420.00 0.121     665.830      10.850    1460.000       0.000    0.0002    2.770  222.747    3.731  187.186    0.927
   3480.00 0.117     663.925       9.854    1300.000       0.000    0.0002    2.502  268.291    3.687  183.974    0.915
   3540.00 0.114     661.199      14.133    1420.000       0.000    0.0002    2.320  304.487    3.320  180.984    0.987
   3600.00 0.106     654.747       8.341    1300.000       0.000    0.0002    2.205  340.316    3.704  178.401    1.113
   3660.00 0.103     653.143       9.048    1340.000       0.000    0.0002    2.073  373.481    4.023  176.064    1.124
   3720.00 0.105     657.773       5.522    1380.000       0.000    0.0002    1.897  370.632    3.628  174.074    0.971
   3780.00 0.097     658.485       4.747    1340.000       0.000    0.0002    1.660  313.897    3.344  172.663    0.979
   3840.00 0.097     652.323       4.697    1300.000       0.000    0.0002    1.405  205.503    3.320  171.601    0.917
   3900.00 0.097     648.687       6.970    1340.000       0.000    0.0002    1.175  175.783    2.745  170.525    0.770
   3960.00 0.097     645.025       7.337    1300.000       0.000    0.0002    0.977  140.873    2.291  169.495    0.663
   4020.00 0.095     637.732       9.072    1340.000       0.000    0.0002    0.891  132.957    2.080  168.748    0.595
   4080.00 0.090     630.978       1.793    1100.000       0.000    0.0002    0.905  129.074    2.220  168.359    0.589
   4140.00 0.095     627.732       5.206    1220.000       0.000    0.0002    0.984  142.538    2.377  168.366    0.618
   4200.00 0.090     624.973      10.811    1100.000       0.000    0.0002    1.113  151.897    2.632  169.000    0.827
   4260.00 0.092     622.553       3.404    1180.000       0.000    0.0002    1.294  226.364    3.146  170.427    0.796
   4320.00 0.091     615.699       6.989    1180.000       0.000    0.0002    1.552  318.174    3.386  172.610    1.117
   4380.00 0.095     616.298       5.296    1180.000       0.000    0.0002    1.876  436.392    3.965  175.338    1.278
   4440.00 0.099     614.889       1.425    1300.000       0.000    0.0002    2.252  542.844    4.557  178.284    1.434
   4500.00 0.107     616.705       7.506    1300.000       0.000    0.0002    2.661  632.686    4.606  181.633    1.263
   4560.00 0.109     619.730       8.989    1300.000       0.000    0.0002    3.073  697.198    4.768  185.869    1.186
   4620.00 0.109     619.016       6.264    1300.000       0.000    0.0002    3.496  742.373    4.958  190.962    1.254
   4680.00 0.112     617.217       8.870    1300.000       0.000    0.0002    3.878  713.384    5.455  196.392    1.454
   4740.00 0.111     619.912       8.194    1300.000       0.000    0.0002    4.221  691.154    4.788  201.819    1.444
   4800.00 0.113     623.550       6.147    1420.000       0.000    0.0002    4.420  664.734    5.242  206.522    1.844
   4860.00 0.117     622.827       5.031    1460.000       0.000    0.0002    4.470  656.911    5.613  209.508    1.904
   4920.00 0.118     624.454       9.526    1500.000       0.000    0.0002    4.288  624.067    4.377  211.122    1.445
   4980.00 0.120     619.593       4.106    1380.000       0.000    0.0002    3.949  485.720    3.752  213.059    1.412
   5040.00 0.119     613.004       3.909    1380.000       0.000    0.0002    3.706  381.890    4.154  215.518    1.211
   5100.00 0.122     612.224       7.174    1460.000       0.000    0.0002    3.599  410.738    4.194  216.797    1.118
   5160.00 0.129     616.830       7.321    1420.000       0.000    0.0002    3.693  431.526    4.174  217.080    1.149
   5220.00 0.131     605.698       8.156    1420.000       0.000    0.0002    3.815  408.545    4.107  217.338    1.096
   5280.00 0.137     608.164      10.339    1340.000       0.000    0.0002    3.938  435.691    4.253  218.197    1.102
   5340.00 0.142     612.921       8.729    1420.000       0.000    0.0002    4.022  469.793    4.413  219.546    1.161
   5400.00 0.146     615.518       4.281    1300.000       0.000    0.0002    4.116  480.312    5.157  221.177    1.333
   5460.00 0.144     616.814       5.525    1340.000       0.000    0.0002    4.199  481.551    4.756  222.401    1.184
   5520.00 0.144     621.151       9.848    1340.000       0.000    0.0002    4.350  520.536    3.890  223.312    0.931
   5580.00 0.143     613.106      12.048    1380.000       0.000    0.0002    4.545  540.800    4.256  224.554    1.062
   5640.00 0.142     620.069       4.082    1340.000       0.000    0.0002    4.789  531.045    4.725  225.959    1.022
   5700.00 0.140     622.226       8.522    1380.000       0.000    0.0002    5.051  577.909    4.009  227.412    1.193
   5760.00 0.147     619.934       6.645    1420.000       0.000    0.0002    5.250  551.720    4.049  229.492    1.222
   5820.00 0.148     623.750       8.322    1460.000       0.000    0.0002    5.372  541.753    4.467  231.695    1.139
   5880.00 0.148     632.916       3.591    1420.000       0.000    0.0002    5.510  556.485    4.947  233.426    1.189
   5940.00 0.151     639.159       8.252    1540.000       0.000    0.0002    5.627  521.801    4.773  235.079    1.304
   6000.00 0.150     642.215       5.114    1580.000       0.000    0.0002    5.794  598.980    4.459  236.870    1.349
   6060.00 0.148     640.165       6.645    1460.000       0.000    0.0002    5.900  702.996    4.539  239.046    1.261
   6120.00 0.144     642.576       6.305    1420.000       0.000    0.0002    6.002  804.268    4.831  241.619    1.227
   6180.00 0.143     638.635       0.990    1380.000       0.000    0.0002    6.035  810.267    4.604  244.008    1.352
   6240.00 0.142     644.974      16.329    1380.000       0.000    0.0002    6.055  776.041    4.657  246.323    1.426
   6300.00 0.140     648.661       8.035    1420.000       0.000    0.0002    6.102  716.198    4.956  248.157    1.334
   6360.00 0.145     644.958       6.880    1420.000       0.000    0.0002    5.993  614.603    5.304  249.028    1.387
   6420.00 0.141     647.012       7.150    1500.000       0.000    0.0002    5.822  621.199    4.842  249.285    1.365
   6480.00 0.145     651.433       6.712    1380.000       0.000    0.0002    5.546  544.103    4.591  247.774    1.239
   6540.00 0.148     646.755       8.995    1420.000       0.000    0.0002    5.141  442.476    4.214  244.881    1.156
   6600.00 0.145     647.432      11.014    1460.000       0.000    0.0002    4.690  374.463    3.803  242.390    1.124
   6660.00 0.143     641.297       3.311    1420.000       0.000    0.0002    4.312  407.881    3.555  240.639    1.062
   6720.00 0.144     641.565       9.966    1420.000       0.000    0.0002    4.050  485.276    3.964  239.287    0.975
   6780.00 0.147     635.033       6.623    1380.000       0.000    0.0002    3.893  525.705    3.837  237.947    1.014
   6840.00 0.146     635.600      10.233    1420.000       0.000    0.0002    3.907  504.697    4.347  237.099    1.153
   6900.00 0.145     632.929       6.532    1380.000       0.000    0.0002    4.045  464.658    4.898  237.299    1.389
   6960.00 0.143     629.641       9.641    1340.000       0.000    0.0002    4.211  548.072    5.349  238.178    1.399
   7020.00 0.143     627.397       9.007    1460.000       0.000    0.0002    4.399  504.083    3.917  239.061    1.144
   7080.00 0.140     634.564       9.268    1420.000       0.000    0.0002    4.635  368.732    4.336  240.411    1.039
   7140.00 0.138     637.628      10.832    1460.000       0.000    0.0002    4.964  431.875    5.156  242.959    1.144
   7200.00 0.135     641.483       8.101    1380.000       0.000    0.0002    5.442  543.257    5.167  246.000    1.123
   7260.00 0.132     648.487       6.827    1340.000       0.000    0.0002    5.853  590.309    4.981  249.590    1.248
   7320.00 0.130     656.248       5.891    1380.000       0.000    0.0002    6.236  627.303    5.780  253.620    1.417
   7380.00 0.137     662.571       5.500    1380.000       0.000    0.0002    6.491  623.513    5.644  257.594    1.488
   7440.00 0.136     665.324       4.748    1460.000       0.000    0.0002    6.735  596.038    5.155  261.836    1.479
   7500.00 0.136     667.540       7.864    1420.000       0.000    0.0002    6.848  656.921    6.473  267.091    1.640
   7560.00 0.134     669.964      14.873    1500.000       0.000    0.0002    6.845  778.202    6.561  271.963    1.738
   7620.00 0.136     669.120      11.562    1540.000       0.000    0.0002    6.731  869.807    6.361  274.329    1.982
   7680.00 0.134     678.428      10.384    1620.000       0.000    0.0002    6.412  830.598    6.097  274.021    2.110
   7740.00 0.129     676.774       6.831    1940.000       0.000    0.0002    5.927  786.882    5.702  273.517    1.786
   7800.00 0.127     667.322       8.015    1580.000       0.000    0.0002    5.394  670.784    4.970  274.548    1.581
   7860.00 0.125     659.608       3.686    1620.000       0.000    0.0002    4.930  651.806    6.182  273.850    1.491
   7920.00 0.128     653.588       3.969    1620.000       0.000    0.0002    4.614  563.545    4.782  271.996    1.197
   7980.00 0.121     630.850       3.684    1420.000       0.000    0.0002    4.672  483.104    4.373  270.689    1.066
   8040.00 0.125     633.645      10.838    1380.000       0.000    0.0002    4.911  544.101    5.012  270.415    1.127
   8100.00 0.130     639.398       7.105    1460.000       0.000    0.0002    5.169  679.406    5.682  271.124    1.221
   8160.00 0.135     645.481       9.111    1540.000       0.000    0.0002    5.400  888.475    6.165  272.943    1.495
   8220.00 0.143     652.342       4.103    1620.000       0.000    0.0002    5.559  997.326    7.409  274.292    1.735
   8280.00 0.144     660.543       8.727    1500.000       0.000    0.0002    5.620  900.145    6.331  274.505    1.747
   8340.00 0.146     669.060       5.369    1420.000       0.000    0.0002    5.558  765.034    4.878  275.358    1.660
   8400.00 0.145     670.303       9.731    1420.000       0.000    0.0002    5.416  631.162    4.292  276.323    1.175
   8460.00 0.141     656.667       4.132    1420.000       0.000    0.0002    5.269  540.104    4.302  276.085    1.046
   8520.00 0.136     652.374       6.655    1460.000       0.000    0.0002    5.237  454.887    5.223  275.501    1.300
   8580.00 0.137     650.945       4.777    1380.000       0.000    0.0002    5.293  356.012    5.292  274.824    1.382
   8640.00 0.138     647.774       3.569    1500.000       0.000    0.0002    5.324  390.218    4.706  273.895    1.009
   8700.00 0.140     656.434      10.455    1340.000       0.000    0.0002    5.331  471.724    4.882  274.253    1.129
   8760.00 0.140     662.230       8.258    1380.000       0.000    0.0002    5.338  547.418    5.114  275.364    1.288
   8820.00 0.134     670.949      10.036    1380.000       0.000    0.0002    5.300  585.422    4.920  276.333    1.360
   8880.00 0.127     664.683      10.134    1340.000       0.000    0.0002    5.360  651.784    5.309  278.233    1.169
   8940.00 0.130     661.959      11.827    1620.000       0.000    0.0002    5.384  715.732    5.309  280.662    1.313
   9000.00 0.130     674.991       7.834    1580.000       0.000    0.0002    5.309  749.956    5.529  281.195    1.526
   9060.00 0.125     663.137       6.000    1540.000       0.000    0.0002    5.128  733.569    5.284  279.484    1.688
   9120.00 0.128     676.214       4.589    1540.000       0.000    0.0002    4.799  573.305    4.998  278.198    1.325
   9180.00 0.126     668.046       8.859    1460.000       0.000    0.0002    4.388  511.710    5.303  278.728    1.329
   9240.00 0.127     663.455      13.244    1540.000       0.000    0.0002    4.071  534.488    5.496  278.676    1.289
   9300.00 0.126     652.650       9.362    1500.000       0.000    0.0002    3.979  518.914    5.225  276.949    1.301
   9360.00 0.123     644.652       8.668    1420.000       0.000    0.0002    4.043  519.826    5.969  275.593    1.327
   9420.00 0.126     656.905       8.317    1420.000       0.000    0.0002    4.280  639.655    6.294  275.581    1.380
   9480.00 0.127     655.538       7.308    1500.000       0.000    0.0002    4.632  806.805    6.185  277.766    1.571
   9540.00 0.120     663.813       9.777    1500.000       0.000    0.0002    5.025  799.682    6.824  281.685    1.573
   9600.00 0.119     657.037       3.128    1380.000       0.000    0.0002    5.444  865.523    6.300  285.660    1.662
   9660.00 0.120     658.621       3.935    1420.000       0.000    0.0002    5.872  941.198    7.980  291.211    1.966
   9720.00 0.121     674.656      12.105    1380.000       0.000    0.0002    6.349 1185.076    7.498  299.636    1.862
   9780.00 0.123     676.111       6.429    1420.000       0.000    0.0002    6.742 1178.810    7.614  306.958    2.112
   9840.00 0.123     670.040       3.785    1460.000       0.000    0.0002    6.944 1231.948    7.364  310.933    1.911
   9900.00 0.124     665.984      10.945    1540.000       0.000    0.0002    7.025 1285.049    8.260  313.987    1.942
   9960.00 0.123     659.921       3.406    1940.000       0.000    0.0002    6.907 1195.048    6.336  315.280    1.938
  10020.00 0.126     653.553       2.563    1540.000       0.000    0.0002    6.262  864.676    5.773  313.136    1.856
  10080.00 0.127     658.767       2.466    1940.000       0.000    0.0002    5.631  778.052    4.832  313.911    1.365
  10140.00 0.133     653.309       2.279    1620.000       0.000    0.0002    5.127  578.552    5.228  313.474    1.187
  10200.00 0.136     650.360       8.165    1540.000       0.000    0.0002    4.835  523.035    5.521  308.200    1.222
  10260.00 0.127     641.113       7.179    1460.000       0.000    0.0002    4.785  536.275    5.207  304.432    1.331
  10320.00 0.126     640.116       6.228    1420.000       0.000    0.0002    4.910  604.851    5.300  305.858    1.469
  10380.00 0.129     632.906       4.453    1420.000       0.000    0.0002    5.196  615.811    4.894  306.819    1.404
  10440.00 0.129     630.132       7.713    1340.000       0.000    0.0002    5.608  485.621    5.148  306.570    1.167
  10500.00 0.132     643.026       6.974    1540.000       0.000    0.0002    6.101  586.081    5.318  310.186    1.272
  10560.00 0.136     657.050       6.475    1460.000       0.000    0.0002    6.572  726.161    5.830  315.032    1.578
  10620.00 0.131     664.693      10.950    1460.000       0.000    0.0002    6.922  803.885    6.781  318.122    1.807
  10680.00 0.142     663.724       4.310    1460.000       0.000    0.0002    7.100  911.068    5.658  321.851    1.433
  10740.00 0.136     658.993       8.669    1580.000       0.000    0.0002    7.200  897.712    5.043  326.535    1.401
  10800.00 0.137     660.710       5.826    1540.000       0.000    0.0002    7.261  793.783    5.203  329.453    1.475
  10860.00 0.138     654.991       7.654    1500.000       0.000    0.0002    7.356  671.603    5.541  331.752    1.401
  10920.00 0.145     658.514       5.034    1540.000       0.000    0.0002    7.399  644.247    5.787  334.939    1.461
  10980.00 0.141     661.802      10.260    1540.000       0.000    0.0002    7.354  736.036    5.544  338.228    1.470
  11040.00 0.142     658.552       6.448    1540.000       0.000    0.0002    7.450  856.489    6.377  342.807    1.528
  11100.00 0.147     668.372       6.578    1460.000       0.000    0.0002    7.647 1055.489    7.146  346.647    1.685
  11160.00 0.150     673.571       7.760    1580.000       0.000    0.0002    7.798 1098.934    7.337  347.740    2.379
  11220.00 0.153     657.572      16.134    1940.000       0.000    0.0002    8.071  985.101    6.190  347.415    1.895
  11280.00 0.155     670.818       8.176    1660.000       0.000    0.0002    8.342  789.499    6.425  350.165    1.821
  11340.00 0.156     663.318       8.670    1540.000       0.000    0.0002    8.581  738.511    5.705  355.752    1.901
  11400.00 0.156     661.254       9.028    1620.000       0.000    0.0002    8.781  726.854    6.974  357.862    1.636
  11460.00 0.154     664.241       6.962    1540.000       0.000    0.0002    8.895  614.833    6.893  359.664    1.758
  11520.00 0.153     670.335       1.053    1500.000       0.000    0.0002    9.100  637.360    6.110  363.115    1.721
  11580.00 0.146     673.689       6.311    1540.000       0.000    0.0002    9.375  690.620    5.777  364.558    1.457
  11640.00 0.147     683.161       4.692    1500.000       0.000    0.0002    9.685  675.974    5.561  367.480    1.625
  11700.00 0.147     702.649       7.781    1500.000       0.000    0.0002    9.774  658.060    6.206  370.921    1.567
  11760.00 0.150     705.220       7.993    1420.000       0.000    0.0002    9.605  696.219    6.316  373.321    1.540
  11820.00 0.150     702.215       5.114    1460.000       0.000    0.0002    9.348  832.826    7.227  375.573    1.956
  11880.00 0.147     691.414       9.384    1500.000       0.000    0.0002    8.887  964.602    7.583  375.582    2.109
  11940.00 0.146     692.133      10.700    1940.000       0.000    0.0002    8.363  837.173    5.990  374.578    1.925
  12000.00 0.146     711.553       7.212    1540.000       0.000    0.0002    7.786  762.085    6.546  373.873    1.653
  12060.00 0.146     698.863       8.227    1500.000       0.000    0.0002    7.380  679.767    5.784  371.839    1.470
  12120.00 0.141     699.168       3.362    1500.000       0.000    0.0002    7.141  531.310    5.041  369.000    1.315
  12180.00 0.145     683.098       7.946    1500.000       0.000    0.0002    7.141  540.795    4.988  367.160    1.479
  12240.00 0.138     677.425      11.041    1420.000       0.000    0.0002    7.217  510.335    5.433  367.115    1.290
  12300.00 0.138     672.557       4.621    1420.000       0.000    0.0002    7.301  513.433    5.417  369.699    1.260
  12360.00 0.143     682.555       8.143    1460.000       0.000    0.0002    7.490  513.350    6.065  372.527    1.251
  12420.00 0.143     678.157      11.502    1460.000       0.000    0.0002    7.734  530.634    5.875  373.985    1.618
  12480.00 0.143     683.101       4.600    1460.000       0.000    0.0002    7.862  530.520    5.539  375.299    1.412
  12540.00 0.143     689.078       0.853    1460.000       0.000    0.0002    7.837  562.387    5.596  375.701    1.469
  12600.00 0.141     689.343      14.706    1420.000       0.000    0.0002    7.705  492.359    6.119  375.039    1.398
  12660.00 0.144     687.051       6.847    1460.000       0.000    0.0002    7.568  692.247    6.210  374.923    1.455
  12720.00 0.144     695.398       8.731    1500.000       0.000    0.0002    7.362  853.234    7.210  375.790    1.747
  12780.00 0.141     690.535       4.318    1460.000       0.000    0.0002    7.206  898.601    7.063  373.715    1.834
  12840.00 0.144     680.846      10.321    1540.000       0.000    0.0002    6.950  852.857    5.758  369.595    1.920
  12900.00 0.139     683.592      10.669    1540.000       0.000    0.0002    6.515  856.008    5.245  366.157    1.767
  12960.00 0.137     695.643      10.036    1540.000       0.000    0.0002    5.955  676.753    5.237  362.766    1.610
  13020.00 0.135     691.739       7.536    1540.000       0.000    0.0002    5.413  566.823    5.865  358.775    1.359
  13080.00 0.127     693.000       4.038    1460.000       0.000    0.0002    4.784  478.928    4.929  355.071    1.138
  13140.00 0.134     690.965      10.455    1540.000       0.000    0.0002    4.295  390.901    5.167  350.704    1.193
  13200.00 0.133     690.989       9.084    1540.000       0.000    0.0002    4.060  532.793    5.769  345.279    1.202
  13260.00 0.127     679.923       2.692    1460.000       0.000    0.0002    3.991  674.032    5.967  341.531    1.229
  13320.00 0.122     660.080       8.982    1460.000       0.000    0.0002    4.157  767.514    5.595  340.446    1.586
  13380.00 0.128     656.405       5.277    1460.000       0.000    0.0002    4.426  798.133    6.391  340.905    1.731
  13440.00 0.125     657.821      10.973    1500.000       0.000    0.0002    4.646  892.545    5.742  342.331    1.481
  13500.00 0.124     653.043      10.237    1580.000       0.000    0.0002    4.766  877.654    5.709  344.242    1.359
  13560.00 0.127     668.247       7.399    1540.000       0.000    0.0002    4.831  963.443    6.016  344.693    1.508
  13620.00 0.125     667.734       6.563    1420.000       0.000    0.0002    4.785  875.864    5.905  344.166    1.425
  13680.00 0.128     670.000       3.321    1420.000       0.000    0.0002    4.632  793.608    6.331  344.653    1.599
  13740.00 0.129     670.076       5.000    1620.000       0.000    0.0002    4.459  665.314    5.793  344.030    1.645
  13800.00 0.126     668.527       8.798    1580.000       0.000    0.0002    4.260  545.642    6.258  341.213    1.348
  13860.00 0.126     666.822       7.442    1460.000       0.000    0.0002    4.081  401.596    4.840  338.891    1.123
  13920.00 0.128     673.714      11.390    1540.000       0.000    0.0002    3.941  365.600    4.269  336.994    0.972
  13980.00 0.125     667.485       2.339    1380.000       0.000    0.0002    3.823  316.684    4.456  335.398    1.041
  14040.00 0.124     675.494       8.498    1460.000       0.000    0.0002    3.785  273.109    4.592  334.853    1.021
  14100.00 0.126     676.834       5.019    1540.000       0.000    0.0002    3.738  293.175    4.641  334.885    1.068
  14160.00 0.129     678.979       7.788    1500.000       0.000    0.0002    3.667  359.950    5.488  334.921    1.100
  14220.00 0.139     681.722       5.202    1500.000       0.000    0.0002    3.640  383.761    5.901  334.483    1.272
  14280.00 0.136     687.626      12.662    1460.000       0.000    0.0002    3.590  366.351    5.467  333.867    1.150
  14340.00 0.143     688.669      10.444    1500.000       0.000    0.0002    3.509  372.540    5.589  333.900    1.126
  14400.00 0.142     683.602       9.503    1540.000       0.000    0.0002    3.416  381.525    4.507  333.878    1.190
  14460.00 0.142     671.389       8.576    1460.000       0.000    0.0002    3.352  312.858    4.337  333.708    1.034
  14520.00 0.143     671.652       9.949    1420.000       0.000    0.0002    3.280  266.602    4.284  333.571    1.130
  14580.00 0.149     662.627       8.637    1460.000       0.000    0.0002    3.311  268.788    4.198  333.716    0.956
  14640.00 0.149     662.623       7.443    1460.000       0.000    0.0002    3.470  321.332    4.738  334.519    1.057
  14700.00 0.144     662.581       7.368    1580.000       0.000    0.0002    3.694  385.175    5.199  335.995    1.323
  14760.00 0.147     655.674       7.055    1380.000       0.000    0.0002    3.992  451.780    6.227  337.719    1.394
  14820.00 0.142     657.586      11.103    1380.000       0.000    0.0002    4.328  568.337    6.153  340.353    1.241
  14880.00 0.145     663.440       4.452    1500.000       0.000    0.0002    4.715  610.790    6.027  344.641    1.669
  14940.00 0.147     664.046      10.216    1460.000       0.000    0.0002    5.137  653.372    7.544  349.384    1.928
  15000.00 0.141     670.242       6.920    1460.000       0.000    0.0002    5.498  679.652    6.307  352.495    1.528
  15060.00 0.141     670.884       7.764    1420.000       0.000    0.0002    5.758  576.279    5.984  355.178    1.536
  15120.00 0.146     670.769       6.957    1540.000       0.000    0.0002    5.914  468.131    5.569  358.842    1.276
  15180.00 0.149     667.974       5.588    1500.000       0.000    0.0002    6.015  461.757    5.644  361.216    1.276
  15240.00 0.150     677.987       9.448    1500.000       0.000    0.0002    6.046  596.878    6.944  363.373    1.468
  15300.00 0.151     670.727       5.170    1500.000       0.000    0.0002    6.167  772.199    6.868  367.566    1.545
  15360.00 0.150     665.593       5.626    1460.000       0.000    0.0002    6.477  842.143    8.175  372.851    1.821
  15420.00 0.156     664.750       4.844    1580.000       0.000    0.0002    6.760  875.174    7.806  376.700    1.855
  15480.00 0.155     661.069      14.245    1940.000       0.000    0.0002    6.840  717.348    7.275  381.153    1.692
  15540.00 0.154     660.507       5.166    1660.000       0.000    0.0002    6.662  727.361    8.042  385.005    2.010
  15600.00 0.158     668.903      14.127    1580.000       0.000    0.0002    6.239  643.438    5.862  382.228    1.613
  15660.00 0.157     673.313       6.998    1500.000       0.000    0.0002    5.781  553.069    6.301  377.493    1.595
  15720.00 0.154     673.397       5.746    1500.000       0.000    0.0002    5.639  443.824    5.613  376.617    1.570
  15780.00 0.149     674.967       9.608    1540.000       0.000    0.0002    5.624  399.810    5.561  375.059    1.186
  15840.00 0.150     668.390      11.024    1500.000       0.000    0.0002    5.626  463.851    5.557  374.766    1.166
  15900.00 0.148     669.571       4.752    1380.000       0.000    0.0002    5.847  527.685    6.470  378.528    1.402
  15960.00 0.150     671.223       7.863    1460.000       0.000    0.0002    6.337  668.446    7.216  384.263    1.602
  16020.00 0.148     673.993       4.092    1500.000       0.000    0.0002    7.069  758.213    5.993  389.338    1.665
  16080.00 0.144     673.537       5.918    1540.000       0.000    0.0002    7.898  782.540    6.287  393.529    1.730
  16140.00 0.143     678.944       9.847    1580.000       0.000    0.0002    8.560  780.280    7.018  399.264    1.577
  16200.00 0.156     696.923       9.294    1620.000       0.000    0.0002    8.878  769.632    7.227  405.613    1.800
  16260.00 0.155     693.943       4.353    1500.000       0.000    0.0002    8.831  828.875    7.521  407.693    1.830
  16320.00 0.156     694.097       6.531    1580.000       0.000    0.0002    8.337  848.076    7.495  405.900    1.846
  16380.00 0.161     700.303       9.226    1540.000       0.000    0.0002    7.531  761.619    6.698  403.986    1.570
  16440.00 0.165     690.281       3.467    1540.000       0.000    0.0002    6.554  522.655    5.478  401.656    1.665
  16500.00 0.163     692.264       0.990    1540.000       0.000    0.0002    5.802  545.245    6.133  397.245    1.572
  16560.00 0.164     697.134       3.821    1620.000       0.000    0.0002    5.188  449.697    5.697  390.531    1.247
  16620.00 0.159     684.123       9.231    1540.000       0.000    0.0002    4.712  358.039    4.439  385.810    1.140
  16680.00 0.157     677.819       4.206    1540.000       0.000    0.0002    4.430  395.075    5.692  384.183    1.343
  16740.00 0.154     683.138       7.702    1460.000       0.000    0.0002    4.469  458.424    6.238  384.377    1.401
  16800.00 0.154     684.152       3.455    1460.000       0.000    0.0002    4.676  515.532    7.278  385.043    1.480
  16860.00 0.145     682.185       7.059    1500.000       0.000    0.0002    5.074  644.949    7.044  387.903    1.459
  16920.00 0.146     683.973       3.907    1460.000       0.000    0.0002    5.467  826.590    7.941  391.580    1.886
  16980.00 0.150     691.452       7.896    1460.000       0.000    0.0002    5.807  858.825    5.960  393.145    1.527
  17040.00 0.155     693.060       4.890    1540.000       0.000    0.0002    6.012  755.271    6.295  395.074    1.577
  17100.00 0.153     688.626       8.211    1460.000       0.000    0.0002    6.166  617.492    6.380  400.220    1.685
  17160.00 0.152     690.482       6.045    1460.000       0.000    0.0002    6.390  555.540    7.865  405.231    1.559
  17220.00 0.151     682.645       3.871    1460.000       0.000    0.0002    6.715  692.948    7.497  408.558    1.685
  17280.00 0.150     679.283      12.150    1500.000       0.000    0.0002    7.286  993.340    8.107  412.673    1.809
  17340.00 0.152     679.839      14.157    1460.000       0.000    0.0002    7.817 1219.371    7.436  417.700    1.886
  17400.00 0.153     682.848       7.520    1940.000       0.000    0.0002    8.225 1131.177    8.637  421.656    2.286
  17460.00 0.152     684.270       6.709    1940.000       0.000    0.0002    8.373 1028.703    6.852  426.336    2.110
  17520.00 0.159     685.153       9.110    1940.000       0.000    0.0002    8.396  720.534    7.073  433.913    1.467
  17580.00 0.163     690.210       8.438    1540.000       0.000    0.0002    8.570  680.801    7.153  442.942    1.841
  17640.00 0.161     697.879       8.545    1620.000       0.000    0.0002    8.823  790.723    8.193  448.923    1.837
  17700.00 0.158     690.755       5.855    1580.000       0.000    0.0002    9.248 1034.276    7.907  453.312    2.196
  17760.00 0.152     698.199       2.990    1580.000       0.000    0.0002    9.738 1072.049    7.932  458.953    1.955
  17820.00 0.151     692.415       7.358    1940.000       0.000    0.0002    9.965 1014.341    7.406  465.019    2.231
  17880.00 0.149     711.588      10.671    1940.000       0.000    0.0002    9.603 1012.130    8.036  466.560    2.203
  17940.00 0.152     706.441       9.887    1940.000       0.000    0.0002    8.906  883.909    6.287  464.802    1.708
  18000.00 0.151     720.097      12.642    1940.000       0.000    0.0002    7.857  667.574    5.668  461.170    1.536
  18060.00 0.156     707.962       7.367    1580.000       0.000    0.0002    6.984  524.944    6.073  456.747    1.400
  18120.00 0.155     708.693       4.819    1580.000       0.000    0.0002    6.540  629.849    7.046  450.272    1.779
  18180.00 0.156     699.251       7.676    1500.000       0.000    0.0002    6.401  763.492    8.638  444.803    1.707
  18240.00 0.156     683.297      10.078    1420.000       0.000    0.0002    6.412  834.904    7.864  442.307    1.778
  18300.00 0.154     688.299       5.374    1500.000       0.000    0.0002    6.358  885.748    7.422  439.283    1.857
  18360.00 0.156     688.892      11.513    1940.000       0.000    0.0002    6.201  826.108    6.068  436.006    1.755
  18420.00 0.156     690.533       4.984    1580.000       0.000    0.0002    6.085  623.739    6.631  435.592    1.917
  18480.00 0.154     703.048       7.397    1500.000       0.000    0.0002    6.095  659.136    6.079  438.478    1.598
  18540.00 0.153     699.745       7.229    1500.000       0.000    0.0002    6.616  689.380    6.949  440.938    1.895
  18600.00 0.142     683.133       3.821    1540.000       0.000    0.0002    7.635  890.486    7.086  444.522    1.671
  18660.00 0.137     678.970       6.998    1500.000       0.000    0.0002    8.831 1193.454    7.848  457.945    2.182
  18720.00 0.142     682.651       4.269    1660.000       0.000    0.0002    9.880 1386.114    9.294  475.880    2.632
  18780.00 0.143     698.433       2.453    1940.000       0.000    0.0002   10.177 1562.921   10.577  481.044    2.875
  18840.00 0.147     705.166      10.662    1940.000       0.000    0.0002    9.551 1363.546    7.761  474.498    2.714
  18900.00 0.140     713.983      12.557    1940.000       0.000    0.0002    8.390  860.370    7.422  475.168    2.029
  18960.00 0.141     728.750       7.118    1940.000       0.000    0.0002    7.113  909.352    8.002  484.522    1.854
  19020.00 0.140     722.727       8.706    1620.000       0.000    0.0002    6.194  908.832    6.641  478.380    1.729
  19080.00 0.138     710.619       5.451    1660.000       0.000    0.0002    5.745  852.485    5.965  456.898    1.759
  19140.00 0.137     695.000      13.250    1940.000       0.000    0.0002    5.367  671.744    6.197  448.952    1.635
  19200.00 0.139     698.389      10.053    1580.000       0.000    0.0002    4.996  606.212    5.414  452.687    1.270
  19260.00 0.135     701.013       9.005    1580.000       0.000    0.0002    4.800  474.989    6.052  449.255    1.415
  19320.00 0.133     696.691      13.199    1540.000       0.000    0.0002    4.786  574.580    7.195  439.907    1.454
  19380.00 0.136     697.194       9.065    1620.000       0.000    0.0002    4.907  720.316    6.816  437.727    1.421
  19440.00 0.140     713.613      10.436    1540.000       0.000    0.0002    5.275  901.286    8.264  440.993    1.863
  19500.00 0.141     712.986      10.104    1580.000       0.000    0.0002    5.772  967.735    7.094  442.904    1.763
  19560.00 0.149     708.736       6.043    1940.000       0.000    0.0002    6.233  956.401    9.198  444.372    2.042
  19620.00 0.149     712.197       4.131    1580.000       0.000    0.0002    6.560 1207.564    9.207  447.336    2.297
  19680.00 0.152     708.462      12.853    1940.000       0.000    0.0002    6.512 1248.805    7.092  449.107    2.094
  19740.00 0.148     697.030       9.109    1580.000       0.000    0.0002    6.264  855.563    7.181  448.835    1.995
  19800.00 0.151     697.212       6.710    1940.000       0.000    0.0002    6.002  720.155    5.984  447.146    1.886
  19860.00 0.152     700.707       2.315    1700.000       0.000    0.0002    5.819  463.575    5.767  446.505    1.289
  19920.00 0.151     708.687       1.815    1500.000       0.000    0.0002    5.805  499.808    5.816  443.787    1.305
  19980.00 0.154     714.308       3.911    1580.000       0.000    0.0002    6.025  530.756    6.156  442.551    1.422
  20040.00 0.154     721.333       4.984    1660.000       0.000    0.0002    6.437  568.620    5.861  446.288    1.543
  20100.00 0.151     716.414       8.724    1620.000       0.000    0.0002    6.966  653.761    6.819  450.784    1.476
  20160.00 0.152     717.262       6.248    1580.000       0.000    0.0002    7.502  731.781    6.155  455.844    1.698
  20220.00 0.148     732.066       8.463    1540.000       0.000    0.0002    7.950  724.565    7.069  463.257    1.836
  20280.00 0.150     720.685       3.361    1620.000       0.000    0.0002    8.387  624.372    7.078  472.114    1.705
  20340.00 0.147     729.519       8.192    1540.000       0.000    0.0002    8.774  759.527    8.076  481.190    1.729
  20400.00 0.153     739.681       7.592    1660.000       0.000    0.0002    8.962  797.688    8.545  487.151    1.844
  20460.00 0.143     747.590       6.291    1540.000       0.000    0.0002    8.861  859.235    7.788  485.573    1.851
  20520.00 0.145     755.878       5.473    1940.000       0.000    0.0002    8.419  858.548    6.391  482.298    1.719
  20580.00 0.142     745.862      12.241    1540.000       0.000    0.0002    7.872  557.631    7.684  486.257    1.892
  20640.00 0.136     741.073      10.841    1540.000       0.000    0.0002    7.343  618.908    7.620  490.700    1.605
  20700.00 0.140     736.104       8.035    1620.000       0.000    0.0002    6.956  558.557    6.690  488.074    1.492
  20760.00 0.137     726.335       5.872    1660.000       0.000    0.0002    6.772  580.136    7.584  482.637    1.590
  20820.00 0.128     722.443       3.779    1620.000       0.000    0.0002    6.841  745.654    8.781  481.803    1.828
  20880.00 0.135     743.623       6.775    1540.000       0.000    0.0002    6.915  961.686    7.986  484.339    2.155
  20940.00 0.131     734.318       3.439    1940.000       0.000    0.0002    6.850 1103.029    7.245  482.913    2.121
  21000.00 0.127     729.462       8.500    1940.000       0.000    0.0002    6.648  996.572    7.100  478.201    1.959
  21060.00 0.128     738.394       9.446    1940.000       0.000    0.0002    6.466  878.397    7.565  478.117    2.058
  21120.00 0.133     720.405      13.149    1620.000       0.000    0.0002    6.214  849.548    6.636  477.807    1.730
  21180.00 0.131     714.804       8.187    1940.000       0.000    0.0002    6.094  685.458    6.423  474.351    1.784
  21240.00 0.134     712.774       2.409    1580.000       0.000    0.0002    6.036  530.729    6.586  472.494    1.633
  21300.00 0.137     697.786      10.107    1500.000       0.000    0.0002    6.005  566.214    7.181  471.809    1.634
  21360.00 0.136     708.905       7.074    1500.000       0.000    0.0002    5.807  623.235    6.363  468.389    1.665
  21420.00 0.138     712.367       4.594    1540.000       0.000    0.0002    5.634  545.095    6.988  464.426    1.743
  21480.00 0.142     712.759       7.448    1540.000       0.000    0.0002    5.455  556.938    6.309  462.768    1.419
  21540.00 0.141     715.986       6.021    1580.000       0.000    0.0002    5.279  557.606    6.516  460.375    1.482
  21600.00 0.146     727.987       9.463    1540.000       0.000    0.0002    5.038  535.393    7.208  457.679    1.452
  21660.00 0.137     719.465      15.009    1620.000       0.000    0.0002    4.734  716.834    7.109  454.937    1.676
  21720.00 0.138     718.131       8.219    1500.000       0.000    0.0002    4.414  865.275    7.618  452.073    1.807
  21780.00 0.133     722.426       5.772    1580.000       0.000    0.0002    4.071  917.525    6.831  449.176    1.808
  21840.00 0.127     713.308       8.346    1500.000       0.000    0.0002    3.693  833.736    7.424  443.666    1.811
  21900.00 0.128     697.629       5.048    1500.000       0.000    0.0002    3.209  773.923    5.562  437.048    1.753
  21960.00 0.124     694.162      12.150    1540.000       0.000    0.0002    2.634  575.703    4.919  431.937    1.480
  22020.00 0.124     691.621       2.688    1660.000       0.000    0.0002    2.128  254.412    3.894  426.051    0.902
  22080.00 0.119     691.820       6.871    1500.000       0.000    0.0002    1.785  190.665    3.585  418.843    0.782
  22140.00 0.121     678.586       6.828    1380.000       0.000    0.0002    1.656  141.971    3.514  413.881    0.829
  22200.00 0.116     672.017       7.017    1420.000       0.000    0.0002    1.626  153.122    3.836  412.565    0.928
  22260.00 0.113     669.371       6.161    1500.000       0.000    0.0002    1.643  173.311    3.717  411.064    0.986
  22320.00 0.117     677.464       8.898    1460.000       0.000    0.0002    1.738  211.674    4.301  407.500    0.897
  22380.00 0.121     670.667       7.071    1460.000       0.000    0.0002    1.918  249.951    4.404  405.073    0.979
  22440.00 0.121     676.404      10.909    1540.000       0.000    0.0002    2.103  235.094    4.744  404.701    1.047
  22500.00 0.122     685.301       6.265    1500.000       0.000    0.0002    2.251  240.676    4.595  403.651    0.960
  22560.00 0.120     687.505       8.803    1540.000       0.000    0.0002    2.344  285.059    4.375  402.122    1.066
  22620.00 0.125     694.275       9.294    1380.000       0.000    0.0002    2.416  263.938    4.876  401.547    1.181
  22680.00 0.122     693.120       9.200    1500.000       0.000    0.0002    2.367  204.954    4.333  401.594    0.970
  22740.00 0.124     695.285       6.169    1500.000       0.000    0.0002    2.296  206.828    3.845  401.082    1.048
  22800.00 0.127     694.253       7.050    1460.000       0.000    0.0002    2.184  179.374    4.251  399.475    0.925
  22860.00 0.131     688.881       6.754    1500.000       0.000    0.0002    2.055  181.587    4.053  397.330    0.910
  22920.00 0.131     686.493       4.851    1380.000       0.000    0.0002    1.901  175.554    4.584  394.842    0.944
  22980.00 0.128     684.551       6.080    1460.000       0.000    0.0002    1.766  192.736    4.723  392.323    0.946
  23040.00 0.124     671.339       8.504    1460.000       0.000    0.0002    1.684  253.881    4.203  390.852    0.928
  23100.00 0.125     676.563       9.141    1460.000       0.000    0.0002    1.641  271.753    4.203  390.026    1.087
  23160.00 0.124     663.866      10.651    1420.000       0.000    0.0002    1.679  206.468    3.711  388.332    0.879
  23220.00 0.127     664.146       6.641    1500.000       0.000    0.0002    1.731  152.427    3.567  385.853    0.908
  23280.00 0.126     668.433       3.675    1540.000       0.000    0.0002    1.825  165.751    4.014  383.946    0.908
  23340.00 0.127     664.674       5.057    1420.000       0.000    0.0002    1.961  182.469    3.795  383.668    0.928
  23400.00 0.130     668.856       8.668    1380.000       0.000    0.0002    2.095  216.174    4.309  384.253    1.063
  23460.00 0.133     665.809       3.934    1460.000       0.000    0.0002    2.247  237.884    4.556  384.081    1.055
  23520.00 0.142     677.281       4.682    1380.000       0.000    0.0002    2.373  232.321    4.251  383.512    0.988
  23580.00 0.139     679.859       6.761    1460.000       0.000    0.0002    2.516  206.879    4.238  384.271    0.970
  23640.00 0.134     684.408      10.383    1380.000       0.000    0.0002    2.722  239.045    4.132  385.629    1.007
  23700.00 0.137     682.175       7.166    1380.000       0.000    0.0002    2.975  272.950    5.028  386.882    1.157
  23760.00 0.144     695.314      11.239    1420.000       0.000    0.0002    3.263  388.257    5.347  389.334    1.145
  23820.00 0.139     695.377       5.254    1460.000       0.000    0.0002    3.610  516.828    5.761  393.255    1.463
  23880.00 0.135     698.414       7.964    1540.000       0.000    0.0002    4.060  640.915    6.137  397.848    1.440
  23940.00 0.134     695.027       7.422    1460.000       0.000    0.0002    4.575  681.945    6.001  402.624    1.538
  24000.00 0.130     693.109       7.566    1500.000       0.000    0.0002    4.964  637.240    6.658  408.384    1.520
  24060.00 0.132     699.852      10.480    1500.000       0.000    0.0002    5.362  676.365    7.263  415.515    1.731
  24120.00 0.133     697.348       6.593    1580.000       0.000    0.0002    5.689  685.788    7.224  421.966    1.515
  24180.00 0.132     702.066       8.708    1540.000       0.000    0.0002    5.972  869.957    8.675  428.606    2.056
  24240.00 0.130     695.730       8.914    1460.000       0.000    0.0002    6.290 1031.385    8.872  433.665    2.317
  24300.00 0.135     690.490       7.005    1940.000       0.000    0.0002    6.405 1063.622    7.937  435.548    1.970
  24360.00 0.138     702.120       7.279    1940.000       0.000    0.0002    6.365  895.420    7.421  438.467    1.940
  24420.00 0.142     708.537       6.954    1500.000       0.000    0.0002    6.383  756.010    6.174  442.982    1.612
  24480.00 0.147     706.910       2.326    1460.000       0.000    0.0002    6.526  836.561    6.865  446.991    1.434
  24540.00 0.146     713.400       5.633    1500.000       0.000    0.0002    6.717  718.362    7.394  450.782    1.683
  24600.00 0.152     720.161      11.755    1500.000       0.000    0.0002    6.938  692.339    7.006  455.117    1.523
  24660.00 0.156     722.313       6.250    1500.000       0.000    0.0002    7.237  828.550    7.330  459.636    1.709
  24720.00 0.159     717.335      12.221    1460.000       0.000    0.0002    7.533  816.822    8.569  461.535    1.957
  24780.00 0.154     721.392       6.551    1580.000       0.000    0.0002    7.802  801.173    6.507  463.769    1.673
  24840.00 0.162     722.771       9.789    1540.000       0.000    0.0002    8.098  858.338    7.396  468.930    1.581
  24900.00 0.167     732.690       7.982    1660.000       0.000    0.0002    8.441  825.925    6.364  476.520    1.538
  24960.00 0.167     731.778       8.484    1620.000       0.000    0.0002    8.916  942.988    8.976  486.236    1.896
  25020.00 0.173     734.802       7.938    1540.000       0.000    0.0002    9.577 1030.469    8.973  496.697    1.983
  25080.00 0.167     733.236       3.236    1460.000       0.000    0.0002   10.307 1303.166    8.775  506.839    2.229
  25140.00 0.171     731.257       5.829    1940.000       0.000    0.0002   10.867 1339.352    8.211  515.416    2.538
  25200.00 0.168     735.233       5.988    1940.000       0.000    0.0002   11.141 1163.129    7.863  524.715    2.050
  25260.00 0.167     744.496       6.394    1940.000       0.000    0.0002   11.410  930.693    7.439  536.796    1.816
  25320.00 0.173     743.508       5.064    1940.000       0.000    0.0002   11.494  901.037    8.231  547.744    2.132
  25380.00 0.176     740.501       5.313    1540.000       0.000    0.0002   11.152 1126.168    9.433  548.225    2.546
  25440.00 0.174     741.798       4.691    1940.000       0.000    0.0002   10.149 1131.403    7.649  540.763    2.417
  25500.00 0.173     739.943      11.372    1940.000       0.000    0.0002    9.102  841.766    7.690  535.227    2.462
  25560.00 0.177     735.801       6.077    1940.000       0.000    0.0002    8.065  865.742    7.521  531.309    1.829
  25620.00 0.173     724.937       4.062    1620.000       0.000    0.0002    7.125  781.965    5.702  526.735    1.430
  25680.00 0.172     724.227       6.525    1580.000       0.000    0.0002    6.646  741.618    7.554  519.229    1.492
  25740.00 0.168     721.306      12.046    1500.000       0.000    0.0002    6.528  555.436    7.340  513.392    1.713
  25800.00 0.168     714.847       4.978    1580.000       0.000    0.0002    6.574  539.759    6.688  511.482    1.568
  25860.00 0.164     712.537      12.328    1540.000       0.000    0.0002    6.505  425.257    5.995  508.150    1.474
  25920.00 0.173     731.740       9.590    1500.000       0.000    0.0002    6.388  418.230    5.314  502.011    1.200
  25980.00 0.173     737.514       5.960    1620.000       0.000    0.0002    6.214  380.565    5.516  499.783    1.341
  26040.00 0.168     741.630       7.831    1700.000       0.000    0.0002    6.284  487.618    6.518  501.283    1.485
  26100.00 0.166     739.175      15.228    1700.000       0.000    0.0002    6.506  699.031    6.657  502.372    1.541
  26160.00 0.167     746.257      11.257    1620.000       0.000    0.0002    6.936  839.364    6.571  505.942    1.510
  26220.00 0.168     746.812       6.579    1620.000       0.000    0.0002    7.477  816.254    7.410  513.214    2.185
  26280.00 0.164     750.223      15.899    1660.000       0.000    0.0002    7.958  858.136    7.542  517.675    2.019
  26340.00 0.159     747.669       7.209    1540.000       0.000    0.0002    8.390  755.254    7.107  520.282    1.808
  26400.00 0.156     749.467       9.812    1540.000       0.000    0.0002    8.658  769.818    7.747  525.026    1.975
  26460.00 0.153     754.464       8.896    1620.000       0.000    0.0002    8.596  761.311    6.680  529.925    1.668
  26520.00 0.159     753.129       3.466    1580.000       0.000    0.0002    8.579  681.239    7.969  535.312    1.884
  26580.00 0.162     746.526       4.894    1660.000       0.000    0.0002    8.643  876.192    8.404  540.774    2.127
  26640.00 0.165     742.611       7.864    1940.000       0.000    0.0002    8.794  937.087    9.821  540.339    2.243
  26700.00 0.171     742.336      15.698    1940.000       0.000    0.0002    8.710 1022.503    8.116  536.530    2.221
  26760.00 0.172     742.162       5.263    1940.000       0.000    0.0002    8.396  820.956    7.545  537.381    1.942
  26820.00 0.174     740.224       5.434    1940.000       0.000    0.0002    8.193  793.590    7.021  544.900    1.781
  26880.00 0.174     735.175      14.839    1940.000       0.000    0.0002    8.070  745.872    7.381  548.384    1.772
  26940.00 0.170     736.499       9.756    1940.000       0.000    0.0002    8.045  707.055    7.721  543.346    1.855
  27000.00 0.174     740.675      10.267    1940.000       0.000    0.0002    7.773  765.150    8.300  537.195    1.877
  27060.00 0.171     739.143       8.486    1940.000       0.000    0.0002    7.471  731.415    7.312  535.714    2.050
  27120.00 0.164     729.702       6.190    1940.000       0.000    0.0002    7.180  666.049    6.326  534.158    1.859
  27180.00 0.166     732.952      12.922    1940.000       0.000    0.0002    6.857  518.530    6.488  529.698    1.529
  27240.00 0.175     737.427      10.434    1620.000       0.000    0.0002    6.532  439.019    5.746  527.167    1.432
  27300.00 0.174     741.964       8.527    1660.000       0.000    0.0002    6.363  408.879    5.696  524.609    1.403
  27360.00 0.179     742.667       5.497    1620.000       0.000    0.0002    6.285  354.572    5.755  520.763    1.277
  27420.00 0.174     741.348      14.691    1540.000       0.000    0.0002    6.192  398.933    5.494  517.990    1.478
  27480.00 0.174     737.588       4.011    1660.000       0.000    0.0002    6.091  525.867    7.182  516.636    1.641
  27540.00 0.175     739.052       8.508    1620.000       0.000    0.0002    6.097  657.987    7.639  517.139    1.489
  27600.00 0.176     733.324       6.370    1580.000       0.000    0.0002    6.113  725.161    7.278  519.376    1.922
  27660.00 0.169     725.994      12.911    1620.000       0.000    0.0002    6.175  734.732    7.112  520.117    1.740
  27720.00 0.168     732.373       4.629    1940.000       0.000    0.0002    6.166  688.727    8.012  516.536    1.808
  27780.00 0.165     738.817       7.160    1700.000       0.000    0.0002    5.827  803.121    7.840  512.423    1.919
  27840.00 0.165     737.223      10.310    1740.000       0.000    0.0002    5.531  760.942    8.414  511.094    1.980
  27900.00 0.165     725.170       3.959    1940.000       0.000    0.0002    5.198  686.388    6.984  507.439    1.899
  27960.00 0.169     723.295       7.688    1940.000       0.000    0.0002    4.839  488.321    6.364  502.480    1.562
  28020.00 0.167     721.399      10.933    1540.000       0.000    0.0002    4.526  368.564    5.472  500.014    1.313
  28080.00 0.166     726.804       8.925    1540.000       0.000    0.0002    4.232  301.493    5.790  498.004    1.272
  28140.00 0.173     723.244       4.993    1500.000       0.000    0.0002    4.248  291.056    5.627  495.829    1.275
  28200.00 0.169     726.570       5.528    1620.000       0.000    0.0002    4.518  354.860    6.431  494.445    1.342
  28260.00 0.164     724.903       9.539    1500.000       0.000    0.0002    4.959  414.965    6.124  495.888    1.405
  28320.00 0.170     726.705       8.863    1540.000       0.000    0.0002    5.446  452.813    7.025  498.688    1.525
  28380.00 0.168     739.476      10.509    1580.000       0.000    0.0002    5.976  358.584    6.481  502.001    1.319
  28440.00 0.166     753.373       5.891    1500.000       0.000    0.0002    6.366  338.703    5.333  507.223    1.261
  28500.00 0.170     758.448       8.046    1580.000       0.000    0.0002    6.752  363.461    5.479  513.299    1.449
  28560.00 0.168     757.758       7.424    1500.000       0.000    0.0002    7.081  503.071    5.986  516.367    1.617
  28620.00 0.174     761.711       7.181    1580.000       0.000    0.0002    7.430  618.205    7.015  517.384    1.810
  28680.00 0.173     763.211      11.972    1620.000       0.000    0.0002    7.826  625.189    7.486  519.403    1.756
  28740.00 0.172     763.784      10.242    1580.000       0.000    0.0002    8.193  774.705    6.483  525.476    1.622
  28800.00 0.169     768.703       2.075    1540.000       0.000    0.0002    8.481  788.159    8.267  534.020    2.168
