#  time      cc     z_cbase    z_ctop_avg  z_ctop_max      zi         we   <<ql>>  <<ql>>_max   w_max   tke     ql_max
     60.00 0.000       0.000       0.000       0.000       0.000    0.0002    0.000    0.000    0.182  616.653    0.000
    120.00 0.000       0.000       0.000       0.000       0.000    0.0002    0.000    0.000    0.311  417.141    0.000
    180.00 0.000       0.000       0.000       0.000       0.000    0.0002    0.000    0.000    0.300  300.193    0.000
    240.00 0.000       0.000       0.000       0.000       0.000    0.0002    0.000    0.000    0.314  225.855    0.000
    300.00 0.000       0.000       0.000       0.000       0.000    0.0002    0.000    0.000    0.308  176.628    0.000
    360.00 0.000       0.000       0.000       0.000       0.000    0.0002    0.000    0.000    0.313  143.463    0.000
    420.00 0.000       0.000       0.000       0.000       0.000    0.0002    0.000    0.000    0.315  121.203    0.000
    480.00 0.000       0.000       0.000       0.000       0.000    0.0002    0.000    0.000    0.338  105.798    0.000
    540.00 0.000       0.000       0.000       0.000       0.000    0.0002    0.000    0.000    0.405   93.983    0.000
    600.00 0.000       0.000       0.000       0.000       0.000    0.0002    0.000    0.000    0.478   84.713    0.000
    660.00 0.000       0.000       0.000       0.000       0.000    0.0002    0.000    0.000    0.512   78.157    0.000
    720.00 0.000       0.000       0.000       0.000       0.000    0.0002    0.000    0.000    0.493   73.852    0.000
    780.00 0.000       0.000       0.000       0.000       0.000    0.0002    0.000    0.000    0.565   71.051    0.000
    840.00 0.000       0.000       0.000       0.000       0.000    0.0002    0.000    0.000    0.610   69.282    0.000
    900.00 0.000       0.000       0.000       0.000       0.000    0.0002    0.000    0.000    0.643   68.100    0.000
    960.00 0.000       0.000       0.000       0.000       0.000    0.0002    0.000    0.000    0.736   67.502    0.000
   1020.00 0.000       0.000       0.000       0.000       0.000    0.0002    0.000    0.000    0.770   67.971    0.000
   1080.00 0.000       0.000       0.000       0.000       0.000    0.0002    0.000    0.000    0.917   69.551    0.000
   1140.00 0.000     580.000       0.000     580.000       0.000    0.0002    0.000    0.629    1.027   71.846    0.014
   1200.00 0.001     580.000       0.000     580.000       0.000    0.0002    0.002    3.119    1.043   74.808    0.070
   1260.00 0.003     573.333       0.000     580.000       0.000    0.0002    0.006    6.229    1.013   78.631    0.092
   1320.00 0.004     570.588       0.000     580.000       0.000    0.0002    0.012   11.409    1.187   83.420    0.157
   1380.00 0.008     564.516      17.419     660.000       0.000    0.0002    0.026   18.706    1.303   89.362    0.198
   1440.00 0.016     566.250       9.063     660.000       0.000    0.0002    0.057   25.813    1.286   96.611    0.272
   1500.00 0.024     566.263       0.000     660.000       0.000    0.0002    0.112   37.664    1.616  105.054    0.364
   1560.00 0.035     566.667       7.778     660.000       0.000    0.0002    0.201   61.166    1.805  114.604    0.524
   1620.00 0.049     567.264      11.343     740.000       0.000    0.0002    0.349   76.131    1.978  125.367    0.553
   1680.00 0.070     564.948       8.084     700.000       0.000    0.0002    0.572   97.949    2.567  137.315    0.632
   1740.00 0.084     566.783       6.841     700.000       0.000    0.0002    0.894  136.353    3.171  150.318    0.742
   1800.00 0.108     567.540       7.675     900.000       0.000    0.0002    1.318  183.943    3.465  164.180    0.857
   1860.00 0.125     568.963       5.753     780.000       0.000    0.0002    1.859  227.520    3.861  178.630    0.919
   1920.00 0.140     569.565       7.617     900.000       0.000    0.0002    2.514  265.983    4.253  193.334    0.948
   1980.00 0.152     569.936       7.308     940.000       0.000    0.0002    3.293  270.404    3.855  207.935    0.906
   2040.00 0.171     573.991       7.468     940.000       0.000    0.0002    4.111  339.435    3.797  222.101    1.086
   2100.00 0.181     575.622       6.973    1300.000       0.000    0.0002    4.976  368.564    4.302  235.346    1.204
   2160.00 0.189     580.362       8.062    1300.000       0.000    0.0002    5.847  349.892    3.861  247.167    1.031
   2220.00 0.198     588.138       7.078    1300.000       0.000    0.0002    6.624  355.785    4.482  257.400    1.096
   2280.00 0.209     594.690       6.456    1300.000       0.000    0.0002    7.312  358.616    4.363  265.690    1.074
   2340.00 0.209     603.450       4.382    1300.000       0.000    0.0002    7.861  391.575    4.639  271.785    1.244
   2400.00 0.208     604.695       5.188    1380.000       0.000    0.0002    8.253  441.182    5.129  275.615    1.375
   2460.00 0.211     611.723       4.324    1300.000       0.000    0.0002    8.538  480.450    5.047  277.611    1.421
   2520.00 0.209     617.897      12.056    1300.000       0.000    0.0002    8.638  484.998    4.762  278.194    1.361
   2580.00 0.206     617.770       8.019    1300.000       0.000    0.0002    8.655  482.928    4.810  277.474    1.466
   2640.00 0.199     623.288       5.472    1460.000       0.000    0.0002    8.498  490.269    5.138  275.106    1.508
   2700.00 0.196     626.334       7.706    1340.000       0.000    0.0002    8.046  534.268    5.107  269.817    1.331
   2760.00 0.190     635.907       7.490    1420.000       0.000    0.0002    7.470  537.854    4.968  262.488    1.380
   2820.00 0.181     639.112       7.618    1460.000       0.000    0.0002    6.828  483.665    4.518  255.236    1.190
   2880.00 0.177     640.773       5.028    1380.000       0.000    0.0002    6.225  492.774    4.103  248.014    1.265
   2940.00 0.166     641.031       7.570    1540.000       0.000    0.0002    5.681  593.162    4.825  240.258    1.281
   3000.00 0.156     645.118      11.366    1460.000       0.000    0.0002    5.170  630.831    4.676  232.614    1.262
   3060.00 0.151     649.256       5.113    1420.000       0.000    0.0002    4.698  589.198    5.042  225.844    1.301
   3120.00 0.142     646.781       6.609    1380.000       0.000    0.0002    4.191  527.266    5.287  219.658    1.339
   3180.00 0.139     647.860       8.667    1420.000       0.000    0.0002    3.778  458.168    4.717  213.933    1.037
   3240.00 0.132     649.649      10.832    1380.000       0.000    0.0002    3.369  428.013    3.614  208.022    0.956
   3300.00 0.125     656.556       7.358    1300.000       0.000    0.0002    2.973  366.184    3.554  201.482    1.137
   3360.00 0.122     657.046      10.579    1300.000       0.000    0.0002    2.566  310.758    3.832  195.322    1.093
   3420.00 0.117     658.669       7.983    1340.000       0.000    0.0002    2.182  285.198    3.954  190.343    1.035
   3480.00 0.118     671.346      10.269    1380.000       0.000    0.0002    1.820  319.916    3.723  186.069    0.889
   3540.00 0.110     659.469       8.496    1340.000       0.000    0.0002    1.453  348.073    3.216  182.154    0.816
   3600.00 0.100     649.854       1.512    1420.000       0.000    0.0002    1.180  336.360    2.338  178.522    0.634
   3660.00 0.104     652.170       4.387    1340.000       0.000    0.0002    0.985  235.531    2.012  175.326    0.559
   3720.00 0.099     637.723       5.594    1380.000       0.000    0.0002    0.859  114.241    1.885  172.713    0.604
   3780.00 0.095     634.742      13.608    1340.000       0.000    0.0002    0.814  117.481    1.894  170.599    0.542
   3840.00 0.087     635.662       3.380    1100.000       0.000    0.0002    0.833  113.201    2.077  169.083    0.565
   3900.00 0.091     639.140       3.333    1180.000       0.000    0.0002    0.879  130.103    2.230  168.394    0.675
   3960.00 0.086     629.858       7.139    1100.000       0.000    0.0002    0.965  153.314    2.527  168.266    0.717
   4020.00 0.087     632.101       6.331     940.000       0.000    0.0002    1.050  166.728    2.516  168.097    0.700
   4080.00 0.093     626.929       6.509     980.000       0.000    0.0002    1.134  199.552    2.875  168.061    0.747
   4140.00 0.098     624.000       8.350     980.000       0.000    0.0002    1.215  224.967    3.231  168.504    0.805
   4200.00 0.101     628.309       5.894    1100.000       0.000    0.0002    1.270  253.862    3.375  169.321    0.936
   4260.00 0.102     623.819      13.556    1300.000       0.000    0.0002    1.334  273.049    3.985  170.488    1.093
   4320.00 0.096     620.406       5.736    1300.000       0.000    0.0002    1.401  323.639    4.099  171.905    1.038
   4380.00 0.102     617.794       8.010    1340.000       0.000    0.0002    1.481  337.329    3.862  173.376    1.134
   4440.00 0.096     604.733      11.094    1300.000       0.000    0.0002    1.564  348.021    4.144  175.016    1.038
   4500.00 0.099     608.020       4.703    1420.000       0.000    0.0002    1.656  407.749    3.980  176.977    1.004
   4560.00 0.107     608.924       7.002    1380.000       0.000    0.0002    1.745  471.758    3.738  179.194    1.017
   4620.00 0.105     607.599       7.599    1460.000       0.000    0.0002    1.846  474.841    3.846  181.413    0.910
   4680.00 0.109     601.933       5.573    1300.000       0.000    0.0002    1.958  393.502    3.272  183.883    0.881
   4740.00 0.111     601.491      11.053    1380.000       0.000    0.0002    2.110  282.551    3.381  186.615    1.035
   4800.00 0.116     603.396       6.247    1380.000       0.000    0.0002    2.307  240.122    3.897  189.182    1.071
   4860.00 0.117     597.214       2.911    1420.000       0.000    0.0002    2.558  308.231    4.567  191.647    1.038
   4920.00 0.116     596.505       9.642    1300.000       0.000    0.0002    2.897  378.158    4.614  194.488    1.054
   4980.00 0.117     595.783      10.689    1300.000       0.000    0.0002    3.311  425.285    4.159  197.972    1.061
   5040.00 0.121     598.182       9.212    1300.000       0.000    0.0002    3.784  402.374    4.146  201.973    1.245
   5100.00 0.127     603.800       9.367    1420.000       0.000    0.0002    4.250  389.912    4.985  206.222    1.170
   5160.00 0.129     603.226       2.277    1300.000       0.000    0.0002    4.764  476.211    5.156  210.832    1.226
   5220.00 0.134     605.521       8.665    1300.000       0.000    0.0002    5.218  523.543    4.846  215.857    1.421
   5280.00 0.136     616.416       7.061    1300.000       0.000    0.0002    5.637  578.014    5.703  220.956    1.470
   5340.00 0.138     617.735       9.558    1380.000       0.000    0.0002    5.987  722.422    5.618  226.348    1.525
   5400.00 0.137     620.995      10.409    1420.000       0.000    0.0002    6.249  838.030    5.455  231.349    1.536
   5460.00 0.137     624.635       8.342    1420.000       0.000    0.0002    6.329  739.013    5.635  235.789    1.826
   5520.00 0.142     631.527       7.376    1500.000       0.000    0.0002    6.270  720.702    5.155  239.675    1.914
   5580.00 0.140     633.659      12.753    1540.000       0.000    0.0002    6.079  621.841    5.344  242.295    1.492
   5640.00 0.140     637.452       8.551    1580.000       0.000    0.0002    5.716  561.800    5.631  243.939    1.507
   5700.00 0.144     637.347       6.327    1500.000       0.000    0.0002    5.352  611.674    6.729  246.175    1.619
   5760.00 0.142     628.606       5.818    1420.000       0.000    0.0002    5.217  754.791    6.591  247.415    1.713
   5820.00 0.138     624.531       9.274    1460.000       0.000    0.0002    5.209  782.852    5.844  246.718    1.916
   5880.00 0.137     632.007       6.217    1420.000       0.000    0.0002    5.113  573.915    5.873  245.311    1.558
   5940.00 0.137     624.349      12.086    1460.000       0.000    0.0002    4.993  565.395    3.879  245.906    1.332
   6000.00 0.134     617.441      10.238    1340.000       0.000    0.0002    4.944  600.947    4.985  247.527    1.408
   6060.00 0.130     618.041       9.228    1420.000       0.000    0.0002    5.110  614.886    6.176  249.820    1.489
   6120.00 0.133     622.210       9.061    1420.000       0.000    0.0002    5.502  683.567    5.483  252.578    1.187
   6180.00 0.130     622.326       2.477    1340.000       0.000    0.0002    6.191  754.226    5.060  256.369    1.260
   6240.00 0.132     618.741       8.111    1340.000       0.000    0.0002    6.983  846.535    4.970  263.004    1.339
   6300.00 0.130     620.979       8.136    1340.000       0.000    0.0002    7.841  972.814    5.837  272.440    1.724
   6360.00 0.130     622.777       4.991    1500.000       0.000    0.0002    8.689 1043.208    6.514  281.617    1.969
   6420.00 0.136     627.110      10.916    1620.000       0.000    0.0002    9.431  978.697    6.928  288.022    2.050
   6480.00 0.142     639.828       9.777    1580.000       0.000    0.0002   10.014  860.069    6.897  292.571    1.931
   6540.00 0.141     646.990       6.298    1620.000       0.000    0.0002   10.290 1013.339    6.356  297.895    1.791
   6600.00 0.142     648.709      10.120    1580.000       0.000    0.0002   10.452  923.276    6.355  304.811    1.684
   6660.00 0.145     661.412       7.731    1500.000       0.000    0.0002   10.675  864.190    6.435  310.402    2.153
   6720.00 0.142     663.293       6.278    1460.000       0.000    0.0002   10.793  761.127    6.622  311.453    2.394
   6780.00 0.138     664.043      15.000    1460.000       0.000    0.0002   10.752  707.540    5.204  312.124    2.121
   6840.00 0.139     669.155      10.739    1460.000       0.000    0.0002   10.680  830.727    5.993  314.208    1.750
   6900.00 0.144     675.431       9.103    1500.000       0.000    0.0002   10.524  879.218    7.002  314.048    2.026
   6960.00 0.148     675.526       4.145    1500.000       0.000    0.0002   10.193  882.302    5.579  312.400    2.343
   7020.00 0.150     683.426      10.604    1940.000       0.000    0.0002    9.649  906.000    5.649  312.226    2.170
   7080.00 0.147     687.483      10.795    1940.000       0.000    0.0002    8.856  832.590    5.726  312.598    1.791
   7140.00 0.148     678.314       4.793    1580.000       0.000    0.0002    8.089  583.493    4.979  310.463    1.429
   7200.00 0.150     674.486      11.419    1460.000       0.000    0.0002    7.493  579.079    5.307  306.485    1.392
   7260.00 0.143     668.082       7.158    1500.000       0.000    0.0002    7.128  597.927    5.517  303.096    1.495
   7320.00 0.137     661.776      14.423    1500.000       0.000    0.0002    6.900  661.878    5.515  301.795    1.536
   7380.00 0.134     661.818       9.382    1420.000       0.000    0.0002    6.683  634.341    5.711  300.853    1.258
   7440.00 0.135     658.336       4.919    1460.000       0.000    0.0002    6.461  649.333    5.274  299.569    1.555
   7500.00 0.132     660.148       4.963    1460.000       0.000    0.0002    6.237  678.933    6.028  297.766    1.615
   7560.00 0.135     673.333      13.116    1540.000       0.000    0.0002    5.935  627.235    5.683  295.762    1.557
   7620.00 0.132     667.185       8.778    1500.000       0.000    0.0002    5.575  562.124    5.142  292.436    1.329
   7680.00 0.133     677.468       4.220    1580.000       0.000    0.0002    5.134  543.760    4.411  288.417    1.510
   7740.00 0.130     668.480       5.253    1460.000       0.000    0.0002    4.651  425.204    3.989  284.605    1.226
   7800.00 0.124     670.514      10.198    1500.000       0.000    0.0002    4.256  374.192    4.210  282.160    1.031
   7860.00 0.125     669.804       5.608    1500.000       0.000    0.0002    4.096  358.627    4.753  280.627    1.139
   7920.00 0.123     666.362      11.054    1540.000       0.000    0.0002    4.172  503.896    5.165  279.163    1.182
   7980.00 0.122     658.563       7.345    1500.000       0.000    0.0002    4.340  653.685    5.115  279.069    1.100
   8040.00 0.132     674.982       3.358    1540.000       0.000    0.0002    4.534  673.292    5.315  279.969    1.298
   8100.00 0.131     657.234       8.486    1500.000       0.000    0.0002    4.678  633.754    6.142  280.678    1.530
   8160.00 0.139     663.304       7.522    1460.000       0.000    0.0002    4.715  654.640    6.325  281.692    1.826
   8220.00 0.135     653.996      10.271    1420.000       0.000    0.0002    4.534  720.966    5.364  281.910    1.734
   8280.00 0.132     653.358       5.793    1460.000       0.000    0.0002    4.249  539.190    4.779  281.187    1.446
   8340.00 0.134     652.614       4.314    1460.000       0.000    0.0002    3.979  480.746    5.229  279.654    1.472
   8400.00 0.135     654.234       5.441    1500.000       0.000    0.0002    3.735  521.285    5.301  277.635    1.394
   8460.00 0.131     657.164      11.119    1420.000       0.000    0.0002    3.574  474.691    4.503  276.154    1.364
   8520.00 0.133     654.180       5.635    1460.000       0.000    0.0002    3.544  303.488    4.524  275.742    1.111
   8580.00 0.128     636.914       9.029    1380.000       0.000    0.0002    3.702  386.351    5.933  276.516    1.358
   8640.00 0.130     632.083       8.293    1460.000       0.000    0.0002    4.085  532.760    6.249  277.594    1.238
   8700.00 0.126     631.838       2.553    1500.000       0.000    0.0002    4.626  681.266    5.972  279.409    1.376
   8760.00 0.130     625.478      13.996    1300.000       0.000    0.0002    5.256  800.868    6.041  283.513    1.410
   8820.00 0.134     629.673       8.691    1380.000       0.000    0.0002    5.822  907.759    6.245  288.352    1.680
   8880.00 0.134     638.836       5.855    1420.000       0.000    0.0002    6.227  867.962    6.769  291.538    1.933
   8940.00 0.133     640.847       9.282    1460.000       0.000    0.0002    6.421  831.593    5.654  294.170    1.742
   9000.00 0.137     653.512       5.312    1580.000       0.000    0.0002    6.463  680.685    5.258  297.742    1.273
   9060.00 0.135     662.464       8.986    1460.000       0.000    0.0002    6.360  648.888    5.719  301.490    1.349
   9120.00 0.134     667.737      12.664    1460.000       0.000    0.0002    6.175  619.302    5.859  302.356    1.307
   9180.00 0.128     672.776       5.019    1460.000       0.000    0.0002    5.992  644.481    5.270  302.476    1.248
   9240.00 0.128     676.520      13.805    1460.000       0.000    0.0002    5.875  657.889    5.831  305.139    1.358
   9300.00 0.123     676.016       1.315    1460.000       0.000    0.0002    5.888  730.872    6.835  306.797    1.597
   9360.00 0.121     669.697      10.949    1460.000       0.000    0.0002    5.863  958.290    6.769  305.931    1.694
   9420.00 0.123     661.429       3.690    1420.000       0.000    0.0002    5.713 1099.633    5.598  306.124    1.791
   9480.00 0.128     667.099       9.542    1940.000       0.000    0.0002    5.353  960.460    5.093  306.241    1.749
   9540.00 0.122     664.560       8.680    1620.000       0.000    0.0002    4.741  668.394    5.009  304.236    1.288
   9600.00 0.126     654.584       3.288    1540.000       0.000    0.0002    4.170  471.463    4.908  302.130    1.200
   9660.00 0.127     654.308       8.038    1580.000       0.000    0.0002    3.819  617.881    4.832  299.025    1.087
   9720.00 0.131     652.924       6.667    1420.000       0.000    0.0002    3.767  720.865    5.056  295.183    1.225
   9780.00 0.130     656.391       4.662    1500.000       0.000    0.0002    3.853  778.806    4.692  293.769    1.372
   9840.00 0.132     652.876       3.970    1500.000       0.000    0.0002    3.941  708.659    4.765  294.832    1.150
   9900.00 0.135     649.314       3.430    1380.000       0.000    0.0002    4.079  574.305    5.882  295.910    1.440
   9960.00 0.131     647.486       8.752    1460.000       0.000    0.0002    4.214  617.682    4.777  296.655    1.233
  10020.00 0.136     649.209       3.417    1620.000       0.000    0.0002    4.414  687.859    5.062  297.141    1.260
  10080.00 0.140     651.235       8.487    1500.000       0.000    0.0002    4.679  729.907    5.211  298.069    1.273
  10140.00 0.134     647.861       4.826    1460.000       0.000    0.0002    5.059  664.057    4.985  300.574    1.416
  10200.00 0.133     646.544       4.559    1460.000       0.000    0.0002    5.523  591.854    4.739  304.146    1.154
  10260.00 0.133     653.480      10.037    1460.000       0.000    0.0002    6.005  610.952    5.600  308.333    1.358
  10320.00 0.135     661.379       5.844    1500.000       0.000    0.0002    6.329  655.924    6.165  312.737    1.351
  10380.00 0.133     679.742       9.171    1500.000       0.000    0.0002    6.469  708.510    5.689  316.627    1.342
  10440.00 0.130     690.169      11.745    1540.000       0.000    0.0002    6.489  756.327    5.546  318.408    1.610
  10500.00 0.125     690.841       8.845    1460.000       0.000    0.0002    6.388  704.131    6.512  319.244    1.659
  10560.00 0.124     681.423       4.625    1540.000       0.000    0.0002    6.219  777.572    6.259  321.115    1.452
  10620.00 0.126     671.860       7.674    1540.000       0.000    0.0002    6.122  768.418    5.885  322.472    1.590
  10680.00 0.126     678.641       5.903    1580.000       0.000    0.0002    6.079  756.508    5.463  322.364    1.578
  10740.00 0.125     680.663       4.912    1340.000       0.000    0.0002    5.910  748.924    4.981  322.140    1.626
  10800.00 0.124     680.079      10.909    1460.000       0.000    0.0002    5.801  748.605    4.824  323.266    1.380
  10860.00 0.123     682.584       3.698    1420.000       0.000    0.0002    5.602  621.343    5.361  324.335    1.564
  10920.00 0.125     676.563       4.805    1500.000       0.000    0.0002    5.351  558.480    5.469  323.311    1.362
  10980.00 0.116     673.811       5.347    1540.000       0.000    0.0002    5.063  473.341    5.072  319.835    1.274
  11040.00 0.118     666.556       7.469    1540.000       0.000    0.0002    4.737  434.497    5.843  317.976    1.275
  11100.00 0.122     668.303       7.066    1580.000       0.000    0.0002    4.462  535.533    5.684  318.935    1.310
  11160.00 0.119     667.787      12.090    1420.000       0.000    0.0002    4.224  579.442    4.782  319.330    1.207
  11220.00 0.120     661.874      11.365    1420.000       0.000    0.0002    4.080  566.283    4.886  316.995    1.350
  11280.00 0.114     651.349       8.951    1460.000       0.000    0.0002    3.978  540.348    5.198  314.117    1.369
  11340.00 0.120     651.805      10.507    1420.000       0.000    0.0002    3.833  518.929    5.194  311.710    1.114
  11400.00 0.121     659.028       3.522    1500.000       0.000    0.0002    3.685  469.435    4.780  309.785    1.069
  11460.00 0.119     645.656      14.426    1420.000       0.000    0.0002    3.619  332.520    4.911  309.085    1.125
  11520.00 0.122     649.381       9.461    1420.000       0.000    0.0002    3.636  422.503    5.152  309.911    1.236
  11580.00 0.120     648.187       7.821    1380.000       0.000    0.0002    3.767  462.659    5.116  310.521    1.195
  11640.00 0.121     650.645      12.581    1380.000       0.000    0.0002    3.990  451.395    5.474  311.236    1.263
  11700.00 0.125     648.516       5.898    1460.000       0.000    0.0002    4.211  518.520    5.640  312.369    1.287
  11760.00 0.124     653.701       5.236    1460.000       0.000    0.0002    4.427  630.401    5.545  313.336    1.508
  11820.00 0.125     657.354      11.440    1460.000       0.000    0.0002    4.609  801.633    6.849  314.862    1.832
  11880.00 0.126     668.915      12.713    1460.000       0.000    0.0002    4.740  940.073    7.492  317.449    1.798
  11940.00 0.125     662.963       4.756    1460.000       0.000    0.0002    4.771  922.144    7.481  318.281    1.755
  12000.00 0.120     665.621       2.688    1460.000       0.000    0.0002    4.648 1104.363    8.156  317.700    1.985
  12060.00 0.122     657.515       5.531    1940.000       0.000    0.0002    4.539 1112.238    6.637  317.442    1.675
  12120.00 0.117     647.526       6.320    1460.000       0.000    0.0002    4.512  831.933    4.964  318.512    1.374
  12180.00 0.123     652.158       8.950    1500.000       0.000    0.0002    4.455  660.185    5.819  319.198    1.330
  12240.00 0.125     662.573       6.472    1460.000       0.000    0.0002    4.449  564.080    5.608  318.487    1.140
  12300.00 0.121     653.320       8.612    1460.000       0.000    0.0002    4.699  667.799    5.752  319.935    1.047
  12360.00 0.121     658.952       3.831    1460.000       0.000    0.0002    5.088  698.198    5.665  324.439    1.314
  12420.00 0.122     658.084       6.347    1460.000       0.000    0.0002    5.474  684.506    6.379  329.292    1.487
  12480.00 0.125     663.059       6.588    1460.000       0.000    0.0002    5.772  694.633    7.636  333.369    1.796
  12540.00 0.130     656.234       7.533    1500.000       0.000    0.0002    6.006  830.365    6.146  336.313    1.652
  12600.00 0.127     662.775       2.620    1940.000       0.000    0.0002    6.059  718.502    5.198  336.449    1.717
  12660.00 0.128     671.450       1.985    1620.000       0.000    0.0002    5.890  656.329    5.750  337.263    1.344
  12720.00 0.127     668.276       5.517    1620.000       0.000    0.0002    5.615  677.567    5.045  338.826    1.377
  12780.00 0.126     662.394       4.170    1580.000       0.000    0.0002    5.412  598.463    5.189  338.516    1.294
  12840.00 0.124     653.518       6.245    1500.000       0.000    0.0002    5.413  588.470    6.528  338.739    1.429
  12900.00 0.123     649.004       7.610    1540.000       0.000    0.0002    5.406  594.699    6.595  340.396    1.387
  12960.00 0.125     652.485       5.832    1460.000       0.000    0.0002    5.542  748.482    6.343  343.672    1.497
  13020.00 0.122     655.768       9.421    1500.000       0.000    0.0002    5.869  816.413    6.944  346.594    1.696
  13080.00 0.127     658.613       9.133    1500.000       0.000    0.0002    6.357 1014.322    8.387  350.394    1.827
  13140.00 0.127     655.163       9.175    1540.000       0.000    0.0002    6.817 1186.931    8.887  355.559    2.102
  13200.00 0.131     651.477       3.327    1660.000       0.000    0.0002    7.148 1369.480    8.158  360.413    2.459
  13260.00 0.135     653.768      11.123    1940.000       0.000    0.0002    7.105 1345.061    8.669  361.165    2.554
  13320.00 0.127     650.710      11.401    1940.000       0.000    0.0002    6.974 1032.980    5.779  363.318    1.996
  13380.00 0.124     657.244      10.394    1940.000       0.000    0.0002    7.123  766.166    5.901  372.171    1.503
  13440.00 0.128     665.627      12.357    1540.000       0.000    0.0002    7.436  794.127    7.961  378.552    1.718
  13500.00 0.129     674.470       4.735    1540.000       0.000    0.0002    7.706 1061.348    8.636  376.295    1.898
  13560.00 0.131     682.602      10.558    1620.000       0.000    0.0002    7.818 1197.363    8.834  374.013    2.157
  13620.00 0.131     683.941       9.145    1940.000       0.000    0.0002    7.692 1221.461    7.288  374.864    2.158
  13680.00 0.129     678.189       2.340    1940.000       0.000    0.0002    7.473 1158.455    6.083  376.405    1.960
  13740.00 0.134     677.080       4.599    1940.000       0.000    0.0002    7.113  984.235    5.738  378.708    2.212
  13800.00 0.134     682.587       8.087    1940.000       0.000    0.0002    6.431  752.867    5.650  378.260    1.550
  13860.00 0.129     688.939       5.076    1620.000       0.000    0.0002    5.878  679.440    6.210  375.197    1.437
  13920.00 0.129     682.197       3.523    1460.000       0.000    0.0002    5.382  631.285    7.171  369.080    1.517
  13980.00 0.132     674.963      13.370    1540.000       0.000    0.0002    4.857  548.431    5.268  362.867    1.431
  14040.00 0.132     674.370      10.000    1620.000       0.000    0.0002    4.489  531.728    5.837  359.533    1.487
  14100.00 0.130     667.955       9.981    1540.000       0.000    0.0002    4.292  601.074    6.139  356.635    1.619
  14160.00 0.139     667.606      10.070    1540.000       0.000    0.0002    4.257  617.623    6.555  352.451    1.543
  14220.00 0.138     661.631       8.298    1500.000       0.000    0.0002    4.401  530.947    5.789  350.492    1.240
  14280.00 0.138     645.770      10.867    1500.000       0.000    0.0002    4.574  500.535    5.380  351.656    1.460
  14340.00 0.140     640.733       8.691    1500.000       0.000    0.0002    4.679  479.876    5.509  351.716    1.257
  14400.00 0.149     649.002       5.434    1460.000       0.000    0.0002    4.678  450.886    4.813  350.382    1.088
  14460.00 0.149     654.379       6.013    1500.000       0.000    0.0002    4.579  395.300    5.057  350.555    1.296
  14520.00 0.153     657.061       8.498    1580.000       0.000    0.0002    4.513  399.497    4.592  351.192    1.094
  14580.00 0.152     653.119       8.264    1460.000       0.000    0.0002    4.546  324.712    5.075  350.573    1.111
  14640.00 0.157     659.875       6.044    1500.000       0.000    0.0002    4.757  385.599    5.566  350.522    1.130
  14700.00 0.153     652.217       4.019    1420.000       0.000    0.0002    5.176  423.230    5.667  353.606    1.372
  14760.00 0.155     661.701       6.425    1460.000       0.000    0.0002    5.685  564.953    6.066  357.819    1.342
  14820.00 0.155     659.810       4.171    1540.000       0.000    0.0002    6.277  722.188    6.054  361.964    1.593
  14880.00 0.154     666.921      11.270    1540.000       0.000    0.0002    6.946  888.987    7.537  369.681    1.964
  14940.00 0.150     676.364       4.188    1500.000       0.000    0.0002    7.655 1074.246    6.976  380.398    1.972
  15000.00 0.156     685.188       6.625    1940.000       0.000    0.0002    8.350 1143.666    8.144  389.317    2.044
  15060.00 0.156     695.987       5.329    1940.000       0.000    0.0002    8.760 1218.194    7.748  395.293    2.520
  15120.00 0.154     697.397       3.683    1940.000       0.000    0.0002    8.891 1161.873    6.525  401.611    1.952
  15180.00 0.149     703.077       6.187    1940.000       0.000    0.0002    8.930 1108.556    7.649  411.754    1.881
  15240.00 0.147     700.932       7.854    1940.000       0.000    0.0002    8.625 1324.847    8.682  422.739    2.511
  15300.00 0.146     706.077      10.618    1940.000       0.000    0.0002    8.092 1550.160    8.510  421.818    2.892
  15360.00 0.141     700.347      13.172    1940.000       0.000    0.0002    7.365 1373.186    7.952  409.862    2.745
  15420.00 0.140     690.490      15.524    1940.000       0.000    0.0002    6.377 1038.405    5.672  404.918    2.210
  15480.00 0.135     685.191       7.005    1940.000       0.000    0.0002    5.446  838.402    5.713  412.244    1.414
  15540.00 0.135     686.184       8.897    1580.000       0.000    0.0002    4.885  780.162    5.240  412.092    1.275
  15600.00 0.134     684.599      12.226    1580.000       0.000    0.0002    4.713  701.953    5.644  399.063    1.195
  15660.00 0.138     680.602       9.628    1620.000       0.000    0.0002    4.665  570.659    5.213  390.062    1.141
  15720.00 0.143     677.641       3.521    1540.000       0.000    0.0002    4.820  534.626    4.933  390.218    1.217
  15780.00 0.147     673.090       6.379    1500.000       0.000    0.0002    5.078  534.914    4.953  386.952    1.258
  15840.00 0.148     680.231       8.529    1460.000       0.000    0.0002    5.361  597.157    5.199  381.881    1.263
  15900.00 0.149     684.288       9.853    1620.000       0.000    0.0002    5.581  547.259    5.645  385.016    1.357
  15960.00 0.144     688.156       7.140    1500.000       0.000    0.0002    5.777  449.240    6.089  392.124    1.526
  16020.00 0.146     690.671       9.698    1500.000       0.000    0.0002    5.957  495.404    5.874  392.474    1.500
  16080.00 0.151     700.258       9.742    1460.000       0.000    0.0002    6.045  516.838    6.232  389.756    1.407
  16140.00 0.145     706.149       8.378    1580.000       0.000    0.0002    6.047  505.800    5.490  391.573    1.322
  16200.00 0.143     697.265       9.573    1540.000       0.000    0.0002    5.917  429.693    5.656  394.003    1.394
  16260.00 0.144     687.301       8.693    1580.000       0.000    0.0002    5.674  440.348    5.556  393.874    1.417
  16320.00 0.142     678.864       5.714    1540.000       0.000    0.0002    5.626  542.336    5.628  395.136    1.564
  16380.00 0.140     680.210       8.811    1420.000       0.000    0.0002    5.686  474.466    5.878  398.436    1.893
  16440.00 0.135     689.477      11.820    1500.000       0.000    0.0002    5.792  495.067    6.331  401.143    1.752
  16500.00 0.139     687.698       7.170    1540.000       0.000    0.0002    5.971  605.180    7.566  404.419    1.596
  16560.00 0.143     687.509       7.986    1540.000       0.000    0.0002    6.164  656.130    7.104  408.965    1.674
  16620.00 0.138     684.876       8.799    1540.000       0.000    0.0002    6.398  672.763    7.190  412.952    1.635
  16680.00 0.139     685.423       5.599    1540.000       0.000    0.0002    6.516  834.668    7.620  414.009    1.915
  16740.00 0.142     689.260       8.916    1500.000       0.000    0.0002    6.417  913.884    8.021  411.195    2.090
  16800.00 0.137     691.214       6.643    1940.000       0.000    0.0002    5.839  931.491    6.004  406.588    1.904
  16860.00 0.140     689.826       7.735    1940.000       0.000    0.0002    5.130  569.752    5.253  404.317    1.804
  16920.00 0.144     686.553       5.637    1500.000       0.000    0.0002    4.419  309.719    4.266  405.158    1.095
  16980.00 0.142     683.505       3.402    1500.000       0.000    0.0002    3.911  268.893    4.499  401.620    1.300
  17040.00 0.142     673.196      10.550    1500.000       0.000    0.0002    3.635  348.183    5.512  394.099    1.412
  17100.00 0.139     675.747      11.775    1460.000       0.000    0.0002    3.605  353.843    4.741  391.069    1.115
  17160.00 0.140     659.164      10.662    1460.000       0.000    0.0002    3.638  304.317    5.058  391.150    1.128
  17220.00 0.143     657.055       5.993    1460.000       0.000    0.0002    3.694  388.404    5.953  390.237    1.327
  17280.00 0.146     669.866       8.658    1460.000       0.000    0.0002    3.730  401.318    5.905  389.711    1.289
  17340.00 0.150     662.150       5.212    1380.000       0.000    0.0002    3.850  403.593    5.926  391.118    1.104
  17400.00 0.147     655.275       7.887    1460.000       0.000    0.0002    4.049  379.558    4.768  392.318    1.240
  17460.00 0.154     656.439       8.331    1460.000       0.000    0.0002    4.317  402.835    4.874  392.867    1.290
  17520.00 0.149     657.512       3.241    1420.000       0.000    0.0002    4.688  345.497    5.570  394.611    1.303
  17580.00 0.148     657.039       4.474    1420.000       0.000    0.0002    5.133  410.286    5.325  399.226    1.328
  17640.00 0.151     662.068       6.882    1460.000       0.000    0.0002    5.706  464.846    6.092  406.131    1.283
  17700.00 0.156     660.689       6.072    1340.000       0.000    0.0002    6.375  543.814    5.856  411.991    1.383
  17760.00 0.165     672.249       5.444    1420.000       0.000    0.0002    7.080  593.115    6.383  415.690    1.392
  17820.00 0.170     680.201       9.584    1500.000       0.000    0.0002    7.721  507.549    7.772  419.723    1.700
  17880.00 0.167     684.854      10.058    1500.000       0.000    0.0002    8.193  619.651    7.439  425.095    1.557
  17940.00 0.171     691.897       5.136    1500.000       0.000    0.0002    8.507  706.427    6.898  430.077    1.668
  18000.00 0.175     696.704       7.654    1580.000       0.000    0.0002    8.705  701.446    6.633  434.126    1.771
  18060.00 0.173     702.316       7.684    1620.000       0.000    0.0002    8.873  639.727    6.745  439.959    1.637
  18120.00 0.172     693.021       7.546    1540.000       0.000    0.0002    9.014  814.926    7.767  448.686    1.908
  18180.00 0.176     686.111       6.750    1540.000       0.000    0.0002    9.228  970.757    7.503  455.581    2.059
  18240.00 0.173     690.578       7.447    1940.000       0.000    0.0002    9.505 1084.476    8.536  457.817    2.366
  18300.00 0.171     697.318       8.616    1940.000       0.000    0.0002    9.591 1195.548    8.171  457.012    2.687
  18360.00 0.173     709.505      11.598    1940.000       0.000    0.0002    8.988 1112.542    6.097  455.705    2.326
  18420.00 0.173     707.345       6.271    1940.000       0.000    0.0002    7.892  929.898    6.350  454.329    1.814
  18480.00 0.171     717.339       8.355    1580.000       0.000    0.0002    6.821  740.458    5.498  451.599    1.485
  18540.00 0.166     711.504      10.914    1540.000       0.000    0.0002    6.146  481.588    6.151  446.490    1.312
  18600.00 0.164     699.285       8.584    1540.000       0.000    0.0002    5.937  584.952    5.830  438.710    1.283
  18660.00 0.162     697.039       6.586    1620.000       0.000    0.0002    5.938  615.429    5.349  432.706    1.345
  18720.00 0.162     688.399       2.991    1500.000       0.000    0.0002    6.037  626.193    5.843  431.227    1.515
  18780.00 0.162     680.633       3.047    1580.000       0.000    0.0002    6.224  662.210    5.650  432.909    1.552
  18840.00 0.164     687.463       5.791    1540.000       0.000    0.0002    6.414  597.062    6.163  435.207    1.451
  18900.00 0.160     695.291       7.370    1420.000       0.000    0.0002    6.800  664.851    6.446  438.157    1.544
  18960.00 0.154     701.902       4.437    1620.000       0.000    0.0002    7.368  636.341    6.872  441.424    1.585
  19020.00 0.154     698.796       4.311    1500.000       0.000    0.0002    7.842  704.696    6.921  445.153    1.920
  19080.00 0.156     713.918      11.630    1620.000       0.000    0.0002    8.465  666.976    7.178  452.634    1.571
  19140.00 0.158     705.247       9.691    1620.000       0.000    0.0002    9.396  819.745    7.148  464.595    1.820
  19200.00 0.156     705.133      11.362    1500.000       0.000    0.0002   10.387  846.929    7.343  476.375    1.883
  19260.00 0.158     708.223      13.385    1500.000       0.000    0.0002   11.391  936.659    8.215  487.032    2.016
  19320.00 0.156     703.557      19.875    1580.000       0.000    0.0002   12.212 1098.012    8.561  498.667    2.081
  19380.00 0.157     711.900       5.576    1940.000       0.000    0.0002   12.833 1246.007    9.151  514.073    2.662
  19440.00 0.150     732.899       9.055    1940.000       0.000    0.0002   12.905 1292.485   10.647  522.359    2.449
  19500.00 0.152     733.590       5.673    1980.000       0.000    0.0002   12.265 1543.335    9.303  519.473    2.435
  19560.00 0.152     741.479      11.350    1940.000       0.000    0.0002   10.863 1407.453    9.065  515.653    2.604
  19620.00 0.144     739.864       9.304    1940.000       0.000    0.0002    9.166 1199.144    6.745  516.094    2.353
  19680.00 0.143     738.771      16.485    1940.000       0.000    0.0002    7.404 1068.908    7.659  509.585    1.920
  19740.00 0.140     726.157      12.070    1940.000       0.000    0.0002    5.790  803.382    6.253  491.967    1.790
  19800.00 0.139     713.779      10.791    1620.000       0.000    0.0002    4.832  523.259    5.585  469.854    1.420
  19860.00 0.132     709.722       7.866    1540.000       0.000    0.0002    4.233  590.333    5.580  455.788    1.145
  19920.00 0.137     704.929       6.429    1580.000       0.000    0.0002    3.935  596.247    4.782  449.842    1.347
  19980.00 0.132     698.963      13.037    1540.000       0.000    0.0002    3.711  463.447    5.146  442.008    1.250
  20040.00 0.131     695.448       6.455    1580.000       0.000    0.0002    3.506  418.570    5.591  435.669    1.263
  20100.00 0.129     682.836       2.268    1540.000       0.000    0.0002    3.331  455.445    5.874  433.385    1.304
  20160.00 0.131     690.186       4.944    1540.000       0.000    0.0002    3.288  515.735    5.697  430.571    1.377
  20220.00 0.138     694.568      11.041    1700.000       0.000    0.0002    3.280  615.712    6.835  426.488    1.660
  20280.00 0.134     688.197       4.044    1540.000       0.000    0.0002    3.231  711.613    7.243  423.502    1.697
  20340.00 0.132     674.270       8.022    1500.000       0.000    0.0002    3.154  738.602    6.367  420.151    1.675
  20400.00 0.135     669.655      10.091    1540.000       0.000    0.0002    2.990  618.233    4.902  415.082    1.676
  20460.00 0.138     676.028       5.177    1580.000       0.000    0.0002    2.730  506.978    4.498  411.493    1.174
  20520.00 0.143     671.096      11.027    1540.000       0.000    0.0002    2.559  240.921    4.502  409.975    0.982
  20580.00 0.143     668.245      12.504    1500.000       0.000    0.0002    2.472  207.716    4.683  407.763    0.940
  20640.00 0.144     673.265       5.850    1460.000       0.000    0.0002    2.498  236.350    4.427  405.371    1.050
  20700.00 0.144     668.203       8.508    1540.000       0.000    0.0002    2.623  267.846    4.481  404.714    1.123
  20760.00 0.141     666.990       9.204    1420.000       0.000    0.0002    2.786  276.227    4.692  404.877    1.163
  20820.00 0.140     668.237      11.518    1380.000       0.000    0.0002    2.950  329.997    5.359  405.084    1.197
  20880.00 0.138     669.877       6.102    1380.000       0.000    0.0002    3.223  406.523    5.057  407.244    1.240
  20940.00 0.140     665.594      13.427    1460.000       0.000    0.0002    3.595  409.503    5.146  411.213    1.232
  21000.00 0.142     673.265       5.601    1420.000       0.000    0.0002    4.009  422.965    5.989  414.106    1.345
  21060.00 0.141     685.442       7.972    1460.000       0.000    0.0002    4.449  522.685    6.713  416.451    1.456
  21120.00 0.141     686.045       7.841    1420.000       0.000    0.0002    4.958  577.652    7.003  421.532    1.388
  21180.00 0.143     693.504       9.709    1540.000       0.000    0.0002    5.520  630.915    6.371  428.364    1.421
  21240.00 0.152     701.156       2.311    1580.000       0.000    0.0002    5.955  582.539    7.490  434.795    1.506
  21300.00 0.148     701.388       6.545    1500.000       0.000    0.0002    6.414  694.609    7.534  440.671    1.956
  21360.00 0.149     707.225       9.392    1620.000       0.000    0.0002    6.689  702.705    7.951  445.165    1.844
  21420.00 0.149     710.606       7.954    1580.000       0.000    0.0002    6.794  673.053    6.507  448.143    2.172
  21480.00 0.145     709.899      10.202    1940.000       0.000    0.0002    6.947  680.479    6.778  450.575    1.620
  21540.00 0.148     717.829       4.671    1580.000       0.000    0.0002    6.976  625.810    6.684  453.015    1.693
  21600.00 0.145     720.370       8.504    1620.000       0.000    0.0002    6.914  697.386    7.183  455.186    1.586
  21660.00 0.149     720.295       6.383    1500.000       0.000    0.0002    6.857  721.216    6.213  458.424    1.622
  21720.00 0.149     723.961       7.332    1540.000       0.000    0.0002    6.884  658.711    5.679  461.578    1.751
  21780.00 0.148     723.273       5.488    1540.000       0.000    0.0002    6.772  608.744    6.478  461.651    1.601
  21840.00 0.147     719.338       7.450    1500.000       0.000    0.0002    6.480  560.174    5.966  459.794    1.521
  21900.00 0.154     725.040       8.431    1660.000       0.000    0.0002    6.191  483.267    5.963  458.929    1.553
  21960.00 0.151     726.580      11.410    1700.000       0.000    0.0002    5.858  491.594    6.078  458.242    1.459
  22020.00 0.148     723.894       5.545    1580.000       0.000    0.0002    5.517  527.437    6.824  455.536    1.584
  22080.00 0.143     728.416       3.509    1460.000       0.000    0.0002    5.166  579.026    6.583  451.201    1.452
  22140.00 0.142     709.225       0.000    1540.000       0.000    0.0002    4.901  741.398    6.513  448.075    1.560
  22200.00 0.134     693.297      11.585    1540.000       0.000    0.0002    4.763  780.451    7.002  446.898    1.575
  22260.00 0.138     685.390      11.560    1460.000       0.000    0.0002    4.865  794.668    6.641  446.784    1.463
  22320.00 0.136     684.532      10.935    1460.000       0.000    0.0002    5.172  696.437    6.358  448.480    1.390
  22380.00 0.139     685.659       8.682    1380.000       0.000    0.0002    5.613  722.368    6.642  451.527    1.574
  22440.00 0.144     693.503       7.716    1620.000       0.000    0.0002    5.861  811.425    7.028  453.629    2.082
  22500.00 0.148     702.772       5.446    1540.000       0.000    0.0002    6.080  684.818    7.016  453.965    1.465
  22560.00 0.151     711.068       8.608    1540.000       0.000    0.0002    6.383  718.370    6.327  455.178    1.607
  22620.00 0.154     706.519      10.823    1620.000       0.000    0.0002    6.705  626.044    6.754  460.079    1.594
  22680.00 0.151     707.638       7.120    1540.000       0.000    0.0002    7.016  652.111    6.895  465.115    1.706
  22740.00 0.155     710.490       7.867    1620.000       0.000    0.0002    7.155  560.708    5.826  466.514    1.464
  22800.00 0.151     718.447       9.385    1620.000       0.000    0.0002    7.301  472.276    5.939  467.185    1.330
  22860.00 0.150     719.283       4.691    1540.000       0.000    0.0002    7.599  494.572    6.198  470.902    1.491
  22920.00 0.149     730.805      11.921    1500.000       0.000    0.0002    7.888  442.130    6.148  476.225    1.332
  22980.00 0.151     732.892       4.330    1500.000       0.000    0.0002    8.093  494.147    7.020  480.550    1.465
  23040.00 0.152     738.647       7.375    1500.000       0.000    0.0002    8.270  561.585    6.458  484.879    1.568
  23100.00 0.154     740.508       5.619    1500.000       0.000    0.0002    8.447  664.048    7.559  489.876    1.628
  23160.00 0.156     737.997       4.100    1540.000       0.000    0.0002    8.662  707.098    6.403  493.118    1.748
  23220.00 0.160     740.061       7.012    1580.000       0.000    0.0002    8.793  637.029    6.896  497.807    1.801
  23280.00 0.159     732.772       5.942    1580.000       0.000    0.0002    9.113  575.556    6.441  506.587    1.609
  23340.00 0.160     728.257       3.058    1580.000       0.000    0.0002    9.651  616.548    6.123  516.809    1.640
  23400.00 0.169     740.694       7.601    1500.000       0.000    0.0002   10.320  805.224    7.586  527.793    1.959
  23460.00 0.167     741.166       7.085    1740.000       0.000    0.0002   11.120 1000.060    7.933  540.690    2.220
  23520.00 0.172     744.034       9.176    1580.000       0.000    0.0002   11.822  967.242    8.629  552.057    2.732
  23580.00 0.172     737.106      11.489    1940.000       0.000    0.0002   12.336  982.324   10.446  557.468    2.339
  23640.00 0.178     732.747      10.027    1940.000       0.000    0.0002   12.403 1216.948    9.722  563.882    2.550
  23700.00 0.177     734.207      11.559    1940.000       0.000    0.0002   12.099 1218.347    8.310  571.696    2.377
  23760.00 0.169     726.609       7.244    1940.000       0.000    0.0002   11.605 1119.129    7.574  574.989    1.933
  23820.00 0.177     717.372       5.698    1940.000       0.000    0.0002   11.167  837.136    7.569  579.061    1.800
  23880.00 0.178     744.499      12.483    1580.000       0.000    0.0002   10.812  783.275    7.270  581.038    1.576
  23940.00 0.171     743.262       8.956    1660.000       0.000    0.0002   10.814  889.579    6.887  576.107    1.635
  24000.00 0.174     739.269       7.567    1580.000       0.000    0.0002   10.744  798.327    7.568  571.795    1.817
  24060.00 0.167     747.438       8.082    1700.000       0.000    0.0002   10.495  686.119    7.875  572.529    1.864
  24120.00 0.163     752.553       8.979    1660.000       0.000    0.0002   10.218  667.135    7.271  569.326    2.035
  24180.00 0.163     747.354       8.520    1940.000       0.000    0.0002    9.801  684.832    7.669  563.562    1.828
  24240.00 0.169     763.055       7.608    1940.000       0.000    0.0002    9.387  683.370    7.411  560.971    1.679
  24300.00 0.166     753.098       9.280    1660.000       0.000    0.0002    8.987  754.507    7.165  559.174    1.825
  24360.00 0.171     763.943       6.457    1940.000       0.000    0.0002    8.522  848.808    8.265  553.345    1.983
  24420.00 0.163     754.294       7.237    1540.000       0.000    0.0002    7.920  894.213    7.732  544.206    2.138
  24480.00 0.158     753.929      11.525    1940.000       0.000    0.0002    7.179  908.145    7.385  535.412    1.933
  24540.00 0.153     746.262       6.230    1940.000       0.000    0.0002    6.401  721.832    5.333  528.742    1.543
  24600.00 0.150     748.990      11.010    1660.000       0.000    0.0002    5.790  550.891    5.366  521.197    1.535
  24660.00 0.145     740.739       6.790    1540.000       0.000    0.0002    5.396  385.310    5.156  515.779    1.351
  24720.00 0.146     741.074       4.765    1580.000       0.000    0.0002    5.398  370.599    5.171  513.297    1.523
  24780.00 0.148     736.903      13.740    1540.000       0.000    0.0002    5.533  385.234    5.831  510.967    1.320
  24840.00 0.148     740.198      10.840    1540.000       0.000    0.0002    5.744  412.936    5.952  509.122    1.309
  24900.00 0.153     745.440       7.744    1500.000       0.000    0.0002    5.962  555.655    6.714  508.310    1.435
  24960.00 0.153     744.792       6.358    1500.000       0.000    0.0002    6.133  645.434    7.804  508.079    1.675
  25020.00 0.154     753.312      12.393    1460.000       0.000    0.0002    6.134  759.423    9.037  507.666    1.960
  25080.00 0.151     753.053       7.205    1940.000       0.000    0.0002    5.917  844.216    7.154  506.992    1.915
  25140.00 0.154     753.249       7.956    2020.000       0.000    0.0002    5.631  566.592    5.894  504.265    1.510
  25200.00 0.149     756.525       3.377    1660.000       0.000    0.0002    5.494  518.745    5.362  501.571    1.429
  25260.00 0.146     749.282       6.110    1620.000       0.000    0.0002    5.345  389.923    4.593  499.438    1.157
  25320.00 0.151     747.819       8.595    1540.000       0.000    0.0002    5.139  280.901    4.898  497.166    1.171
  25380.00 0.147     748.053      10.582    1500.000       0.000    0.0002    4.983  312.411    4.924  494.216    1.244
  25440.00 0.149     744.131       4.590    1580.000       0.000    0.0002    4.907  359.379    5.485  492.447    1.370
  25500.00 0.146     735.638       4.631    1500.000       0.000    0.0002    4.948  375.751    6.381  492.824    1.414
  25560.00 0.137     748.485       7.059    1500.000       0.000    0.0002    5.023  401.384    5.746  493.835    1.391
  25620.00 0.140     742.657      10.350    1500.000       0.000    0.0002    5.166  406.150    6.476  494.757    1.486
  25680.00 0.137     745.979       1.174    1500.000       0.000    0.0002    5.315  500.630    6.191  494.884    1.636
  25740.00 0.137     752.786      12.250    1500.000       0.000    0.0002    5.485  524.408    6.186  493.354    1.459
  25800.00 0.132     756.015       2.583    1500.000       0.000    0.0002    5.503  439.085    6.047  491.809    1.361
  25860.00 0.131     754.030       6.530    1580.000       0.000    0.0002    5.549  561.623    7.388  491.829    1.375
  25920.00 0.128     739.006       7.648    1540.000       0.000    0.0002    5.675  712.132    6.417  494.395    1.500
  25980.00 0.129     755.925       4.906    1500.000       0.000    0.0002    5.836  769.240    6.945  498.686    1.842
  26040.00 0.126     745.736       5.698    1580.000       0.000    0.0002    6.030  920.953    7.264  502.340    1.995
  26100.00 0.128     745.181       4.381    1580.000       0.000    0.0002    6.083  885.240    8.809  503.864    2.542
  26160.00 0.125     754.481       3.718    1940.000       0.000    0.0002    5.827  970.398    9.263  501.145    2.388
  26220.00 0.127     749.060      14.549    1940.000       0.000    0.0002    5.246  877.583    6.924  496.659    1.963
  26280.00 0.130     748.705      10.356    1940.000       0.000    0.0002    4.586  733.707    5.499  494.241    1.680
  26340.00 0.123     743.730       2.460    1940.000       0.000    0.0002    3.914  407.055    6.205  487.953    1.334
  26400.00 0.120     754.501       2.607    1580.000       0.000    0.0002    3.256  348.852    5.627  478.431    1.202
  26460.00 0.120     741.466       5.499    1580.000       0.000    0.0002    2.845  345.322    5.197  470.387    1.300
  26520.00 0.118     730.725      10.600    1540.000       0.000    0.0002    2.628  321.853    5.102  463.302    1.198
  26580.00 0.114     727.527       8.903    1460.000       0.000    0.0002    2.489  284.973    4.556  457.477    0.994
  26640.00 0.117     732.765       9.813    1460.000       0.000    0.0002    2.351  213.784    3.961  452.396    0.894
  26700.00 0.120     725.633      16.449    1460.000       0.000    0.0002    2.255  150.841    3.321  448.212    0.864
  26760.00 0.126     724.574       7.597    1620.000       0.000    0.0002    2.240  151.460    4.313  444.403    0.873
  26820.00 0.128     714.608      10.057    1420.000       0.000    0.0002    2.287  173.759    4.324  439.980    0.961
  26880.00 0.129     717.736       6.981    1460.000       0.000    0.0002    2.379  193.966    4.065  436.526    0.924
  26940.00 0.123     720.594      19.485    1460.000       0.000    0.0002    2.468  183.433    3.908  434.324    1.034
  27000.00 0.128     735.105      11.090    1460.000       0.000    0.0002    2.481  160.263    4.340  432.308    1.077
  27060.00 0.124     723.654       6.562    1460.000       0.000    0.0002    2.492  164.840    4.477  430.793    0.991
  27120.00 0.124     727.402       7.362    1460.000       0.000    0.0002    2.479  185.361    4.525  429.302    1.037
  27180.00 0.124     719.213       5.157    1500.000       0.000    0.0002    2.494  245.681    4.825  427.595    0.990
  27240.00 0.121     716.518       1.336    1460.000       0.000    0.0002    2.498  238.714    5.274  426.112    0.926
  27300.00 0.117     730.981       0.000    1420.000       0.000    0.0002    2.485  219.722    4.159  425.009    0.982
  27360.00 0.122     729.018       6.854    1420.000       0.000    0.0002    2.533  242.531    3.955  424.173    1.063
  27420.00 0.120     723.673      12.286    1420.000       0.000    0.0002    2.661  314.525    5.249  425.399    1.321
  27480.00 0.116     712.632      12.674    1420.000       0.000    0.0002    2.916  359.821    6.401  428.585    1.463
  27540.00 0.111     706.667       8.596    1380.000       0.000    0.0002    3.283  512.519    7.245  431.570    1.504
  27600.00 0.120     714.472       5.244    1460.000       0.000    0.0002    3.618  635.863    7.509  434.102    1.729
  27660.00 0.118     724.845       6.915    1500.000       0.000    0.0002    3.802  669.184    7.124  435.566    1.687
  27720.00 0.125     714.531       9.492    1620.000       0.000    0.0002    3.661  523.766    6.623  433.592    1.689
  27780.00 0.127     718.161       2.529    1660.000       0.000    0.0002    3.325  427.082    5.677  431.173    1.321
  27840.00 0.126     717.287      13.256    1580.000       0.000    0.0002    2.960  343.836    5.344  431.576    1.127
  27900.00 0.128     707.390       4.876    1540.000       0.000    0.0002    2.771  265.116    6.150  431.000    1.108
  27960.00 0.131     709.627       7.910    1540.000       0.000    0.0002    2.736  254.323    5.645  428.819    1.068
  28020.00 0.131     709.665       7.361    1420.000       0.000    0.0002    2.732  238.020    5.321  427.969    1.179
  28080.00 0.132     707.273       3.748    1460.000       0.000    0.0002    2.792  269.199    5.540  428.275    1.203
  28140.00 0.132     697.930       6.470    1420.000       0.000    0.0002    2.939  263.626    5.237  428.801    1.079
  28200.00 0.136     705.314       4.668    1540.000       0.000    0.0002    3.174  281.088    5.098  429.175    1.153
  28260.00 0.137     704.643       8.393    1380.000       0.000    0.0002    3.556  353.445    5.726  430.974    1.550
  28320.00 0.138     704.326       5.035    1580.000       0.000    0.0002    3.999  496.284    7.298  436.492    1.646
  28380.00 0.137     710.819       4.591    1420.000       0.000    0.0002    4.636  648.432    7.944  444.977    1.650
  28440.00 0.141     715.199      11.330    1460.000       0.000    0.0002    5.396  767.463    9.199  453.876    2.126
  28500.00 0.147     716.572       5.491    1580.000       0.000    0.0002    6.214  909.910    8.484  460.784    2.158
  28560.00 0.148     732.303      12.368    1940.000       0.000    0.0002    6.767  815.494    7.365  466.169    1.697
  28620.00 0.154     733.450       5.310    1940.000       0.000    0.0002    6.933  667.033    7.577  472.141    1.901
  28680.00 0.152     749.984       8.213    1940.000       0.000    0.0002    6.733  679.731    6.460  475.244    1.551
  28740.00 0.152     756.950       9.021    1940.000       0.000    0.0002    6.364  570.043    6.340  475.441    1.554
  28800.00 0.155     753.438      11.073    1620.000       0.000    0.0002    5.991  569.926    5.948  475.474    1.588
